Frame#,Time,R.Clavicle.x,R.Clavicle.y,R.Clavicle.z,L.Clavicle.x,L.Clavicle.y,L.Clavicle.z,R.Scapula.x,R.Scapula.y,R.Scapula.z,L.Scapula.x,L.Scapula.y,L.Scapula.z,R.Scap.Inf.x,R.Scap.Inf.y,R.Scap.Inf.z
1,0,-1385.12024,-138.61905,1289.89441,-1410.28003,52.23841,1303.70068,-1526.93494,-154.09477,1316.18347,-1547.69836,13.75203,1310.41821,-1577.49365,-132.75868,1242.57837
2,0.008,-1380.54553,-141.12997,1290.32813,-1404.08545,50.18139,1301.62109,-1522.35535,-153.84232,1315.75769,-1543.07019,14.43548,1309.58423,-1572.72522,-132.94026,1242.53589
3,0.017,-1376.88208,-141.68111,1290.61133,-1399.47229,49.53147,1303.37122,-1517.99536,-153.70508,1315.28955,-1539.76099,13.71057,1309.64905,-1568.61694,-133.36066,1242.37537
4,0.025,-1372.12158,-139.57158,1289.81897,-1398.20679,50.16139,1303.34753,-1513.52625,-154.2742,1314.71912,-1534.68469,13.93075,1309.71899,-1564.48682,-132.30832,1241.73535
5,0.033,-1367.53821,-138.91853,1289.151,-1390.31213,50.57428,1302.651,-1508.90906,-154.31401,1314.69177,-1529.67102,14.10313,1308.82544,-1560.21716,-133.01448,1241.2428
6,0.042,-1363.5769,-139.46449,1288.07581,-1388.05896,51.70636,1302.28564,-1504.51978,-154.05858,1313.74048,-1526.1543,14.61623,1308.68115,-1555.63318,-132.9274,1240.58655
7,0.05,-1359.51025,-139.46088,1287.9353,-1381.75745,51.36126,1301.52026,-1500.1416,-153.50978,1313.53394,-1521.85962,14.08109,1307.17505,-1550.49268,-132.65103,1240.33777
8,0.058,-1354.72522,-139.36691,1286.64709,-1380.72302,51.68613,1300.70496,-1495.76208,-153.93964,1312.35181,-1517.38562,14.10806,1307.0426,-1546.45532,-132.72136,1239.60608
9,0.067,-1350.33606,-139.35974,1286.92236,-1373.65808,52.10557,1299.99585,-1491.84265,-153.61497,1311.74255,-1512.15247,14.33815,1307.11279,-1542.91345,-132.63972,1239.20447
10,0.075,-1345.96289,-140.71066,1285.57153,-1371.39856,53.63593,1299.71301,-1486.64478,-152.75023,1311.30774,-1508.34424,15.03255,1305.98462,-1538.65161,-131.67932,1238.31152
11,0.083,-1341.30774,-138.89513,1285.04712,-1364.39685,50.71135,1297.83887,-1482.70447,-153.06961,1311.0907,-1504.40234,15.40468,1305.69897,-1533.17639,-131.71918,1237.23303
12,0.092,-1336.63684,-137.45399,1284.41492,-1361.24097,53.19058,1298.14661,-1477.62378,-152.28934,1309.87927,-1499.479,15.72156,1304.72241,-1528.8811,-130.80176,1236.7876
13,0.1,-1333.1499,-137.55458,1284.4292,-1355.13501,52.58733,1297.59326,-1474.7196,-152.23085,1308.97278,-1494.4021,16.06538,1304.453,-1524.55457,-130.50049,1235.87915
14,0.108,-1329.0957,-137.0932,1283.03809,-1353.58643,53.67807,1297.21057,-1469.54785,-151.28313,1308.49573,-1490.11035,16.55758,1302.96509,-1521.15918,-129.45248,1235.25146
15,0.117,-1323.56274,-134.86041,1282.63904,-1346.13354,54.3971,1295.82153,-1464.72327,-150.11932,1307.77808,-1486.24939,18.18648,1302.5719,-1516.28235,-129.017,1234.22473
16,0.125,-1319.26636,-135.47394,1281.6969,-1343.44153,55.60321,1296.61804,-1460.57324,-149.57028,1306.57019,-1481.02417,17.62575,1301.46838,-1510.83459,-128.25522,1233.0675
17,0.133,-1315.74207,-135.54851,1281.76831,-1337.41309,54.62842,1294.57605,-1455.35449,-148.77113,1305.42102,-1476.46313,18.39973,1301.42188,-1506.34509,-127.27467,1232.90442
18,0.142,-1310.65454,-132.899,1281.3374,-1332.82629,56.48112,1294.45447,-1452.53723,-148.16402,1304.80029,-1472.20618,19.66919,1300.47644,-1502.22644,-126.07861,1231.54126
19,0.15,-1305.96692,-134.10805,1280.24768,-1327.80286,56.1664,1293.05579,-1447.75366,-147.40707,1304.72583,-1467.51038,20.83389,1299.67676,-1497.83997,-125.55978,1231.25208
20,0.158,-1301.45667,-135.02805,1279.73975,-1325.97168,58.24395,1292.75623,-1442.88879,-146.21646,1304.21313,-1463.19971,22.01541,1298.24719,-1492.88794,-123.99342,1229.85022
21,0.167,-1296.36743,-133.21266,1279.62268,-1320.78333,61.00402,1292.92859,-1437.94958,-144.82411,1303.03674,-1458.08545,23.78033,1297.14355,-1488.51135,-123.1055,1229.10876
22,0.175,-1291.58191,-132.17551,1278.31116,-1315.0863,59.70967,1290.23254,-1432.43152,-144.20776,1302.53674,-1453.52075,24.58859,1296.53491,-1483.58154,-122.05664,1228.48047
23,0.183,-1288.91528,-130.89058,1278.37439,-1307.7478,60.65911,1289.37146,-1429.43445,-141.7776,1301.5332,-1449.17773,25.95034,1295.00891,-1479.03186,-120.53403,1227.65686
24,0.192,-1282.28833,-128.95428,1277.57727,-1304.85242,62.87954,1289.25427,-1426.05957,-141.40082,1300.97034,-1444.20654,26.42417,1295.40662,-1474.04785,-119.92712,1227.32178
25,0.2,-1278.81506,-127.2506,1276.53345,-1298.70142,62.61391,1288.52271,-1419.64771,-139.77197,1299.771,-1438.52649,28.47149,1293.59546,-1469.4469,-118.03313,1226.06323
26,0.208,-1273.18555,-126.52551,1276.47449,-1295.32361,66.22786,1288.53247,-1415.43787,-138.39868,1298.89648,-1433.91846,29.68469,1292.93884,-1465.58533,-116.07926,1224.97461
27,0.217,-1269.25439,-125.54127,1275.75024,-1291.06555,65.79568,1287.58765,-1410.76294,-137.09717,1297.97644,-1428.38135,30.53426,1291.8092,-1460.2334,-114.47378,1223.5553
28,0.225,-1264.11047,-125.45487,1275.23364,-1284.75354,68.66615,1287.16992,-1405.48535,-135.44479,1296.8894,-1423.85999,33.40856,1291.474,-1455.13416,-112.78457,1223.05591
29,0.233,-1259.95435,-121.98785,1274.6405,-1280.37,68.94288,1286.08093,-1400.57263,-133.47243,1296.88416,-1418.08606,35.12681,1289.92773,-1450.70654,-111.07009,1222.91895
30,0.242,-1256.46655,-120.84827,1274.3634,-1273.87402,72.06927,1285.3374,-1394.96594,-132.05447,1296.03247,-1412.93848,35.79245,1289.58923,-1444.88599,-109.23818,1221.59619
31,0.25,-1249.9624,-120.33015,1274.97803,-1270.64429,71.63898,1285.10828,-1390.13318,-130.0417,1296.49329,-1408.83362,38.68772,1289.82239,-1440.47559,-106.85815,1221.96753
32,0.258,-1245.96484,-117.39582,1275.10059,-1264.55371,74.76702,1285.60596,-1385.25159,-128.26485,1296.37305,-1403.09534,40.40018,1289.12476,-1434.85889,-106.0211,1221.80884
33,0.267,-1238.99414,-116.65728,1275.05676,-1258.70569,74.55052,1284.21912,-1380.59778,-126.47389,1296.68384,-1398.25244,42.10735,1289.4707,-1429.67639,-104.30902,1221.13586
34,0.275,-1234.13123,-115.79032,1274.73462,-1253.3468,78.03305,1283.79163,-1375.05127,-125.2124,1295.67065,-1393.17578,42.94077,1289.66516,-1424.69348,-101.91917,1221.67432
35,0.283,-1229.42151,-114.85384,1274.9978,-1250.22656,78.36439,1284.85803,-1370.70361,-122.76984,1295.47205,-1388.11365,45.46262,1289.48413,-1419.68237,-100.15086,1221.5011
36,0.292,-1223.97363,-112.16961,1274.49048,-1244.25903,80.5632,1285.32239,-1364.66748,-121.67145,1295.82336,-1383.03577,47.39044,1289.71521,-1414.83899,-98.54804,1221.99231
37,0.3,-1218.7583,-109.92592,1276.86047,-1239.7793,81.94391,1285.91162,-1360.21472,-119.53274,1296.46143,-1377.61768,48.2822,1289.49377,-1409.24707,-97.51561,1221.69556
38,0.308,-1214.37866,-108.72433,1276.74121,-1234.12158,82.99718,1286.04822,-1354.85938,-117.88961,1296.90417,-1372.61926,50.67287,1290.25232,-1402.67871,-95.37388,1222.13489
39,0.317,-1209.47656,-107.63528,1277.10144,-1229.01111,85.07581,1286.24023,-1350.22644,-115.95465,1297.22534,-1368.10193,53.21479,1290.5675,-1398.21411,-92.5429,1222.18311
40,0.325,-1205.90381,-104.42303,1277.90063,-1224.32361,86.32977,1287.58069,-1345.94238,-114.72137,1298.10437,-1362.15552,53.71545,1291.29163,-1393.23987,-91.71203,1222.57837
41,0.333,-1200.47668,-104.01608,1279.67957,-1219.26465,88.18005,1288.90125,-1341.47607,-111.88673,1298.58167,-1357.22156,56.12534,1291.74854,-1387.88245,-89.86709,1223.49414
42,0.342,-1195.28638,-98.62901,1280.07263,-1213.87524,90.48697,1289.24243,-1335.08142,-110.81166,1299.27051,-1352.02771,58.62372,1292.03503,-1382.42041,-87.90121,1223.91638
43,0.35,-1189.68811,-97.85168,1280.58435,-1208.3894,91.61282,1290.37744,-1330.4928,-108.70449,1300.13904,-1347.3717,60.71136,1292.46484,-1378.07617,-85.92535,1224.47888
44,0.358,-1184.09229,-98.13,1282.1283,-1204.01685,93.9229,1291.14209,-1326.24731,-106.83161,1300.69031,-1341.94873,61.91113,1292.78845,-1373.41943,-83.42828,1224.67432
45,0.367,-1180.15735,-96.70343,1283.30115,-1198.58008,96.35885,1292.76404,-1321.51196,-104.71189,1301.70068,-1336.80286,64.22931,1293.58203,-1369.06042,-82.07007,1225.39404
46,0.375,-1176.08008,-91.89963,1283.5603,-1193.28198,98.22728,1293.99573,-1317.00684,-103.11842,1302.07007,-1331.77222,66.75131,1294.12512,-1364.17468,-79.95317,1226.81458
47,0.383,-1170.98401,-92.91028,1284.4325,-1186.50281,98.68211,1294.56848,-1313.05713,-100.28192,1302.96252,-1327.09802,68.19821,1294.86462,-1358.2854,-77.85008,1227.54236
48,0.392,-1166.5553,-89.94951,1286.60864,-1184.45215,101.76917,1296.66907,-1308.47253,-98.81008,1303.43042,-1321.08459,69.56796,1295.29285,-1353.31543,-75.67325,1227.99426
49,0.4,-1161.38538,-88.41103,1288.35071,-1177.92773,104.83358,1297.51355,-1303.47229,-96.1755,1304.93347,-1316.78748,72.53365,1296.00208,-1348.72058,-73.48265,1228.65454
50,0.408,-1158.33521,-87.03613,1288.41736,-1171.90979,105.03337,1297.57837,-1299.31494,-94.67239,1305.79517,-1310.27332,74.70341,1297.50964,-1344.42859,-71.41463,1228.96021
51,0.417,-1154.04797,-83.84488,1289.01184,-1166.79749,106.21396,1298.81909,-1294.61853,-91.98366,1306.00085,-1306.28699,75.59635,1298.14429,-1340.24927,-69.17381,1229.76941
52,0.425,-1148.69751,-83.58097,1289.81421,-1161.69263,107.87519,1299.75623,-1289.6781,-90.07603,1306.9458,-1300.50354,77.88957,1298.97668,-1335.63831,-66.94028,1230.36121
53,0.433,-1144.2666,-82.93516,1291.83252,-1156.68591,109.5621,1300.35901,-1285.94958,-87.72372,1307.26135,-1296.3866,80.84928,1299.35156,-1331.26453,-64.8188,1230.74768
54,0.442,-1140.24939,-81.40565,1293.15588,-1151.65002,110.74527,1300.55237,-1281.67981,-86.32453,1307.78406,-1290.98816,82.27209,1299.19714,-1326.79529,-62.03318,1230.86023
55,0.45,-1136.74463,-79.1727,1293.16431,-1147.31787,111.78075,1302.22961,-1276.57202,-83.7381,1307.9353,-1286.59119,84.02817,1300.26624,-1321.96582,-60.57743,1231.14734
56,0.458,-1131.2594,-78.5234,1293.41589,-1142.07959,112.87018,1301.70239,-1273.55518,-82.55,1308.47839,-1281.98303,86.32581,1300.1936,-1317.81165,-57.81522,1231.5802
57,0.467,-1128.23315,-78.27782,1293.01111,-1138.26074,113.9989,1302.63135,-1270.05859,-81.03452,1308.77502,-1276.52917,88.03803,1300.79382,-1313.62585,-56.27678,1232.19727
58,0.475,-1122.27673,-75.57662,1293.33875,-1132.47839,115.93735,1303.15186,-1265.71826,-78.59726,1309.03943,-1271.5675,89.44084,1301.20679,-1309.37,-54.56974,1232.66724
59,0.483,-1118.69507,-74.22166,1292.50562,-1128.43091,116.30164,1302.44836,-1260.94678,-77.20631,1309.52026,-1266.24976,91.3601,1301.2052,-1305.19238,-52.21103,1233.62488
60,0.492,-1113.4364,-72.87134,1294.36877,-1123.22034,118.6376,1302.98792,-1256.55835,-75.46074,1310.17969,-1261.86072,92.62586,1302.46338,-1300.44165,-50.3597,1233.8429
61,0.5,-1109.91138,-71.29794,1295.29504,-1117.1167,118.8614,1302.77478,-1252.57397,-74.1929,1310.50708,-1257.33203,94.81124,1302.50781,-1296.27502,-48.69658,1234.49634
62,0.508,-1105.10144,-71.57782,1295.36145,-1112.65076,119.36635,1303.20447,-1247.86169,-72.946,1311.08728,-1251.93689,95.64391,1303.36731,-1292.11145,-47.10071,1235.22144
63,0.517,-1102.32739,-70.46048,1295.59741,-1106.43506,121.373,1303.57056,-1244.04333,-71.69916,1311.92566,-1247.31299,97.60518,1303.5719,-1288.14709,-45.43204,1235.09119
64,0.525,-1096.85254,-69.09435,1295.0968,-1102.97363,121.40043,1303.51819,-1239.68933,-70.14227,1312.25464,-1241.65454,98.05515,1304.5376,-1283.88892,-44.54204,1235.86353
65,0.533,-1093.03784,-70.22232,1295.04016,-1097.63379,122.23557,1303.54065,-1235.46619,-69.38776,1313.0415,-1238.11023,100.47136,1304.66809,-1279.448,-42.79508,1236.58704
66,0.542,-1087.84058,-69.24666,1295.4436,-1092.15747,122.75752,1304.5238,-1231.19604,-68.05633,1313.57239,-1232.92273,102.18331,1305.30798,-1275.12866,-41.33002,1237.29761
67,0.55,-1084.7832,-69.34378,1295.50208,-1088.31006,123.39339,1304.20569,-1225.91284,-66.13275,1313.44031,-1228.82471,103.26257,1305.81396,-1271.15955,-39.57186,1237.87488
68,0.558,-1079.80591,-68.13446,1296.61243,-1082.51672,125.03557,1304.1106,-1221.78149,-64.89406,1313.97375,-1223.64087,104.13862,1305.79272,-1266.6106,-38.96875,1238.81836
69,0.567,-1076.94702,-67.13509,1296.11719,-1077.70898,122.93254,1303.87415,-1218.44629,-64.24253,1314.76404,-1217.96912,105.43863,1305.8385,-1262.30872,-37.89783,1239.07532
70,0.575,-1070.94153,-66.95116,1297.19775,-1072.54346,125.48153,1303.96619,-1213.57715,-63.44309,1315.43298,-1213.90735,105.20982,1306.94568,-1258.55212,-37.44846,1239.70862
71,0.583,-1068.34436,-66.8485,1296.64807,-1068.03125,125.26527,1304.26697,-1209.36707,-62.28437,1316.33704,-1209.36707,107.73706,1307.62317,-1253.93347,-35.60439,1240.13184
72,0.592,-1063.65149,-67.0908,1297.64966,-1063.96338,125.96941,1304.87683,-1205.01782,-61.41259,1316.77454,-1204.31018,107.79119,1307.72058,-1249.79871,-34.37368,1240.87231
73,0.6,-1058.66187,-64.81866,1297.64905,-1058.91211,126.12486,1304.71497,-1200.57678,-60.27306,1317.09644,-1199.76343,109.2725,1308.21082,-1245.72937,-33.23325,1240.59009
74,0.608,-1055.27087,-64.0716,1297.58862,-1053.6665,126.58801,1305.23779,-1196.50964,-59.73749,1317.10925,-1195.60547,109.6545,1308.22388,-1241.11572,-32.64035,1241.14258
75,0.617,-1051.52856,-64.33988,1297.65613,-1049.97656,127.56873,1305.09277,-1192.6969,-58.28469,1317.54834,-1190.80347,110.36767,1307.94324,-1237.22888,-31.88075,1241.50842
76,0.625,-1046.9342,-64.6717,1297.60083,-1044.24597,127.49049,1305.66296,-1188.245,-57.65846,1317.37305,-1185.11218,110.32989,1309.12549,-1232.95313,-31.14318,1241.578
77,0.633,-1043.99927,-64.76319,1297.37158,-1040.27539,128.0419,1305.23279,-1184.24255,-57.4488,1316.80481,-1180.60303,111.91062,1308.80017,-1228.53918,-30.39918,1241.70752
78,0.642,-1039.08618,-64.78432,1298.16846,-1037.39832,127.30582,1305.15344,-1180.04395,-57.33577,1317.3418,-1176.6217,112.54083,1309.02917,-1224.4436,-29.60625,1242.1333
79,0.65,-1033.99548,-63.66824,1298.37915,-1030.87769,127.98187,1305.43457,-1175.74915,-56.71889,1317.66602,-1172.91479,111.89349,1309.68604,-1220.84644,-29.03795,1241.97913
80,0.658,-1030.87927,-63.4124,1297.92126,-1026.20288,127.58009,1304.88403,-1171.80762,-56.16867,1318.46484,-1168.30261,112.67417,1309.44409,-1217.65613,-28.18621,1242.23547
81,0.667,-1028.28931,-64.27389,1297.71643,-1022.78717,126.52351,1303.5835,-1167.92932,-56.68957,1318.1571,-1163.16895,113.41856,1308.81592,-1213.51038,-27.78568,1242.74182
82,0.675,-1023.08081,-64.34005,1297.28955,-1017.74951,127.53211,1303.94934,-1163.02124,-55.93398,1318.11292,-1158.97705,113.23006,1308.70483,-1209.24438,-28.19302,1242.76929
83,0.683,-1018.49121,-64.14986,1298.66248,-1013.47357,127.02021,1303.19238,-1158.81274,-55.56721,1318.82251,-1153.96704,112.98128,1308.92639,-1204.78015,-27.69926,1242.97766
84,0.692,-1014.48547,-64.35978,1296.54797,-1008.77618,126.65157,1303.46606,-1155.29688,-56.50583,1318.04272,-1150.1615,112.66053,1309.34717,-1200.79712,-27.62581,1243.09192
85,0.7,-1009.58612,-65.18108,1296.28772,-1003.81049,125.76197,1303.40137,-1150.82532,-56.78024,1317.98926,-1145.33093,112.6303,1309.08228,-1196.8866,-27.48333,1243.16968
86,0.708,-1005.46765,-66.2231,1296.87439,-1000.1488,126.26849,1303.27405,-1146.7373,-56.74614,1317.88843,-1141.53564,112.32047,1308.91443,-1192.42444,-28.14094,1242.86938
87,0.717,-1002.79333,-66.07703,1296.526,-995.23328,126.09601,1302.93286,-1141.97729,-56.48617,1317.59167,-1136.11499,112.26168,1308.68481,-1188.39319,-27.79731,1242.80225
88,0.725,-998.32666,-64.72194,1294.85913,-991.59167,125.58337,1302.23828,-1137.38403,-56.82238,1317.3595,-1132.01941,112.25961,1308.12598,-1184.51013,-28.24481,1242.51782
89,0.733,-992.89948,-67.61778,1295.07434,-986.78961,124.2867,1302.06335,-1133.03613,-57.23366,1317.55762,-1128.60437,112.07096,1309.44165,-1179.51758,-29.48978,1242.13318
90,0.742,-989.27539,-67.80016,1294.7124,-982.0885,123.61104,1301.59363,-1128.86047,-58.45928,1316.69507,-1122.66187,111.09328,1308.06543,-1175.60193,-29.92342,1242.1073
91,0.75,-986.12146,-68.48433,1293.65283,-977.87463,124.25489,1301.42444,-1124.19617,-57.89273,1317.20081,-1117.72961,110.0041,1308.30359,-1171.21716,-30.20589,1241.97949
92,0.758,-980.42889,-67.18858,1294.33374,-973.22491,123.45838,1301.94666,-1120.32397,-59.68317,1316.91296,-1116.30835,110.47438,1308.09814,-1166.82104,-30.74681,1241.88074
93,0.767,-974.83118,-69.18707,1293.45105,-969.05359,122.03066,1301.22864,-1115.81152,-59.82539,1316.38293,-1111.03638,109.64771,1307.95984,-1161.9696,-31.33264,1241.55859
94,0.775,-970.32178,-70.13199,1293.34253,-964.95276,121.49432,1300.55396,-1111.50879,-61.04171,1315.75293,-1105.23315,108.01479,1307.31873,-1157.92542,-32.09091,1241.01587
95,0.783,-967.20947,-70.07406,1292.00195,-959.52313,121.49751,1300.27881,-1107.03735,-61.90893,1314.52783,-1102.63367,107.17905,1306.85779,-1153.78796,-33.88734,1240.65625
96,0.792,-961.784,-71.72885,1291.37378,-955.72656,120.68011,1300.2168,-1102.86096,-62.74991,1314.65588,-1097.15369,106.07934,1306.97937,-1149.50842,-34.51309,1240.6394
97,0.8,-957.77637,-73.75883,1291.7345,-951.49585,118.22446,1299.82275,-1098.40967,-64.13831,1314.4989,-1094.89001,105.37527,1306.9541,-1144.88196,-35.16455,1240.04578
98,0.808,-952.40881,-73.43584,1290.7345,-948.37372,117.69195,1299.35437,-1094.06226,-64.08835,1314.1936,-1089.19067,103.97781,1306.52307,-1140.38696,-36.0172,1239.30396
99,0.817,-948.43744,-73.80759,1290.20044,-943.13025,116.44807,1298.93945,-1089.76843,-65.67003,1313.50562,-1084.43518,103.07848,1305.82727,-1135.28284,-37.62556,1239.02026
100,0.825,-944.67371,-76.15092,1289.59387,-938.16266,116.25721,1297.74841,-1084.948,-67.38014,1312.80615,-1081.79651,102.7336,1305.65027,-1130.6272,-39.35598,1238.72107
101,0.833,-939.05695,-77.13947,1288.87488,-934.89465,115.29892,1297.50586,-1080.97205,-69.45606,1312.10132,-1076.3988,101.19932,1304.9342,-1126.71887,-40.382,1237.60376
102,0.842,-934.32574,-77.97954,1288.39124,-930.53149,113.09291,1296.31812,-1075.63379,-69.65028,1311.83508,-1071.83789,99.50675,1304.52637,-1122.32166,-41.98416,1237.38513
103,0.85,-930.01361,-79.47536,1287.93774,-926.30737,112.64001,1296.93701,-1071.03479,-71.70735,1310.77722,-1068.7395,97.84681,1304.43005,-1116.90295,-43.11772,1236.76086
104,0.858,-925.71307,-80.54707,1287.60388,-921.87787,110.68773,1295.72327,-1066.45886,-73.5431,1309.9563,-1064.44641,96.42591,1303.86938,-1112.96875,-45.17202,1235.42761
105,0.867,-921.39044,-81.68091,1286.6637,-917.78412,109.65044,1296.06628,-1062.81982,-75.17785,1308.98108,-1059.31567,94.68942,1303.19995,-1108.33643,-46.63366,1234.70276
106,0.875,-916.42896,-83.58876,1285.72949,-912.48383,109.16409,1294.78015,-1056.85913,-75.81172,1308.85828,-1055.96838,92.353,1302.43652,-1103.79846,-48.69643,1234.01025
107,0.883,-911.16003,-84.92815,1285.10522,-908.08209,106.32438,1294.10559,-1052.6001,-77.20169,1307.72205,-1051.29675,91.18961,1301.02173,-1098.73486,-49.88069,1233.86426
108,0.892,-907.12207,-86.93614,1284.54407,-905.81348,105.25547,1293.19043,-1047.96948,-80.56024,1306.53125,-1047.09692,89.88335,1300.97424,-1094.71631,-51.48429,1232.75452
109,0.9,-902.36127,-88.62249,1284.2572,-900.83679,103.53001,1292.49597,-1044.18372,-81.79813,1306.39465,-1041.31396,87.75735,1299.3208,-1089.8429,-53.65971,1231.32214
110,0.908,-897.61584,-88.87753,1283.10498,-896.22656,101.37611,1291.79285,-1039.30811,-83.81304,1305.54395,-1037.46252,85.17484,1298.80432,-1085.31677,-56.15707,1230.61462
111,0.917,-892.75031,-91.27026,1282.66492,-891.86169,99.7199,1292.10962,-1034.13354,-86.1906,1304.28394,-1033.47852,83.23569,1298.76123,-1080.50415,-57.65301,1229.48755
112,0.925,-887.85907,-93.15042,1281.98523,-888.51477,98.56664,1292.00977,-1028.73755,-89.08385,1303.18164,-1029.65076,81.29607,1297.97583,-1075.33606,-60.29519,1228.80652
113,0.933,-883.46295,-95.4746,1281.54761,-883.92688,96.5349,1291.87537,-1024.18323,-90.96496,1302.70715,-1024.18262,78.85822,1297.26575,-1070.77246,-62.08913,1228.23792
114,0.942,-878.96198,-97.55376,1280.7887,-877.95941,94.5833,1291.94287,-1019.77991,-91.63082,1302.37695,-1020.38489,76.41602,1297.25793,-1066.25317,-64.90196,1227.72473
115,0.95,-873.73944,-98.36185,1279.95447,-873.84821,93.79331,1291.77454,-1015.39606,-96.09758,1301.95227,-1016.15051,74.39967,1296.5481,-1061.38074,-65.88127,1227.81104
116,0.958,-868.41339,-101.22012,1279.27844,-869.09375,90.5752,1292.07825,-1009.92816,-97.17999,1301.41077,-1012.05878,72.44331,1297.44055,-1056.26855,-69.67829,1227.50513
117,0.967,-864.2157,-101.84802,1279.26819,-866.00073,89.96901,1292.6012,-1005.48657,-99.32077,1301.88513,-1007.17133,70.66595,1297.54089,-1051.9104,-71.74778,1226.99976
118,0.975,-858.98883,-103.8,1278.97961,-860.69727,87.00095,1292.71179,-1000.65454,-101.73151,1301.92712,-1002.12366,68.24949,1297.69727,-1046.74561,-74.10303,1227.01282
119,0.983,-854.08942,-106.50446,1278.9718,-856.39282,84.25156,1293.23718,-996.23291,-104.26544,1302.24475,-996.72076,65.49075,1297.37683,-1042.52612,-76.48239,1227.32666
120,0.992,-850.23932,-107.54301,1280.17505,-851.36761,82.7881,1293.28101,-991.66736,-105.5534,1301.67932,-993.17944,64.53963,1297.57715,-1038.0874,-78.24113,1227.94299
121,1,-844.67731,-110.54547,1280.10413,-846.60516,81.39877,1294.05151,-986.00299,-107.23817,1301.98608,-989.65015,62.05058,1299.15027,-1033.36719,-80.31117,1228.22217
122,1.008,-841.03613,-112.25582,1280.59973,-841.9718,78.82721,1294.91235,-982.1109,-111.41272,1302.31091,-984.55328,60.10098,1299.55969,-1028.38818,-82.0763,1228.51416
123,1.017,-836.62341,-114.9029,1281.64465,-838.93665,76.95126,1295.49988,-977.56329,-112.55755,1302.56824,-978.97034,56.70859,1300.09998,-1024.30701,-84.94468,1229.453
124,1.025,-831.12457,-116.33458,1282.14697,-833.26215,75.51091,1296.61353,-972.89429,-114.49319,1303.83716,-975.19855,54.97247,1301.42249,-1019.26416,-86.46822,1229.84827
125,1.033,-825.98834,-117.76532,1283.31189,-829.10443,73.59493,1297.69312,-968.56146,-117.36416,1304.56165,-972.90887,53.73636,1302.23816,-1015.0412,-88.50842,1230.2561
126,1.042,-822.17749,-121.12933,1285.00806,-825.3963,71.34508,1298.57678,-964.42792,-119.21042,1305.07043,-967.25024,50.12909,1302.31958,-1010.8302,-90.32863,1230.92993
127,1.05,-817.94373,-121.70875,1285.75366,-821.2099,69.64021,1299.43896,-959.86652,-121.20528,1306.06116,-964.27277,49.46848,1304.20618,-1006.43799,-92.98597,1231.66113
128,1.058,-813.36243,-123.31295,1286.86841,-817.12683,67.29475,1301.04346,-955.33728,-122.62894,1306.65173,-958.66718,47.3182,1304.88721,-1001.23071,-95.19825,1232.68677
129,1.067,-808.12396,-125.51891,1287.51819,-813.96692,65.51292,1302.44568,-951.23346,-125.777,1307.96533,-955.57184,44.32912,1305.72229,-996.89954,-97.37641,1233.52429
130,1.075,-804.0625,-127.40654,1288.38538,-809.07269,64.0715,1303.45032,-946.38745,-127.92719,1308.64075,-951.24451,43.13931,1306.79724,-992.37335,-100.05033,1234.13953
131,1.083,-800.02393,-129.65881,1290.43152,-806.75787,61.46527,1304.16919,-942.57324,-129.25281,1309.65735,-949.09644,39.38512,1307.90198,-987.9826,-101.66127,1234.66333
132,1.092,-795.88184,-131.37888,1291.63013,-801.46924,61.00044,1305.64502,-938.51929,-132.17879,1310.78137,-943.23633,37.11694,1308.50269,-984.08087,-104.16959,1235.73877
133,1.1,-791.25909,-133.82568,1292.63257,-797.60803,58.66415,1306.77368,-933.72644,-134.47652,1311.50293,-937.98181,35.79075,1309.16479,-979.31897,-106.6769,1236.28577
134,1.108,-786.89655,-136.43813,1293.10535,-793.24347,56.60718,1307.44824,-929.41199,-135.81682,1312.37073,-935.52856,32.4847,1309.82825,-975.45264,-108.51528,1236.79712
135,1.117,-782.49158,-136.50526,1294.12317,-790.2738,55.16467,1309.47656,-925.0993,-137.38945,1312.94702,-932.24341,30.93955,1311.45691,-970.4082,-111.17855,1238.02148
136,1.125,-777.78339,-139.6057,1295.21252,-786.81964,53.1382,1309.01941,-920.02051,-140.78429,1313.57605,-927.1095,29.10839,1311.37671,-965.54236,-113.70892,1238.10352
137,1.133,-773.57599,-140.64502,1296.21021,-781.93463,51.05514,1309.71826,-916.5119,-142.38708,1314.22461,-923.76025,25.8556,1311.81421,-961.32422,-114.81458,1238.51416
138,1.142,-769.52118,-142.29004,1296.23914,-778.10529,50.91927,1311.54358,-911.04761,-143.81601,1315.03296,-919.29205,24.24528,1312.41919,-957.46643,-117.69341,1239.64771
139,1.15,-765.68939,-143.7594,1295.96997,-774.68121,48.1586,1311.60303,-906.38788,-146.79726,1314.52075,-915.61597,22.21666,1312.4696,-952.62347,-120.64203,1240.4967
140,1.158,-761.12048,-144.39972,1295.59802,-770.55664,46.12649,1311.53418,-902.16724,-148.49295,1314.98999,-911.34296,19.53769,1313.43909,-948.4361,-122.13589,1241.09509
141,1.167,-755.5542,-147.1124,1296.96436,-765.85944,45.62151,1311.78674,-897.73639,-151.12219,1315.58752,-908.47174,18.47551,1314.04626,-943.85272,-123.49773,1241.50037
142,1.175,-750.5675,-150.14322,1297.70447,-763.13934,44.34196,1312.17468,-893.20544,-152.21796,1316.66895,-904.39044,15.79706,1314.52734,-939.75464,-127.18935,1241.8894
143,1.183,-746.28296,-151.25175,1297.69067,-758.49695,42.60707,1312.82983,-888.263,-153.202,1316.5564,-900.18536,14.11,1314.71521,-935.32959,-129.21332,1242.70691
144,1.192,-741.66901,-151.59648,1297.59497,-754.37164,40.91634,1312.91284,-884.5509,-157.55769,1317.09009,-896.12213,12.46702,1315.04749,-931.15637,-129.99838,1242.87634
145,1.2,-736.4577,-152.28313,1297.35706,-751.66388,39.75842,1312.44971,-879.17303,-158.23454,1317.62146,-891.76593,10.74242,1315.1571,-927.36914,-132.3829,1242.6814
146,1.208,-731.74121,-153.6862,1297.97485,-746.93152,37.87314,1312.28003,-875.06714,-160.02121,1317.51697,-887.90637,8.74947,1315.47803,-922.58691,-134.61633,1243.90759
147,1.217,-728.93018,-155.26622,1298.10205,-742.42297,37.20141,1312.07349,-870.25134,-160.60194,1317.29248,-884.32849,7.32868,1316.12659,-917.78711,-136.51546,1244.73669
148,1.225,-725.50342,-155.93109,1297.38708,-739.23212,35.05209,1312.62537,-865.97717,-163.02649,1317.73657,-879.50574,6.24583,1315.96204,-914.10419,-138.28555,1244.28052
149,1.233,-719.57892,-156.40352,1296.54614,-736.08606,34.46233,1312.0896,-861.341,-163.50841,1318.69592,-876.38501,4.08319,1315.90198,-910.0036,-138.63344,1244.27478
150,1.242,-716.22565,-158.21376,1296.92786,-730.68707,33.30704,1312.35168,-856.88538,-164.3233,1319.57178,-871.70532,2.57911,1317.04956,-906.29211,-141.44772,1245.06848
151,1.25,-712.07758,-158.24202,1296.38037,-726.92206,32.31852,1312.31714,-852.18262,-167.5435,1319.69592,-868.51379,2.07764,1318.07507,-901.30298,-143.64224,1245.9812
152,1.258,-707.06091,-159.6656,1296.32886,-723.85693,32.0862,1311.51697,-848.0459,-169.60152,1319.51172,-863.526,0.91331,1318.42688,-898.47498,-145.51344,1246.57288
153,1.267,-702.90533,-161.00121,1296.16028,-718.73779,31.61635,1311.50012,-843.97821,-170.11906,1321.03284,-860.02948,-0.97289,1318.11023,-893.24274,-146.49017,1246.83911
154,1.275,-699.09888,-160.33812,1296.47131,-716.57397,29.50863,1312.32751,-839.48541,-169.60909,1320.73547,-855.44855,-1.61564,1318.78625,-889.53912,-147.5354,1247.32031
155,1.283,-694.9668,-160.66365,1296.6781,-711.90826,29.08886,1312.26624,-835.1709,-170.78647,1320.83496,-851.31647,-2.73812,1319.28003,-886.10516,-148.60396,1247.51367
156,1.292,-689.96527,-162.34355,1297.17395,-707.80548,28.47085,1311.72998,-831.37561,-173.37982,1321.03308,-847.5719,-3.59232,1319.63196,-882.46521,-149.78801,1248.09338
157,1.3,-687.21509,-162.79005,1296.72302,-704.6488,27.45949,1312.37109,-826.67145,-175.15533,1321.28064,-843.75659,-3.79869,1319.8866,-878.39227,-150.16493,1248.55774
158,1.308,-681.8291,-162.57324,1297.10046,-700.88824,26.6316,1312.75793,-821.93237,-175.01921,1322.32788,-840.49121,-5.49757,1320.49536,-872.0686,-149.99077,1249.16516
159,1.317,-678.03107,-163.79001,1297.84485,-697.39264,26.22864,1312.85828,-818.72137,-176.59068,1321.88306,-836.92975,-7.06502,1320.81775,-869.74274,-152.2661,1249.44238
160,1.325,-675.06317,-164.81525,1297.05005,-693.50653,25.74867,1314.18372,-814.17914,-176.78557,1322.51294,-833.08417,-7.62384,1321.16455,-865.38849,-153.01303,1249.42212
161,1.333,-671.13324,-164.98549,1297.52747,-689.20349,25.26835,1314.13794,-810.27338,-177.54266,1322.96753,-829.32849,-8.49598,1321.01392,-862.33215,-154.06053,1250.07043
162,1.342,-666.04858,-165.39331,1297.02881,-686.5177,26.23426,1313.87512,-805.76093,-178.03661,1323.63391,-825.17871,-8.87018,1321.47607,-858.4212,-154.48424,1250.18347
163,1.35,-662.89886,-165.34602,1298.49463,-682.59583,24.29461,1313.49792,-802.3277,-178.83154,1323.91858,-821.34845,-10.20474,1322.07153,-852.99225,-155.90845,1249.93506
164,1.358,-657.9361,-166.43831,1297.6925,-677.33429,24.56058,1313.91064,-797.91223,-179.28777,1323.84717,-817.30444,-10.80475,1321.74609,-849.35022,-156.36618,1250.09216
165,1.367,-654.58734,-167.0864,1298.88245,-675.03784,24.74705,1314.04285,-794.41101,-180.20837,1323.13708,-813.56079,-11.48017,1321.38623,-845.48645,-156.44644,1250.37842
166,1.375,-650.08014,-167.65913,1298.34766,-670.38293,23.40565,1313.53455,-789.63507,-181.108,1323.01892,-810.83624,-11.79372,1321.55481,-840.85016,-157.2439,1250.81689
167,1.383,-645.81598,-166.65286,1298.0929,-665.93427,22.21336,1313.75378,-785.96667,-180.79628,1323.26855,-806.58429,-12.19667,1321.45801,-837.42694,-157.74028,1250.5946
168,1.392,-642.57739,-167.11725,1298.84583,-663.15991,23.57682,1313.34473,-781.66138,-180.09039,1323.53076,-802.36053,-12.82947,1320.63367,-833.8775,-158.15962,1250.92358
169,1.4,-637.06232,-168.21442,1298.51526,-658.95673,22.95963,1313.21216,-777.94073,-180.97278,1323.76599,-797.90204,-13.1691,1320.56592,-830.02374,-158.94188,1250.828
170,1.408,-633.28351,-167.24315,1298.58252,-655.94952,24.45301,1313.1698,-773.40302,-181.20709,1323.36853,-793.35339,-11.81108,1320.28711,-825.0647,-158.49428,1249.75317
171,1.417,-629.85461,-168.01466,1297.41394,-650.81012,23.07061,1312.53906,-769.56464,-182.40881,1322.20459,-789.92523,-12.98635,1320.52954,-821.57629,-159.65625,1249.61804
172,1.425,-624.87488,-167.98228,1297.16431,-646.18622,22.56151,1312.24182,-765.94019,-182.05856,1322.05481,-785.26495,-12.85132,1320.64404,-816.16998,-158.97293,1249.53882
173,1.433,-621.47119,-167.52286,1296.67346,-643.31744,23.96468,1312.17029,-760.99823,-181.58815,1321.43372,-781.1759,-12.99648,1320.38794,-813.63391,-158.79448,1249.58142
174,1.442,-617.02887,-167.95296,1295.87866,-639.11957,22.58776,1310.6991,-756.95465,-181.51123,1321.36218,-776.71063,-12.37803,1318.40027,-808.51837,-158.96825,1249.54138
175,1.45,-613.00171,-167.93488,1295.02332,-633.08173,23.20406,1310.40918,-752.33539,-181.26546,1321.25586,-772.20483,-12.52841,1318.43274,-804.48596,-158.86368,1248.42444
176,1.458,-609.05573,-167.01715,1294.4447,-630.20856,24.12793,1310.01697,-748.78485,-181.41861,1320.84839,-768.41803,-13.3069,1318.36987,-800.27991,-158.85854,1248.13757
177,1.467,-605.1026,-167.07332,1293.59595,-625.62872,24.46671,1310.37378,-744.33966,-181.55368,1320.27466,-763.65704,-12.75669,1317.89343,-795.87439,-158.00569,1247.60742
178,1.475,-599.72906,-168.05063,1293.38953,-620.11938,23.25818,1309.06091,-739.63629,-180.3519,1319.04333,-758.93787,-12.28758,1316.47009,-792.29578,-158.25116,1247.38977
179,1.483,-595.87451,-167.10077,1292.84558,-616.21161,24.00289,1307.5155,-735.37305,-180.3196,1318.48535,-754.76276,-11.8206,1316.34949,-786.96075,-157.5746,1246.18506
180,1.492,-591.10309,-166.4785,1291.51563,-612.41748,25.01507,1307.51892,-731.63348,-179.23692,1318.1355,-749.82233,-11.09227,1315.56226,-782.59192,-157.50375,1245.73938
181,1.5,-586.92999,-166.31464,1291.4303,-606.9621,24.73114,1306.44763,-726.96497,-178.35242,1317.52319,-746.22748,-10.2323,1314.80322,-779.31903,-155.9269,1245.3916
182,1.508,-583.44922,-165.87518,1290.65686,-602.10315,25.89041,1305.41406,-723.02289,-177.55698,1316.36621,-741.8266,-9.58335,1314.7262,-774.31561,-155.29561,1244.72534
183,1.517,-578.14264,-165.13808,1290.2074,-598.37891,25.25165,1305.16907,-718.45367,-177.78839,1315.76843,-737.5708,-9.00584,1314.30298,-769.60626,-154.05763,1243.77686
184,1.525,-573.63934,-164.94757,1289.74255,-593.44342,26.21762,1305.54871,-714.67487,-177.40866,1315.00171,-731.54224,-8.45084,1312.82837,-765.35022,-154.15239,1242.85327
185,1.533,-570.47778,-164.9169,1289.02222,-588.47717,26.72112,1304.07678,-709.59229,-175.78818,1313.68311,-728.94672,-8.17085,1311.8949,-761.46942,-152.91264,1242.54492
186,1.542,-564.95209,-163.47729,1288.09985,-583.35583,27.41617,1302.74121,-705.32239,-174.91077,1313.81506,-724.28253,-5.78964,1311.92615,-757.09424,-152.02736,1241.28333
187,1.55,-561.78265,-163.14479,1287.35205,-578.41132,28.65547,1302.04541,-701.51068,-174.16312,1312.79346,-718.46436,-4.64669,1310.14709,-752.55927,-150.72754,1240.27502
188,1.558,-557.19824,-161.84102,1287.19238,-574.65576,28.7529,1301.06128,-696.72992,-172.30577,1312.15881,-713.77771,-3.11785,1309.45166,-748.47437,-149.1156,1239.70935
189,1.567,-551.98248,-161.46985,1286.43616,-568.61731,29.05734,1299.78625,-692.37494,-171.20793,1311.01245,-709.58673,-3.91111,1308.77991,-743.37402,-148.70949,1238.67285
190,1.575,-548.29407,-161.00043,1286.02783,-564.3819,30.58283,1299.72998,-688.68011,-170.31577,1310.71338,-704.7157,-1.29319,1306.72937,-739.17126,-147.4868,1237.49902
191,1.583,-543.43231,-160.6965,1285.18384,-559.41541,32.78928,1298.40088,-683.61298,-170.28247,1310.0802,-699.85583,-0.74883,1306.8667,-734.6828,-145.47842,1236.77686
192,1.592,-539.00647,-159.33096,1284.2074,-555.02698,33.45937,1297.72156,-679.44702,-167.15147,1308.84229,-694.28003,1.21804,1305.7467,-729.84918,-144.69817,1236.07166
193,1.6,-534.85095,-158.50938,1283.63623,-549.01324,33.97348,1297.30225,-674.89813,-166.57687,1307.96387,-689.43243,3.1452,1304.54993,-725.7406,-142.98373,1234.72839
194,1.608,-529.8855,-157.38603,1282.55945,-545.23029,35.38192,1296.72729,-670.539,-164.56499,1307.672,-685.07104,3.77367,1304.12854,-721.21271,-141.15172,1234.03967
195,1.617,-525.07104,-156.41487,1281.7146,-539.82104,36.89426,1295.9425,-666.04114,-164.18042,1306.89722,-679.82166,5.12328,1302.36328,-716.26697,-140.63644,1233.54028
196,1.625,-520.75873,-154.74997,1281.57263,-534.69525,37.86468,1294.98462,-661.24023,-161.5954,1305.89209,-674.67511,6.78685,1301.74072,-711.6911,-138.63757,1232.25488
197,1.633,-516.013,-152.86624,1280.19666,-529.9079,39.01199,1293.81921,-656.80267,-160.28734,1305.1167,-669.58881,8.83018,1300.21228,-706.71289,-136.86481,1231.74255
198,1.642,-510.7504,-151.93396,1279.44104,-524.4751,40.48988,1293.1543,-652.27649,-158.1004,1303.99231,-664.52069,9.82854,1299.32104,-702.24994,-134.15967,1230.18652
199,1.65,-507.45078,-150.15602,1278.96655,-519.27802,42.27898,1293.03174,-647.28705,-156.52069,1302.50586,-659.43481,12.90497,1298.08972,-697.36395,-132.48822,1229.40771
200,1.658,-502.83484,-148.92093,1278.87756,-514.34271,43.91973,1292.51038,-643.00934,-154.24811,1302.16077,-654.65552,14.21722,1297.58435,-693.41437,-129.90749,1228.11499
201,1.667,-496.99448,-147.6357,1278.91187,-509.37518,45.88485,1291.6947,-639.19604,-151.54903,1301.79614,-649.16669,16.53346,1296.08386,-688.31104,-127.81203,1228.16199
202,1.675,-493.17468,-145.11353,1278.47717,-503.62592,46.83353,1290.30029,-634.75519,-149.52557,1301.86646,-643.34747,19.34425,1296.05115,-683.02539,-125.61307,1227.49756
203,1.683,-487.15814,-143.85208,1279.15161,-498.78638,48.59269,1290.16479,-629.11871,-147.86008,1301.35498,-639.07611,21.86383,1296.17029,-677.54822,-122.91465,1227.46082
204,1.692,-482.71225,-142.98929,1279.89819,-493.09396,49.74895,1289.56909,-624.05121,-145.466,1301.16296,-633.74689,23.65973,1295.58362,-673.02539,-121.75485,1227.20496
205,1.7,-478.27335,-140.97351,1279.87085,-487.7767,52.17172,1289.71216,-618.80334,-143.74799,1301.46326,-628.10974,25.17765,1295.21216,-668.09332,-119.7054,1226.75403
206,1.708,-472.76007,-138.64204,1279.86072,-482.94269,54.47074,1289.36243,-613.86798,-141.75224,1300.97546,-623.38922,26.82995,1295.70203,-663.34985,-117.4966,1226.43433
207,1.717,-467.15491,-137.38884,1280.06152,-478.34955,56.10538,1289.92859,-610.37415,-140.69836,1301.50732,-618.40186,29.84142,1295.42603,-658.19202,-116.47881,1226.79834
208,1.725,-461.46759,-134.00357,1280.35229,-471.90384,58.47178,1289.58911,-605.49597,-136.88498,1301.76416,-612.98462,31.25144,1295.16589,-652.87756,-113.66009,1227.06482
209,1.733,-456.81042,-132.66524,1281.2334,-467.17471,58.5881,1290.07568,-600.65051,-136.17204,1302.22314,-607.29144,32.80378,1295.25391,-647.50165,-112.78486,1226.81897
210,1.742,-451.5354,-131.65712,1281.66504,-462.19211,61.73892,1290.48132,-594.06665,-134.8387,1302.59839,-602.95526,34.9765,1295.65295,-642.25555,-111.04905,1227.27087
211,1.75,-446.28317,-129.62802,1282.72986,-456.68027,62.56805,1290.73938,-589.92041,-131.09918,1302.1095,-598.25269,36.58428,1296.42249,-637.31671,-108.72591,1228.43384
212,1.758,-441.60068,-128.15431,1283.71118,-452.12106,64.75893,1292.24048,-583.52002,-130.78365,1303.90332,-592.65112,38.68254,1297.30811,-632.87402,-106.96746,1228.76025
213,1.767,-437.59335,-125.16354,1283.64172,-445.89716,67.82854,1292.57166,-578.72095,-127.98666,1304.75098,-588.46161,40.39361,1297.75134,-627.698,-104.73858,1228.91418
214,1.775,-432.47702,-123.74014,1285.10278,-441.77402,69.29628,1293.69385,-575.36731,-127.07316,1305.55066,-583.99957,43.81537,1297.79065,-622.37866,-103.10456,1229.98047
215,1.783,-427.2561,-122.14509,1286.78101,-437.14902,70.82484,1295.17371,-571.13776,-123.27528,1305.50073,-578.2088,44.41529,1298.99316,-617.86017,-101.13953,1230.41565
216,1.792,-423.6272,-120.59818,1286.98315,-432.21365,72.6711,1296.97583,-565.68549,-122.65611,1305.95715,-573.43311,47.37867,1299.69507,-613.17883,-98.01456,1231.4585
217,1.8,-418.50293,-118.85181,1288.42712,-426.51654,73.14615,1297.07959,-561.28674,-120.14705,1306.81372,-568.78918,47.76021,1300.32092,-607.75934,-96.76826,1231.9696
218,1.808,-413.05093,-117.45012,1289.63403,-421.84106,76.49886,1299.25525,-554.55011,-117.77166,1307.27368,-562.97791,50.69622,1300.3728,-603.0542,-94.0507,1232.59277
219,1.817,-409.09012,-115.37077,1291.3689,-416.25919,78.04291,1300.35303,-550.3623,-116.86016,1309.32446,-558.06683,51.85859,1301.71692,-597.77319,-92.84435,1233.3811
220,1.825,-403.29404,-112.92584,1291.85461,-411.19629,78.73879,1301.56274,-545.66107,-113.66594,1309.86438,-553.03455,54.38695,1302.52954,-593.12292,-89.27464,1234.59998
221,1.833,-399.08917,-111.58933,1293.11279,-405.82111,82.64893,1302.55103,-541.02057,-112.71188,1310.73633,-547.92139,56.85339,1303.34033,-587.67554,-87.88387,1235.05457
222,1.842,-393.92737,-110.62904,1293.8761,-400.69885,84.19769,1303.64136,-537.11176,-110.10941,1311.39905,-541.70984,58.77065,1304.09753,-583.03247,-85.77194,1235.82288
223,1.85,-390.26779,-108.67304,1295.12012,-395.11053,84.80156,1304.32385,-532.9743,-106.53101,1311.88,-536.5188,60.53147,1305.33899,-577.92065,-82.93248,1236.93457
224,1.858,-384.19421,-107.37823,1296.04041,-389.51242,86.86113,1306.23315,-525.84662,-105.73637,1313.28455,-530.28088,62.56631,1305.60303,-572.96759,-81.27694,1237.48926
225,1.867,-379.36505,-104.45704,1296.58887,-383.15723,89.1785,1306.53894,-524.16376,-102.48878,1314.22009,-525.82172,65.10345,1307.24683,-568.07367,-79.23751,1238.24426
226,1.875,-374.51874,-103.18693,1297.35486,-379.06625,90.16222,1307.5238,-516.45978,-102.35335,1314.57227,-519.92535,66.82166,1307.99329,-563.26202,-77.33,1238.8606
227,1.883,-370.5455,-100.66772,1298.64868,-373.01782,92.12706,1308.55237,-514.41809,-100.12357,1315.92444,-514.63361,68.28861,1308.49817,-558.92242,-74.48097,1239.91797
228,1.892,-365.90198,-101.3224,1299.38074,-368.03064,93.80393,1309.05054,-508.0098,-98.28854,1316.05371,-509.32538,70.78978,1309.3269,-554.22931,-72.27976,1240.07861
229,1.9,-360.73071,-99.0067,1299.71899,-362.82767,93.50291,1309.06335,-505.20557,-96.75642,1316.49841,-504.70349,73.40454,1309.646,-548.95313,-70.63668,1241.34631
230,1.908,-356.15482,-98.01385,1299.81458,-357.43439,96.99897,1309.69531,-499.13187,-93.99476,1317.29407,-500.40479,74.6003,1309.68408,-544.25238,-68.53264,1241.62463
231,1.917,-352.134,-96.28468,1300.51428,-352.86404,96.29037,1309.61829,-494.75058,-91.74091,1317.57324,-495.81671,76.73953,1309.77271,-540.07959,-66.78788,1242.14746
232,1.925,-346.73807,-94.35948,1300.2832,-347.64618,98.00925,1310.14026,-489.62726,-90.39007,1317.23047,-491.0069,79.09605,1310.13159,-536.06476,-64.90955,1242.81262
233,1.933,-342.84207,-94.04221,1301.25281,-342.02707,99.08534,1309.46716,-485.31818,-89.53429,1318.24658,-484.93091,80.46693,1311.57678,-531.51654,-63.87338,1243.29858
234,1.942,-337.41629,-92.05367,1301.34729,-337.47379,100.58487,1309.47668,-479.96338,-87.71709,1318.40991,-479.74179,82.15691,1312.04138,-526.67755,-61.21124,1243.50391
235,1.95,-333.54871,-91.16123,1301.37109,-331.95013,101.39738,1309.35156,-476.30115,-85.68588,1319.12891,-475.04761,84.69827,1312.4408,-522.53656,-59.26615,1244.16565
236,1.958,-328.82733,-90.11138,1301.50403,-326.54526,102.94662,1310.2655,-471.74298,-84.53597,1320.09241,-468.99435,85.40831,1312.46936,-518.35358,-57.88743,1244.75073
237,1.967,-324.27148,-89.53683,1301.80579,-321.86075,103.95753,1309.97522,-466.86215,-83.10118,1320.22546,-465.1915,85.66016,1312.9812,-513.92023,-56.48997,1245.53064
238,1.975,-318.69339,-88.08255,1302.41272,-316.84259,104.08385,1309.9519,-461.68747,-81.6569,1320.98633,-459.86783,88.82694,1313.80981,-509.18216,-54.27927,1246.12817
239,1.983,-315.30823,-87.71797,1302.38379,-312.31622,106.28148,1309.49609,-458.71091,-80.49121,1321.36707,-454.76489,89.77715,1313.74243,-504.34192,-53.54255,1246.68372
240,1.992,-311.43115,-85.86483,1301.75439,-307.48047,106.5703,1309.29761,-453.33514,-78.64388,1322.28259,-449.02554,90.47118,1314.35803,-500.93146,-52.19817,1247.20996
241,2,-306.32736,-85.76964,1302.36145,-301.85535,107.93789,1309.38049,-449.60294,-77.91324,1322.55518,-445.0705,92.41531,1314.14319,-496.2272,-50.2415,1248.5238
242,2.008,-301.46347,-84.60029,1302.24182,-296.62543,108.28503,1309.35022,-444.28757,-76.96037,1322.0907,-440.00693,92.8964,1314.62561,-491.09067,-50.08481,1248.62854
243,2.017,-298.52106,-83.4315,1302.578,-292.63409,109.5409,1309.65991,-440.18463,-75.19897,1323.37476,-435.32251,95.46919,1314.2384,-487.45352,-48.35578,1248.92517
244,2.025,-293.39835,-83.31855,1302.41321,-287.90784,110.79556,1309.56775,-435.56482,-75.26826,1323.82837,-429.56247,95.60612,1315.16833,-482.62869,-46.60943,1249.49573
245,2.033,-288.29453,-81.77071,1303.64832,-282.84906,110.7099,1309.90527,-432.42758,-71.56638,1324.94812,-426.39227,96.54844,1316.07764,-478.86804,-46.80794,1250.10095
246,2.042,-284.38867,-81.78123,1302.93262,-278.0701,110.82957,1310.06091,-427.06427,-72.07192,1325.47705,-421.07327,97.23919,1316.94653,-473.55414,-44.20706,1250.41882
247,2.05,-280.60416,-80.12904,1303.06873,-273.33621,112.57001,1310.29468,-423.59476,-71.2572,1325.8479,-416.66626,99.57847,1316.30359,-468.66898,-44.46642,1251.03918
248,2.058,-275.94345,-80.22945,1304.05408,-268.35696,112.18565,1310.03821,-418.66861,-69.82326,1325.78918,-411.93637,99.7222,1316.56946,-465.28021,-42.44667,1251.31567
249,2.067,-271.9245,-78.78592,1303.46545,-264.37119,112.50308,1309.9386,-414.61389,-68.95127,1325.99438,-407.16232,99.03145,1316.53259,-460.98648,-41.70543,1251.60083
250,2.075,-267.55994,-79.79037,1304.07275,-259.50162,113.02579,1309.18567,-410.50961,-68.13068,1326.2218,-402.04129,102.25565,1315.98267,-456.57886,-40.46144,1251.85632
251,2.083,-263.86905,-78.6454,1304.56226,-255.17467,113.11618,1309.86145,-406.12286,-66.78152,1325.94592,-398.10144,102.31601,1315.90771,-452.17981,-39.95404,1251.84863
252,2.092,-259.82892,-78.19176,1304.12317,-250.25568,113.99789,1309.91748,-401.17468,-66.33125,1326.41077,-392.89038,103.12438,1316.23022,-448.66913,-39.41171,1252.03406
253,2.1,-254.87093,-78.77988,1304.89722,-245.60222,113.77583,1309.19421,-397.32413,-64.61894,1326.80334,-387.34494,103.40096,1316.08582,-444.16165,-37.92291,1251.96741
254,2.108,-250.2709,-77.2384,1303.20093,-241.4483,113.91453,1309.31433,-392.44693,-64.94686,1326.41943,-384.18933,104.10925,1316.59827,-438.9968,-37.88524,1252.3335
255,2.117,-246.58308,-76.96839,1303.65515,-236.37154,115.12202,1309.00513,-388.56003,-64.90097,1326.23096,-378.37549,105.13796,1317.33936,-435.10376,-37.14451,1252.23474
256,2.125,-240.68002,-77.54271,1302.77454,-231.60992,115.81431,1309.3031,-383.17068,-64.07844,1326.3031,-374.06549,105.12309,1317.46606,-430.03299,-36.20476,1252.13049
257,2.133,-236.9807,-76.7462,1302.83484,-227.27315,116.2319,1308.43066,-379.62103,-63.89429,1326.43152,-369.38391,105.52657,1317.21313,-425.66745,-35.87994,1251.97046
258,2.142,-233.2892,-76.64317,1302.28589,-221.90665,116.38231,1307.91321,-373.51025,-63.50832,1327.02551,-364.77945,105.40771,1316.9978,-421.63019,-36.26681,1251.91162
259,2.15,-227.93082,-75.81964,1302.04016,-217.54153,116.44837,1308.08728,-369.11539,-64.31144,1326.13403,-360.35019,105.75286,1315.96484,-416.92316,-35.73495,1251.68628
260,2.158,-222.95341,-77.05782,1302.26025,-212.18687,116.99886,1307.53003,-365.03018,-62.53925,1326.39038,-355.58633,104.57404,1315.90076,-412.11969,-35.98581,1251.5365
261,2.167,-218.31725,-75.2179,1301.22046,-208.12038,117.27114,1307.14587,-359.6745,-63.01836,1325.27417,-351.78018,106.86481,1316.14355,-407.43301,-35.62959,1251.36584
262,2.175,-213.50555,-76.5259,1301.0343,-203.71333,117.62059,1306.48938,-355.79086,-62.80086,1324.96252,-346.61322,106.55547,1316.3894,-403.07077,-35.00675,1251.46838
263,2.183,-208.88647,-75.65315,1300.28528,-199.21983,115.27853,1306.22937,-350.76117,-63.43895,1324.75549,-342.50732,106.20022,1316.30701,-397.97025,-35.31611,1251.09351
264,2.192,-204.28062,-76.33574,1300.26843,-194.311,116.788,1306.38733,-345.36838,-63.7354,1324.69641,-336.65579,106.11436,1315.14661,-393.27991,-35.89653,1250.8446
265,2.2,-198.95757,-77.01207,1299.65112,-190.89023,116.29596,1305.79211,-340.91833,-62.67147,1324.59924,-332.08173,105.35981,1314.91467,-388.92053,-36.29328,1250.23889
266,2.208,-194.81155,-75.82076,1299.17383,-184.5921,117.59175,1305.20618,-336.2254,-64.69694,1323.64697,-328.28943,105.42605,1314.65259,-384.22754,-36.44027,1250.34778
267,2.217,-190.08247,-76.22371,1298.073,-181.2453,115.58679,1304.46179,-331.17889,-65.38902,1323.04333,-323.00977,104.87431,1314.37378,-379.25885,-37.14283,1249.6731
268,2.225,-184.21503,-76.67017,1298.37378,-176.15997,115.01911,1303.92603,-327.21057,-65.43195,1322.68323,-318.94202,104.28957,1314.11096,-374.29483,-37.52011,1249.11182
269,2.233,-180.38281,-76.81914,1297.60205,-171.65948,115.21608,1302.9762,-321.98178,-66.12157,1322.35278,-315.16595,103.63942,1312.99219,-369.59509,-37.41921,1247.96082
270,2.242,-174.50101,-78.2594,1297.40637,-167.75139,115.46336,1302.8822,-316.34851,-66.92817,1321.57629,-310.06302,104.07667,1312.41064,-364.46008,-38.27348,1247.89478
271,2.25,-169.8772,-78.20323,1296.86597,-162.99266,113.67112,1302.42334,-312.80957,-66.23131,1321.55579,-305.68845,103.13046,1311.97986,-360.49783,-39.53549,1247.80273
272,2.258,-166.10657,-78.25294,1296.16895,-157.94945,113.58846,1301.86963,-306.97211,-67.02145,1320.01831,-300.37939,102.55742,1311.62805,-355.32938,-40.33278,1246.32764
273,2.267,-160.67285,-78.84558,1295.04553,-153.68903,113.49607,1301.76709,-302.08246,-68.19682,1319.92944,-296.43005,101.36751,1310.34839,-350.39352,-40.83428,1246.08716
274,2.275,-155.8242,-79.50201,1294.2251,-149.41931,113.9924,1300.95239,-297.97318,-70.44816,1319.53857,-292.04788,100.64853,1309.1665,-345.54034,-42.23361,1245.28967
275,2.283,-150.34683,-80.93554,1293.14612,-145.15964,111.91383,1299.69287,-292.59912,-70.66418,1318.16736,-286.93323,99.80155,1309.6106,-340.32632,-43.20023,1243.99377
276,2.292,-145.9801,-80.6405,1292.87024,-140.10146,112.31297,1299.6427,-287.42404,-72.30176,1316.83191,-282.57715,97.1178,1308.57263,-335.58194,-43.8599,1243.57837
277,2.3,-141.799,-81.58855,1292.25378,-135.85365,111.53032,1299.68738,-283.21924,-71.98743,1315.70972,-277.43915,96.4915,1307.95667,-330.46579,-45.36911,1242.53687
278,2.308,-136.3596,-82.81786,1291.17407,-130.89642,110.92992,1299.68823,-278.05151,-74.26134,1315.37451,-273.58752,94.99332,1307.07837,-325.64172,-46.69005,1241.7876
279,2.317,-130.80815,-82.90018,1290.37183,-126.4178,109.04535,1298.46497,-272.60602,-75.63662,1314.80835,-269.32458,94.0024,1307.13696,-320.85513,-48.21251,1241.04016
280,2.325,-126.02339,-84.7421,1290.6095,-122.25467,109.3244,1298.20215,-268.1972,-75.89352,1313.37964,-264.98596,93.66735,1306.02441,-315.49182,-49.01481,1239.71313
281,2.333,-120.28928,-84.55865,1288.8689,-117.05624,107.74998,1297.39087,-263.03522,-78.84786,1312.6366,-259.94299,92.08529,1304.97278,-310.68808,-49.91654,1238.84583
282,2.342,-115.30434,-86.406,1288.70544,-112.85133,105.42588,1296.75806,-257.86383,-78.80968,1311.54993,-254.17355,91.65121,1304.29346,-305.323,-53.20208,1237.68518
283,2.35,-111.14312,-88.03216,1288.14282,-107.186,105.80534,1296.15112,-252.09615,-80.49803,1310.54077,-250.32967,89.57665,1302.90906,-300.03387,-53.32309,1236.86047
284,2.358,-104.59942,-88.92818,1287.35974,-103.40923,104.04431,1295.96729,-247.0262,-82.56708,1310.41577,-245.15489,86.37178,1302.32361,-295.18784,-55.29845,1235.95886
285,2.367,-100.57321,-89.60625,1286.86096,-100.05419,103.47139,1295.53979,-242.33426,-81.87336,1310.1355,-240.46948,86.07316,1301.91589,-290.14096,-55.9244,1234.77576
286,2.375,-95.00336,-91.61418,1286.0249,-93.28896,102.70876,1295.02576,-236.92499,-84.50974,1309.14941,-235.75191,85.2634,1301.63831,-285.2616,-58.09742,1234.30933
287,2.383,-89.80119,-91.17944,1285.09985,-89.684,101.51502,1294.94238,-232.00272,-86.97086,1308.17505,-230.62326,82.37205,1300.55823,-279.96408,-59.67408,1234.18445
288,2.392,-84.28056,-93.37396,1285.31445,-83.78434,99.22021,1294.56409,-226.76393,-88.31339,1307.95203,-225.24637,81.72675,1301.02783,-274.05276,-61.53011,1234.23853
289,2.4,-79.40307,-94.82716,1284.59009,-79.39599,98.4611,1294.5509,-221.44824,-89.29545,1307.599,-220.41718,79.18082,1300.97595,-268.75903,-63.21282,1234.12976
290,2.408,-74.00083,-96.61839,1284.88806,-73.24584,96.20135,1294.229,-215.25815,-91.00615,1307.60498,-216.60193,77.47879,1301.05115,-263.92603,-65.12033,1233.84363
291,2.417,-69.0261,-96.65173,1284.13794,-68.93387,95.38572,1294.77673,-210.99762,-94.17764,1307.57361,-211.67804,76.71719,1301.35535,-258.35632,-66.47173,1233.59924
292,2.425,-63.81173,-99.41718,1284.9021,-62.9558,93.84116,1294.34802,-206.12967,-95.49294,1307.27332,-205.65332,75.0376,1300.68555,-254.04883,-68.65709,1233.67786
293,2.433,-57.85557,-99.69563,1285.24524,-57.94283,92.87388,1295.72363,-200.24728,-96.2039,1308.07849,-200.14758,74.08901,1300.85583,-247.9911,-70.0901,1233.63538
294,2.442,-53.49241,-101.6248,1285.88098,-53.31655,90.88929,1295.60242,-195.04787,-97.58355,1308.55713,-194.88077,71.90455,1301.31982,-243.00539,-71.85351,1234.09009
295,2.45,-48.41245,-103.39524,1286.07043,-48.80496,89.50069,1295.6095,-190.69803,-99.61143,1308.90808,-190.95082,69.05463,1301.47351,-237.87335,-73.64239,1234.41394
296,2.458,-43.2243,-105.47887,1286.47681,-43.66145,87.28376,1296.62549,-185.66815,-102.27833,1309.14502,-185.79739,68.22552,1302.08655,-232.7498,-74.39401,1234.46509
297,2.467,-37.75524,-106.02832,1287.61304,-39.37563,85.81837,1297.53064,-180.0728,-102.23268,1310.20532,-181.0526,65.36412,1302.53748,-227.62674,-77.84975,1235.17822
298,2.475,-32.83973,-107.92579,1288.55725,-34.81328,85.31504,1298.22852,-174.82407,-105.15226,1309.7395,-176.64029,62.96334,1303.42456,-222.14531,-78.52381,1235.64038
299,2.483,-28.35229,-109.95525,1289.21167,-30.47351,83.07394,1299.28711,-170.20015,-107.29431,1310.63354,-172.1248,62.52605,1304.3125,-217.45584,-80.20335,1236.07788
300,2.492,-22.56086,-112.37702,1290.94373,-25.18162,81.73829,1300.98608,-165.50044,-108.53423,1311.87439,-166.61031,60.7372,1304.73499,-212.08897,-82.16245,1236.46375
301,2.5,-17.99091,-112.74572,1292.38489,-20.64436,78.76846,1302.06335,-160.4953,-110.7514,1311.75061,-161.81682,58.56792,1305.8302,-207.028,-84.23438,1237.13257
302,2.508,-13.53519,-115.31145,1292.87439,-16.63855,78.35197,1302.45032,-155.74724,-111.47403,1312.74597,-157.04085,56.12079,1306.78882,-202.5063,-86.19492,1237.96167
303,2.517,-8.74221,-116.097,1293.40076,-12.00398,76.40928,1303.83398,-150.61366,-114.35564,1313.93042,-151.95439,55.14412,1307.02563,-196.60561,-88.09458,1238.66699
304,2.525,-3.01354,-118.85774,1295.64856,-6.99501,76.1665,1305.57556,-145.94751,-115.73622,1314.71912,-147.07813,53.4061,1307.16577,-192.1938,-89.95693,1239.85498
305,2.533,1.64234,-119.83212,1296.20972,-2.71094,71.14194,1307.20105,-141.32698,-118.55637,1315.19531,-142.9437,50.70618,1309.11877,-186.53947,-91.92202,1240.20435
306,2.542,6.23968,-122.17576,1297.16882,2.2668,70.62799,1307.8717,-136.35674,-120.2688,1316.70996,-138.81096,48.20388,1311.55994,-181.83769,-94.51859,1241.0874
307,2.55,11.33454,-123.0545,1298.7572,5.91033,68.79579,1309.08337,-130.15976,-121.38071,1317.70227,-134.96875,47.57598,1312.42322,-176.74385,-95.40078,1241.98621
308,2.558,16.83155,-125.21421,1299.83289,10.01682,67.4891,1310.48389,-125.98302,-123.60432,1318.11975,-130.35922,46.10722,1312.40771,-171.90572,-97.66798,1243.33435
309,2.567,20.82438,-125.56451,1300.51953,15.43999,66.88623,1311.36499,-120.78313,-125.05404,1319.18372,-125.94015,43.86355,1312.69287,-166.95198,-100.46716,1243.60608
310,2.575,26.09987,-128.11441,1301.66809,20.34572,65.3377,1312.99304,-115.62357,-127.14532,1320.11121,-122.11637,40.59893,1313.44995,-161.76965,-101.05597,1244.01526
311,2.583,30.72928,-128.90085,1303.07764,22.5415,62.67551,1314.07654,-110.68867,-128.61598,1320.8728,-117.48615,40.19806,1315.28601,-156.95186,-104.24834,1245.44653
312,2.592,36.43729,-130.79958,1303.49646,27.86939,60.20654,1313.86121,-105.48709,-130.58562,1320.77979,-111.61753,38.12038,1314.85034,-151.9106,-106.21503,1245.55579
313,2.6,40.90596,-131.78108,1303.6936,32.47436,61.03117,1315.14294,-101.03237,-132.42632,1321.19788,-107.06807,35.43098,1315.92761,-146.39761,-108.50423,1246.31848
314,2.608,46.67286,-133.71138,1304.27808,37.25228,59.0371,1316.05518,-95.82565,-134.03647,1321.93762,-102.78439,34.17537,1316.47583,-141.55772,-109.44445,1246.8717
315,2.617,50.94206,-134.36841,1305.90735,40.71064,58.90482,1316.72546,-91.28474,-135.92836,1322.9375,-97.88051,32.19299,1317.11377,-136.76036,-111.6896,1247.18213
316,2.625,56.32758,-135.86433,1305.11462,45.90107,56.82523,1316.40845,-85.52212,-136.95551,1323.18469,-93.63647,30.18115,1317.255,-131.71382,-113.78252,1247.84509
317,2.633,60.59636,-136.90092,1305.61633,49.55024,55.26684,1317.11316,-80.41551,-139.40964,1323.5575,-90.28854,29.29964,1317.27783,-126.65874,-114.89047,1248.45374
318,2.642,66.28519,-137.43456,1305.53235,54.46303,55.34647,1317.79712,-75.89416,-141.12581,1324.68152,-85.29967,27.95568,1318.38623,-121.7782,-117.30502,1249.27979
319,2.65,71.0134,-138.24515,1305.62769,58.35968,52.35635,1318.69128,-69.71136,-142.31879,1325.04224,-80.72488,25.62157,1318.26453,-117.10738,-119.15651,1249.4751
320,2.658,75.65607,-138.22032,1305.89331,62.31111,52.5911,1318.60327,-65.29819,-143.31804,1325.24963,-75.84837,24.2379,1319.19275,-112.7132,-119.80299,1249.86401
321,2.667,81.05934,-140.00836,1306.65088,67.13595,51.1554,1318.49854,-60.09739,-144.21207,1325.40613,-72.67083,23.03245,1319.89417,-108.27616,-121.36945,1250.45923
322,2.675,85.2392,-140.54749,1306.375,71.39478,49.74038,1318.58093,-56.31368,-146.649,1325.09631,-67.38097,22.38262,1321.07275,-103.0599,-122.8038,1251.28333
323,2.683,91.55446,-141.94897,1306.20691,75.56834,50.67185,1318.87219,-49.82263,-146.1201,1326.80273,-62.41874,21.17538,1321.42139,-98.23333,-124.8581,1251.76978
324,2.692,95.00083,-141.77338,1306.0498,80.8307,49.99278,1318.78784,-45.56283,-148.57979,1327.62476,-58.62544,19.39716,1321.97534,-93.91158,-126.11752,1252.11597
325,2.7,101.14215,-142.49834,1306.09595,84.23529,48.95475,1319.10876,-40.38968,-149.34015,1328.04102,-53.99987,18.66718,1322.15283,-88.10052,-126.6653,1252.96521
326,2.708,105.46571,-143.44432,1306.09692,88.21684,48.9403,1319.47803,-36.08966,-150.60208,1328.16309,-50.26617,17.87918,1322.31018,-84.13829,-128.08031,1253.46997
327,2.717,109.79522,-142.95676,1306.33081,93.52931,47.84417,1319.09766,-31.01913,-152.51817,1328.19275,-46.2654,16.47583,1323.32861,-79.61469,-128.64751,1254.04407
328,2.725,115.32878,-143.21817,1306.52856,97.85304,47.46605,1319.50464,-25.63964,-152.72173,1329.14185,-41.86931,15.01503,1323.54907,-74.50598,-130.39816,1254.65027
329,2.733,119.86691,-144.39244,1306.91418,101.04523,46.7864,1319.8551,-20.55519,-153.35165,1329.22839,-38.02699,15.02212,1324.31299,-70.40739,-132.08856,1255.05298
330,2.742,124.18848,-143.90561,1306.71338,105.1264,46.92509,1319.89844,-16.39282,-153.40027,1330.2511,-33.4481,14.22845,1324.81116,-65.78967,-132.56,1255.51587
331,2.75,129.70944,-144.66794,1307.24353,109.51577,46.43552,1319.79419,-12.12928,-156.22421,1330.35132,-29.6124,13.69038,1325.55872,-60.77645,-133.69513,1256.15161
332,2.758,133.64345,-144.618,1306.55249,113.23797,46.44032,1319.14465,-6.06937,-155.15863,1328.70532,-24.80422,12.00237,1325.84204,-57.08823,-135.14606,1256.51038
333,2.767,138.76326,-144.89406,1306.8396,117.25749,44.73096,1319.67786,-2.1456,-156.1205,1329.28125,-21.58384,12.10549,1326.47229,-52.75109,-135.51881,1256.81677
334,2.775,141.8217,-144.3864,1306.50513,121.21819,45.06022,1320.23718,2.85679,-156.83514,1330.41809,-16.10962,11.57534,1326.79932,-48.1231,-136.95871,1257.21033
335,2.783,147.46701,-145.00671,1307.64429,125.28406,44.17354,1320.51477,7.61976,-157.41814,1331.03735,-12.88879,10.7479,1326.18909,-43.58913,-137.85811,1257.30774
336,2.792,151.41774,-145.31195,1308.50159,129.17744,44.51007,1320.44617,10.55691,-159.71495,1332.24805,-9.36749,10.02793,1326.63477,-39.47806,-137.53949,1256.89746
337,2.8,155.83449,-144.37796,1307.74487,132.98428,44.48837,1320.73035,15.5869,-158.26315,1331.9812,-4.74318,8.9746,1326.37915,-34.47915,-137.92482,1256.6676
338,2.808,161.10457,-145.46747,1308.03784,136.44667,44.90035,1321.00342,19.78377,-159.58769,1331.2406,0.09322,9.17634,1326.19751,-30.33601,-138.47346,1257.04187
339,2.817,165.07964,-145.42203,1307.40088,141.8094,43.84253,1319.9314,24.41741,-159.40158,1330.9342,4.22663,9.25348,1326.09119,-25.65971,-138.91818,1257.05969
340,2.825,168.65352,-144.89174,1307.12305,145.21693,44.24168,1319.79065,29.64095,-159.67355,1330.08728,8.31392,7.78486,1326.20227,-21.74835,-139.26468,1257.21631
341,2.833,173.44824,-145.08189,1306.82935,149.21407,45.00703,1319.36316,33.92321,-159.36536,1329.97803,12.09506,7.90004,1325.88379,-17.35159,-138.63,1256.43677
342,2.842,178.21503,-145.2859,1306.69116,154.33453,43.93301,1318.8606,38.07135,-159.92659,1330.1875,15.96972,7.49102,1326.09338,-12.75409,-138.94254,1256.63647
343,2.85,181.94359,-144.88913,1306.00208,157.69138,45.60813,1319.42578,42.86466,-158.8759,1329.7738,20.96642,8.43945,1325.40979,-8.51953,-139.00977,1256.09082
344,2.858,186.57486,-145.0083,1306.09814,162.0517,44.82286,1318.65955,45.68262,-161.51028,1329.56799,25.32273,8.2451,1324.61792,-3.96748,-139.8486,1255.82349
345,2.867,191.408,-144.66444,1305.89661,166.65652,45.42224,1318.12805,50.51588,-162.35564,1329.05396,29.50208,7.14347,1324.28857,0.66222,-139.62154,1256.03589
346,2.875,196.29984,-144.29587,1304.84753,171.04694,46.08444,1317.23413,55.53307,-161.38261,1329.17175,33.10352,9.14932,1324.17969,5.29461,-139.27829,1255.37036
347,2.883,200.39481,-144.59076,1304.50964,175.13597,45.05349,1315.98938,61.42291,-158.74576,1328.4386,37.44071,7.77801,1323.75769,9.09788,-138.87492,1254.81433
348,2.892,204.89595,-143.09187,1303.41968,180.14111,45.60995,1315.9624,63.53339,-159.39442,1327.57849,42.86337,10.07754,1322.64099,13.99789,-137.95262,1254.46106
349,2.9,209.3255,-143.37621,1303.25647,184.33093,47.07583,1315.44287,69.71844,-157.21727,1328.31335,47.5718,9.97286,1322.48132,18.38167,-137.90984,1253.32544
350,2.908,214.41347,-143.10855,1302.13306,188.29277,48.03597,1314.96252,73.43026,-158.89706,1326.69397,51.10691,10.66839,1321.74866,22.90715,-137.72067,1253.47156
351,2.917,218.00151,-142.75589,1302.31274,193.92519,49.23223,1314.09546,78.04352,-156.19566,1326.74097,56.23936,11.84893,1321.55371,27.17009,-137.57387,1252.08667
352,2.925,222.83932,-141.21614,1300.99915,197.97066,49.7278,1314.2041,81.55869,-158.16695,1325.24072,61.21772,11.813,1320.41772,31.69894,-136.29231,1251.50598
353,2.933,227.23152,-141.03058,1300.63428,203.88881,49.0419,1312.87683,86.78998,-157.2334,1324.58765,66.10126,11.61361,1319.12866,36.87381,-135.21481,1251.36304
354,2.942,232.6084,-141.07211,1299.69775,207.76091,49.00079,1312.44812,91.44852,-156.78467,1323.90076,69.62087,12.16726,1318.03247,40.36511,-135.02177,1250.20117
355,2.95,236.79666,-140.37468,1298.7157,211.90825,51.38311,1311.76843,95.71711,-154.80679,1323.10046,74.47641,12.92266,1317.67639,45.53773,-135.20726,1249.03027
356,2.958,240.65083,-138.71843,1298.08008,216.45808,52.51411,1310.16504,99.71798,-155.42725,1322.77637,78.71552,14.15341,1316.99036,50.55946,-132.25742,1248.60657
357,2.967,244.83679,-137.25777,1296.77856,221.57376,53.21133,1309.53589,104.77005,-152.94106,1321.16016,84.48928,15.2891,1315.48779,53.97026,-131.75473,1247.75708
358,2.975,248.82484,-136.76762,1296.78076,225.52644,53.86969,1309.33557,110.46616,-151.7679,1322.0553,88.48754,16.03304,1315.16504,59.10192,-130.42613,1247.62622
359,2.983,253.71092,-135.6427,1296.00977,231.35121,54.48996,1308.41675,114.75456,-150.16904,1320.37122,92.74247,18.51769,1314.72583,63.70527,-128.84639,1245.97717
360,2.992,259.31219,-136.51698,1295.56604,235.55437,55.27932,1307.64502,118.1032,-146.6963,1319.19519,98.6289,19.06258,1312.72217,67.6887,-127.67023,1245.30591
361,3,263.20853,-134.86761,1294.83374,240.69258,57.4481,1306.66187,122.5585,-147.48013,1318.32031,103.13808,21.02446,1312.84375,72.19936,-126.07633,1243.99329
362,3.008,268.04156,-133.63986,1294.01172,244.73199,58.07711,1305.5769,127.7985,-145.05145,1317.15918,107.70143,21.7517,1311.03125,77.53514,-124.80333,1242.85925
363,3.017,271.96622,-132.10199,1292.81787,250.09035,58.70218,1305.30103,131.06958,-145.45334,1316.41602,113.08336,24.54142,1310.44006,82.14582,-123.50629,1242.36499
364,3.025,276.27972,-129.87706,1292.06702,255.45181,60.9203,1304.81384,136.23383,-142.26859,1315.6781,117.66843,25.19922,1309.40454,86.18944,-121.30747,1241.20789
365,3.033,280.18146,-128.96812,1291.78235,260.67282,62.62427,1304.2804,140.81763,-139.29753,1314.69312,122.52856,27.132,1307.95483,91.3127,-119.94592,1240.4093
366,3.042,286.23883,-127.47065,1291.53845,265.04532,63.15307,1302.97754,145.65956,-139.32483,1314.2074,126.66347,29.14288,1307.54114,94.97962,-118.33763,1239.16455
367,3.05,290.77017,-126.48882,1290.92834,270.68109,64.89337,1302.16772,150.26956,-138.05444,1313.1123,132.86964,31.2776,1306.81055,100.29014,-115.93935,1238.47583
368,3.058,294.79425,-125.92201,1290.53296,275.21664,66.07678,1301.27344,155.20226,-134.39493,1312.14734,138.90459,32.25221,1305.65186,105.63179,-114.70302,1237.5343
369,3.067,300.22256,-123.85148,1289.42224,279.8237,68.38277,1300.69897,158.78793,-133.64357,1310.30566,142.22737,34.96157,1304.24878,110.31604,-112.14082,1236.17908
370,3.075,304.4617,-121.93454,1288.51208,284.87003,70.06786,1299.53455,163.47362,-131.20302,1310.29028,146.73077,36.97548,1303.00073,114.02686,-110.61672,1235.46582
371,3.083,309.4649,-120.81605,1288.23706,290.22531,71.76295,1299.0188,168.01822,-129.7388,1309.43115,151.89613,37.95183,1302.61023,119.97095,-107.6319,1234.08557
372,3.092,313.77243,-118.87981,1287.90173,295.05396,74.75686,1298.75159,172.84836,-126.25149,1308.52502,156.03322,41.06426,1300.96631,125.1086,-105.47634,1233.59607
373,3.1,319.28778,-117.35881,1287.93115,301.01132,76.94039,1298.01294,177.91223,-124.95244,1308.14368,162.40274,42.83524,1300.38831,128.70859,-103.90925,1233.32178
374,3.108,323.66272,-114.97108,1287.60754,305.62936,77.3647,1297.69189,182.99435,-122.21598,1307.53662,167.12106,44.02218,1299.79749,133.80116,-101.128,1232.15466
375,3.117,328.90707,-113.5372,1287.88452,311.18466,79.78771,1296.54175,187.7825,-120.12949,1308.15881,172.37953,47.58809,1299.84875,138.97015,-98.48335,1232.09351
376,3.125,333.95038,-110.82487,1287.02173,316.2706,81.74656,1296.21533,191.62355,-117.55253,1308.01184,177.43048,48.84975,1299.41003,144.0433,-96.8438,1232.07263
377,3.133,338.82077,-109.19675,1287.33521,321.71881,84.11243,1295.85559,197.49701,-116.34638,1308.5365,183.5163,51.43106,1300.58899,148.80377,-95.06901,1231.98657
378,3.142,344.72604,-107.53885,1288.42139,327.02936,85.17548,1295.57397,202.79008,-113.82455,1307.44177,188.31383,53.43331,1299.78955,154.39449,-93.68871,1232.22961
379,3.15,349.73337,-104.9904,1288.96863,331.60544,86.9931,1296.65234,208.28876,-113.27219,1307.49438,193.75122,55.26234,1299.22876,160.46439,-90.5825,1232.05615
380,3.158,353.86719,-102.90671,1288.87024,336.57123,89.74154,1297.6311,212.76509,-110.24398,1308.40588,198.97519,57.25971,1299.11169,165.42703,-88.6041,1232.60596
381,3.167,359.27539,-100.77059,1288.83411,341.84647,90.81316,1297.42249,219.32137,-108.77303,1309.1842,203.35373,58.04158,1300.45911,170.49768,-86.65839,1233.41553
382,3.175,365.41086,-99.34523,1290.30115,347.51959,93.24871,1298.15125,224.09488,-107.88614,1309.44604,208.48232,62.10892,1301.09326,175.53572,-85.40556,1233.63452
383,3.183,370.01913,-96.75772,1290.74329,352.8645,96.29253,1298.94385,228.25493,-104.41035,1310.22839,214.01886,63.43536,1302.07739,180.82173,-82.94509,1234.92419
384,3.192,375.02292,-95.59474,1292.14502,357.67899,96.81474,1300.4126,234.70862,-102.87113,1310.52173,219.62271,64.38823,1302.45947,185.54102,-81.33233,1235.06128
385,3.2,380.86575,-93.85915,1291.95569,362.29449,98.8221,1301.41675,238.64957,-100.62371,1311.18384,224.3629,67.61657,1303.25745,191.4072,-79.50996,1235.8877
386,3.208,385.76144,-91.43814,1293.52332,368.04553,101.0732,1302.14392,244.27603,-99.18575,1312.45605,228.66164,68.2513,1303.32617,196.36975,-77.70396,1236.98511
387,3.217,390.39301,-89.90754,1294.46216,373.66788,102.91976,1303.57336,248.42435,-96.21982,1312.83887,234.72592,71.51892,1305.3468,201.22006,-75.31343,1237.52673
388,3.225,394.78577,-87.4231,1294.75732,378.46356,104.5367,1304.57434,253.7576,-94.36833,1313.6499,240.31665,72.97724,1305.23486,205.95836,-72.70837,1237.5144
389,3.233,399.96283,-85.06625,1296.10071,383.26779,106.79771,1305.36108,258.51251,-91.48724,1314.3446,245.35582,75.76324,1306.1853,211.55672,-71.3697,1238.85828
390,3.242,406.38141,-84.27215,1297.07214,388.48096,108.65837,1307.09521,264.21042,-90.44507,1316.08179,250.8743,76.67014,1305.98645,217.0667,-67.92522,1239.21301
391,3.25,410.43515,-80.92107,1298.28442,393.5835,110.49294,1307.67468,268.67691,-87.90748,1316.70093,254.53636,79.74644,1308.09998,221.80354,-66.05483,1240.08813
392,3.258,415.11197,-80.1328,1299.22473,399.0784,112.17896,1308.52148,274.0174,-85.47056,1317.06543,260.92163,82.09653,1308.21069,226.73328,-64.19678,1240.71729
393,3.267,420.33569,-78.49596,1299.16675,404.46896,114.57793,1309.76807,278.71207,-84.02908,1317.50476,266.11444,84.06654,1308.42639,231.15608,-62.57728,1241.70142
394,3.275,424.56506,-76.51697,1300.35889,409.36481,116.64123,1311.40015,282.51129,-81.47756,1317.77368,271.64499,84.72314,1309.05994,235.91985,-58.96899,1242.44653
395,3.283,430.21524,-75.13834,1301.50586,415.22116,118.52869,1311.76575,288.21371,-78.70348,1319.25867,275.77075,87.99023,1309.65308,241.28908,-58.06239,1242.81958
396,3.292,434.46793,-72.81985,1302.17725,420.98666,120.17753,1311.89343,292.37103,-77.38741,1319.0127,281.49557,89.89645,1311.8822,245.56432,-54.44214,1243.21228
397,3.3,438.94623,-70.43139,1301.91187,425.76276,121.03188,1312.82239,297.09955,-74.58362,1318.87463,287.29324,93.21648,1311.99304,250.42491,-53.75661,1243.65491
398,3.308,442.82678,-69.00958,1302.70288,431.40283,122.12399,1313.2063,302.01041,-72.97178,1319.64771,291.10638,94.25142,1312.26343,255.02217,-49.98593,1243.55969
399,3.317,447.96677,-68.09184,1303.88171,436.68942,124.40083,1313.7124,305.58609,-71.01678,1319.80664,296.46295,95.35631,1313.01367,259.91895,-48.56145,1244.48364
400,3.325,452.12027,-65.81608,1304.29541,441.29456,125.51199,1314.49072,310.62997,-70.65379,1320.65686,302.45557,98.32478,1313.28784,263.3468,-46.69284,1244.62805
401,3.333,455.72952,-63.79909,1304.01331,446.90253,127.68169,1315.36938,314.20349,-67.92743,1321.68982,307.04501,100.92004,1313.15002,268.28195,-44.27829,1244.80103
402,3.342,460.20901,-62.00101,1302.58557,451.60287,128.77245,1315.06567,319.59811,-65.93499,1321.95483,312.2691,102.82961,1314.09363,273.26501,-42.87455,1245.33948
403,3.35,465.55383,-61.84667,1304.1145,456.2326,130.4442,1314.95313,323.44644,-63.99649,1321.68054,317.50494,103.75665,1314.93933,277.48505,-39.03651,1246.44824
404,3.358,469.20245,-60.57198,1304.60889,461.70651,131.46353,1315.42761,327.38913,-62.26129,1321.57239,321.89404,107.28301,1315.57227,281.57755,-37.53728,1246.30151
405,3.367,473.43124,-59.50804,1305.0686,466.04926,132.70384,1315.7605,332.27841,-59.47358,1322.23792,327.07034,107.23418,1315.64587,286.04324,-34.96727,1246.5918
406,3.375,478.77301,-58.97091,1305.42981,471.60956,134.08296,1315.62561,337.1539,-57.65738,1322.12134,332.50568,109.21188,1316.11499,290.91861,-33.82299,1246.73755
407,3.383,482.75665,-57.7161,1305.56482,476.59271,136.28395,1316.13135,340.03479,-57.04021,1322.89844,337.12936,112.2392,1315.83862,294.51413,-31.38859,1247.06982
408,3.392,486.9577,-54.90348,1304.19128,481.55283,136.25224,1315.95532,344.53329,-55.26572,1323.97034,342.29819,112.4211,1316.69812,299.20032,-29.85393,1247.94031
409,3.4,490.61407,-54.361,1305.12671,486.62027,138.2374,1315.86121,350.59326,-53.22108,1324.82971,347.396,113.69666,1317.05334,303.22699,-28.25888,1248.46924
410,3.408,495.33167,-53.54008,1306.13953,490.83304,137.90117,1315.39026,353.24084,-53.00288,1325.35767,351.57693,115.94124,1317.75574,308.36264,-26.2976,1249.24487
411,3.417,499.8595,-51.45282,1306.37305,495.4166,138.63966,1316.32727,358.98633,-49.54148,1326.03723,356.6214,116.169,1317.72888,313.21216,-25.13017,1249.69531
412,3.425,504.38367,-52.34294,1306.3916,500.38345,138.79294,1315.823,362.76001,-48.95983,1326.63037,362.14108,118.68078,1317.72412,316.63495,-23.89384,1250.7804
413,3.433,507.77264,-49.37867,1306.05176,505.1778,140.73344,1315.76147,367.0173,-47.15249,1328.04932,365.8244,120.28153,1318.52307,320.62607,-22.25925,1251.56091
414,3.442,512.51776,-49.6623,1306.77747,510.31824,140.85237,1316.40942,371.56812,-47.48336,1327.6698,370.8606,121.1588,1319.81848,324.53214,-20.70398,1253.0791
415,3.45,516.65344,-48.00983,1306.62976,515.15009,141.70685,1317.00696,375.51324,-44.65781,1328.99524,377.5549,123.32525,1320.85071,329.30048,-20.57894,1253.78796
416,3.458,520.6076,-48.32512,1308.00464,520.33698,143.50401,1316.96558,379.72418,-44.17516,1329.17773,379.6001,124.18533,1321.25122,333.31693,-19.40698,1254.23254
417,3.467,524.9079,-47.78106,1308.29614,525.07294,143.13359,1316.82825,383.91809,-42.14824,1329.58325,385.64691,126.14501,1321.81592,338.03775,-16.13288,1254.63293
418,3.475,529.17212,-47.14591,1308.62964,529.95306,144.56755,1316.82422,388.06641,-40.88784,1329.86804,391.15552,125.72917,1321.52795,342.00385,-15.21227,1255.38879
419,3.483,533.60577,-46.87928,1309.38599,534.90936,144.6033,1316.79761,392.4151,-40.28557,1331.59167,394.03561,128.55449,1321.62439,345.91998,-14.56679,1256.15942
420,3.492,537.09082,-43.69997,1308.56726,539.90216,145.28972,1316.98816,396.72864,-38.6454,1330.74731,399.10559,128.78386,1321.60791,350.14465,-13.51991,1256.25684
421,3.5,541.01245,-45.26445,1309.93103,543.88226,146.39677,1317.16553,401.05713,-39.67535,1331.69434,403.34851,129.71295,1321.76196,354.67578,-12.17346,1257.08862
422,3.508,545.63043,-44.69236,1309.84888,549.2807,146.60352,1316.55334,404.05109,-36.90657,1331.81702,407.74454,130.76733,1321.86768,358.86783,-11.54478,1257.46729
423,3.517,549.08252,-44.56658,1310.05286,552.82587,146.00406,1317.52698,409.33414,-37.45801,1333.02759,412.96179,130.99409,1322.25146,362.79449,-10.99594,1257.94543
424,3.525,554.30646,-44.74832,1310.82007,558.84375,148.41995,1316.75256,413.18948,-36.28548,1332.32825,418.37219,130.54655,1321.96008,365.97653,-8.64502,1257.54126
425,3.533,557.95947,-44.40435,1310.29553,562.92596,147.67961,1317.23413,417.34439,-34.88001,1333.60278,422.23175,133.17961,1322.33276,371.25711,-8.09196,1257.73779
426,3.542,562.43494,-44.04633,1310.69861,567.06934,147.48877,1317.07788,420.93137,-36.96346,1333.1781,427.13821,132.92249,1322.72388,376.12393,-7.54415,1257.74255
427,3.55,566.74683,-44.59564,1309.76282,571.87323,148.16426,1317.01733,426.19113,-33.28989,1333.68787,432.20102,132.81425,1322.35767,380.42041,-6.65907,1257.99756
428,3.558,570.29877,-43.79254,1309.83997,576.39185,147.69354,1316.64404,429.384,-33.83964,1332.31775,436.47275,134.94098,1323.59814,383.79495,-7.24989,1257.8623
429,3.567,574.51715,-43.03194,1309.87561,581.79083,148.97066,1316.13623,434.47604,-33.31484,1332.71326,441.08975,134.19897,1323.03931,387.46793,-7.13857,1257.70374
430,3.575,578.53107,-42.6958,1309.44507,585.31299,148.23997,1316.20935,437.94772,-32.04968,1332.51953,445.41504,133.93962,1322.45789,391.94531,-5.1147,1257.80371
431,3.583,583.11359,-43.96402,1309.02393,590.59705,149.69676,1315.84131,441.75928,-33.29748,1332.5636,449.90625,134.99176,1322.89087,396.97287,-5.27271,1257.70068
432,3.592,587.60529,-42.95535,1308.9408,595.23413,148.54984,1314.95813,447.72183,-32.68372,1332.78418,454.01666,134.03015,1322.57275,401.82834,-5.56059,1257.38794
433,3.6,591.89612,-43.89602,1308.88318,600.13745,148.79335,1315.38672,451.5766,-32.57373,1332.27869,459.69916,134.69319,1323.48645,405.4545,-4.67652,1257.38635
434,3.608,596.52844,-43.60507,1308.40674,603.61475,148.23897,1315.33948,455.94534,-31.76431,1331.95654,462.51782,135.33765,1322.375,409.14828,-5.63471,1257.64514
435,3.617,600.70026,-44.48362,1308.14063,608.16797,146.996,1314.75061,460.35938,-33.04865,1331.37866,466.62549,134.41319,1323.22534,413.67065,-5.372,1257.33215
436,3.625,605.99426,-44.28502,1307.52942,612.83911,146.98569,1314.40173,465.23456,-34.72482,1332.2395,471.70441,135.01877,1323.00598,418.12805,-6.2749,1257.16382
437,3.633,610.04242,-43.42791,1306.66772,617.48511,146.92534,1314.00623,470.10394,-32.80753,1331.33789,476.60675,133.71925,1322.19714,422.17484,-5.39788,1256.21106
438,3.642,614.31903,-42.87822,1306.54443,622.2713,146.08701,1313.94995,473.59784,-34.20199,1330.38562,480.50455,135.30067,1321.19629,427.37665,-6.38289,1256.19629
439,3.65,618.81305,-45.30974,1306.37085,626.47797,146.38722,1313.60962,478.9024,-34.72741,1329.96167,485.49017,133.73346,1320.82617,431.9079,-7.43594,1255.95923
440,3.658,623.78217,-45.09571,1305.40527,630.80676,145.81516,1313.32288,483.62308,-35.96154,1329.88892,490.06018,133.04256,1320.07825,437.16153,-7.34514,1255.91479
441,3.667,627.86212,-46.46596,1305.00769,634.88239,145.68869,1313.23926,488.35623,-36.89861,1329.69629,494.73203,133.71968,1319.98303,440.57874,-7.48095,1255.6156
442,3.675,632.15039,-45.93911,1304.77466,640.29797,146.42339,1311.70898,493.12488,-35.38982,1329.18335,499.30399,132.0313,1320.36694,444.55188,-9.13353,1254.38647
443,3.683,636.31793,-47.03064,1303.83997,643.75476,143.82115,1311.51208,496.25433,-36.817,1328.16418,503.16269,131.17345,1319.52771,450.21085,-9.48373,1253.3877
444,3.692,641.72076,-47.33574,1303.01514,648.80011,145.44008,1310.72302,500.53354,-38.74091,1327.32849,508.01483,129.64867,1318.93323,454.30911,-10.22327,1252.66272
445,3.7,645.60095,-48.51628,1302.90393,652.76862,142.41359,1310.91968,505.97992,-38.98878,1327.73914,511.87067,129.56477,1318.26013,458.86765,-11.45545,1252.84875
446,3.708,650.57123,-48.68323,1302.85571,656.78369,142.17192,1310.60632,511.26721,-38.94805,1326.25989,516.17822,127.41852,1317.78076,464.23654,-11.74954,1252.21167
447,3.717,655.52863,-49.72728,1301.4762,661.53137,141.95097,1309.953,515.57947,-41.4971,1325.7959,519.77429,128.83609,1316.38013,468.34692,-12.64059,1251.04639
448,3.725,659.99438,-50.35981,1301.14319,665.98535,141.14877,1309.69238,520.12476,-40.10013,1325.21094,525.80884,128.09804,1316.36621,472.806,-13.27699,1250.21509
449,3.733,664.05005,-49.07655,1300.03845,671.07391,141.03792,1309.42847,524.2348,-41.19612,1324.07397,529.83209,125.58527,1315.24609,477.3324,-14.49609,1249.47351
450,3.742,669.26868,-52.10064,1299.40771,674.81714,139.24202,1309.00769,529.38489,-42.96004,1322.74243,534.2041,124.72943,1315.25891,483.0014,-15.1212,1248.02051
451,3.75,674.35742,-52.19596,1298.95129,678.71735,138.90538,1307.58813,534.31445,-43.82962,1323.00256,539.75562,122.69279,1313.94214,487.80814,-15.98865,1247.97302
452,3.758,679.02582,-53.11766,1298.37891,683.31995,138.14243,1307.60156,539.01794,-44.25384,1322.2373,543.23871,124.23058,1313.448,491.18829,-19.08151,1246.32739
453,3.767,684.39166,-55.17325,1298.0708,688.29553,137.53549,1306.53662,544.05927,-46.01602,1320.16931,548.01624,121.98379,1312.16895,496.99942,-19.49162,1245.63599
454,3.775,688.84583,-56.20388,1297.24854,692.77661,136.36435,1306.13782,548.42169,-49.24264,1320.05688,551.26782,120.88819,1311.5614,501.82935,-20.84424,1244.62781
455,3.783,693.46509,-55.14661,1295.48462,697.12512,135.26076,1305.31824,553.31445,-49.79906,1318.75537,556.15454,118.31873,1310.77466,505.97635,-22.68998,1243.94263
456,3.792,698.76788,-58.27724,1295.65784,701.83966,133.71428,1305.02393,558.7915,-49.92866,1317.68909,562.25677,118.26015,1309.5105,512.15662,-23.72279,1242.08008
457,3.8,703.3233,-59.1262,1294.80261,707.48541,133.06352,1303.45276,564.18347,-52.3245,1316.41724,565.72064,116.17908,1308.72266,517.16498,-24.70792,1241.42163
458,3.808,708.63812,-60.80141,1294.62756,711.48865,131.67747,1303.43042,567.97375,-54.12342,1315.2644,569.00623,114.91304,1308.18188,521.75531,-26.40219,1240.94946
459,3.817,713.7644,-62.17874,1293.33862,716.55823,130.22916,1302.48035,573.25385,-55.56446,1315.23645,574.67548,113.00062,1307.00391,526.61694,-29.43144,1239.50378
460,3.825,718.2337,-61.52377,1291.89832,720.13092,129.64343,1302.88367,577.62311,-55.45258,1314.60657,579.80829,111.66682,1306.79236,531.43634,-31.00588,1239.22302
461,3.833,723.55164,-64.43013,1293.45813,725.69598,127.68063,1302.52942,583.58307,-59.84173,1314.02747,584.50299,110.0682,1307.29468,537.50562,-31.89218,1238.854
462,3.842,729.20807,-65.91254,1292.49072,730.40283,127.35674,1302.9751,587.64301,-61.11221,1314.11462,589.2049,107.89036,1307.35535,542.33331,-33.71636,1238.65454
463,3.85,734.09534,-67.00421,1292.14307,735.742,125.04234,1302.65369,593.77716,-62.16592,1314.59827,594.30701,107.57256,1307.15735,547.36218,-35.26228,1238.65808
464,3.858,740.42725,-68.74072,1291.9928,741.02942,123.18491,1302.50867,599.04095,-62.95614,1313.77332,599.80548,105.23833,1305.85596,552.72906,-37.1966,1238.19031
465,3.867,744.07233,-69.44956,1291.85571,746.51727,122.68965,1303.06763,603.82971,-65.09953,1313.87244,605.1701,101.53787,1305.0979,558.06879,-39.99655,1238.63647
466,3.875,750.44928,-70.35605,1291.35022,752.07074,120.7674,1302.71936,610.15906,-67.85808,1312.51758,610.51947,101.52955,1304.94287,562.87732,-41.96119,1238.0791
467,3.883,755.13531,-71.68398,1291.75476,756.3219,119.20387,1302.9762,615.25574,-69.63058,1312.90173,615.58691,100.23495,1304.802,567.81177,-43.54597,1237.89246
468,3.892,760.95209,-74.38832,1292.43494,760.69989,117.59273,1302.61731,620.2746,-69.93376,1313.34558,620.40399,97.85865,1305.59338,573.92609,-44.25084,1238.74854
469,3.9,766.00275,-76.43372,1292.04346,765.99591,115.6654,1302.70508,625.16113,-72.78664,1314.37292,625.1897,95.68468,1305.93689,578.71619,-45.78417,1238.45374
470,3.908,771.08185,-77.98519,1293.74719,770.99628,113.54235,1302.84546,630.68079,-75.02304,1314.72485,631.16284,95.5994,1306.19409,583.65112,-47.65619,1238.68188
471,3.917,776.6604,-79.72201,1294.05212,776.07977,112.28403,1303.42383,635.19031,-76.87657,1314.72852,635.57715,93.42093,1306.50012,589.14142,-49.84717,1239.38586
472,3.925,781.02588,-81.84089,1294.85815,780.56323,110.59496,1304.18213,640.97583,-78.6342,1315.49927,639.84222,90.93857,1307.02454,594.28491,-51.7513,1239.57642
473,3.933,786.42981,-83.31859,1294.92151,785.30695,108.61887,1305.26196,646.60474,-79.74467,1316.27356,644.90204,86.86124,1307.24536,599.32715,-53.46948,1240.39404
474,3.942,790.92084,-85.05431,1295.58093,790.36914,106.55679,1305.8689,650.90076,-82.03987,1317.2229,648.99231,85.28294,1309.25623,604.23267,-56.69365,1240.27722
475,3.95,796.53198,-86.32609,1297.26062,794.68988,105.15191,1306.20215,654.73895,-85.10446,1317.34619,654.38586,83.50748,1309.70093,608.96179,-59.36313,1240.70715
476,3.958,801.22406,-89.49844,1298.5625,798.52234,103.71015,1307.88513,659.96002,-87.71223,1318.63977,658.41974,82.93923,1310.71057,614.49652,-61.22988,1241.10718
477,3.967,806.81384,-91.34071,1299.08911,803.63135,100.59566,1308.62732,665.77051,-88.36243,1319.15845,663.1344,80.89069,1311.24756,619.60626,-63.24113,1242.18469
478,3.975,811.21942,-92.08845,1299.78442,808.27887,99.85763,1309.5498,671.29016,-89.57962,1319.67261,667.79395,78.10353,1312.29175,624.83997,-66.59711,1242.87598
479,3.983,816.60126,-93.37471,1300.1156,812.61261,98.2418,1310.91833,675.90985,-92.74645,1320.30994,672.01501,75.79349,1312.99084,630.83551,-68.95177,1243.37976
480,3.992,821.91052,-96.88524,1302.22449,817.45062,96.03937,1311.81433,680.38318,-95.2569,1320.63416,676.57373,73.0369,1313.54346,635.95514,-70.18098,1244.62341
481,4,827.20795,-98.9986,1303.32715,821.98828,94.50119,1312.94312,684.4715,-99.50644,1321.95776,681.60724,71.10525,1313.92053,639.93439,-73.34296,1244.94202
482,4.008,832.22607,-100.5078,1304.25354,825.82233,92.30109,1314.26965,688.43457,-102.33281,1322.32776,685.44873,69.30473,1315.1665,645.07166,-75.14556,1245.49207
483,4.017,836.72522,-101.4564,1303.80151,829.94598,90.77731,1314.72302,695.15558,-103.53664,1323.42053,689.23108,64.83858,1315.01917,650.56226,-77.58152,1246.36365
484,4.025,842.04327,-104.25652,1305.00842,834.35883,89.20617,1315.49451,700.20837,-105.46395,1324.05725,694.1701,64.01601,1316.22131,655.49023,-79.23167,1246.79834
485,4.033,846.74286,-105.58518,1306.4231,839.60535,87.09949,1316.21301,704.62469,-107.47997,1324.35559,698.38013,61.93208,1317.15906,660.56378,-81.8619,1247.69873
486,4.042,852.1308,-106.00905,1306.60889,842.50867,84.64806,1316.97021,710.58649,-109.50986,1324.61023,703.30048,58.00645,1317.70215,665.98016,-84.70629,1248.44299
487,4.05,856.43481,-108.7683,1307.5188,847.56653,84.77077,1318.01343,714.94305,-112.17622,1325.77148,708.34955,57.6001,1319.55542,670.83301,-85.84766,1248.55872
488,4.058,862.38232,-110.90883,1307.48901,851.8175,81.99367,1318.93201,720.68109,-113.63321,1325.70459,712.92053,56.07349,1318.84631,676.22815,-88.14932,1248.64832
489,4.067,867.17462,-112.23575,1307.28479,855.74823,81.31754,1320.05347,726.12036,-114.36636,1325.67505,716.85858,53.79787,1318.99768,680.30194,-89.64648,1248.63696
490,4.075,871.61969,-112.39893,1307.26416,859.23779,80.16733,1320.38477,731.24353,-116.85634,1326.05078,719.89569,51.69446,1319.83801,684.42438,-93.59053,1249.04883
491,4.083,876.09637,-114.35163,1307.30322,864.03461,76.85726,1320.98999,736.12354,-118.91634,1327.34253,723.65308,48.7528,1320.16016,689.3728,-95.01977,1249.78699
492,4.092,881.71161,-115.65179,1308.92151,867.68597,77.12744,1321.15649,740.4726,-121.38475,1327.42017,728.05267,46.62719,1320.42773,694.87445,-96.13753,1249.5863
493,4.1,885.77966,-117.35225,1308.74292,873.25195,76.08672,1321.68152,744.88318,-123.15704,1327.38171,732.35895,45.18899,1320.96545,700.15045,-97.92756,1250.26465
494,4.108,890.8606,-118.76567,1307.7428,876.29968,74.50968,1321.73804,750.93707,-122.98462,1327.92236,737.03461,43.37153,1321.24231,703.95319,-102.14515,1250.9303
495,4.117,895.43011,-119.60136,1308.12122,880.67944,73.1776,1321.39636,755.52448,-124.88453,1328.4491,740.89703,43.87458,1322.26074,708.07013,-103.92754,1251.73022
496,4.125,901.22589,-119.85538,1308.97913,884.12549,72.38329,1321.0083,760.91449,-127.55828,1328.66162,745.25299,41.97218,1322.71082,712.46381,-106.01351,1251.64417
497,4.133,904.70532,-120.84427,1309.8606,889.24585,72.00803,1322.22803,765.34906,-129.32297,1328.94067,748.75671,39.75923,1323.43872,716.80157,-106.31084,1251.7229
498,4.142,909.76398,-121.4976,1309.43408,893.2337,71.23729,1322.0614,770.02557,-130.25066,1329.43811,753.66998,37.80701,1323.64917,722.20746,-108.19738,1252.21228
499,4.15,914.68494,-122.28804,1309.4198,896.77264,69.93062,1321.08557,776.27612,-131.15862,1329.94043,757.6405,35.92955,1323.7019,727.01593,-109.14177,1252.4585
500,4.158,919.03815,-122.82529,1308.99585,900.90613,68.23615,1320.86719,779.29279,-131.68436,1329.31177,761.81818,35.13074,1323.97485,731.05103,-110.70165,1253.35034
501,4.167,923.91943,-123.93423,1309.30078,904.95905,68.22731,1321.67029,783.23895,-134.55359,1329.6626,765.6601,34.49391,1324.79016,735.02405,-113.38512,1253.84326
502,4.175,928.45441,-124.08843,1309.92041,909.0954,67.87749,1322.51648,789.02753,-135.50316,1329.78479,770.11768,33.3612,1325.03162,740.02716,-114.29221,1254.3894
503,4.183,932.94373,-124.57534,1310.21277,913.2052,66.26893,1322.48682,794.67334,-136.47545,1331.11987,774.31433,32.48442,1326.41956,744.11157,-114.79526,1254.98914
504,4.192,936.66418,-125.34645,1309.98181,917.25525,66.44999,1322.73035,798.90967,-137.39215,1330.8949,778.02289,30.23137,1326.73462,748.75824,-116.55114,1255.98499
505,4.2,942.7536,-125.49303,1310.13062,920.22552,64.21748,1323.18225,802.02271,-137.54431,1330.82166,781.20679,27.53496,1326.79175,753.26672,-117.23631,1255.8606
506,4.208,946.96161,-126.68233,1310.62329,924.1131,64.66695,1323.65332,806.89996,-138.98442,1331.06934,785.39056,26.47246,1325.78259,756.81061,-118.88889,1256.91565
507,4.217,951.12238,-127.35593,1310.48962,927.77905,62.97037,1323.1748,812.13452,-139.01582,1331.40637,790.9176,27.70292,1326.54333,761.65576,-118.8656,1256.64258
508,4.225,954.93768,-127.38235,1310.84863,932.6557,63.93703,1323.92285,816.67413,-140.48021,1331.37073,794.2901,26.86748,1327.34937,766.57318,-121.53558,1257.02307
509,4.233,959.34875,-127.81877,1310.89441,936.44769,63.44388,1324.00061,820.63953,-141.15845,1332.59973,797.5072,24.91127,1326.55029,771.27777,-121.72002,1256.54431
510,4.242,963.83435,-127.8908,1311.13525,940.15356,63.08391,1323.89075,824.75391,-142.1712,1332.98047,801.90082,24.96057,1327.83533,774.93213,-122.97517,1256.89661
511,4.25,968.45734,-129.44217,1311.37378,942.33081,62.79542,1323.78772,829.96014,-141.00798,1333.31335,805.65143,24.36749,1326.8634,778.78711,-122.91364,1256.75525
512,4.258,972.76154,-128.9767,1311.11792,947.39044,60.89705,1324.33899,834.48901,-143.69781,1333.31018,811.50769,21.87158,1328.15295,784.21118,-124.05481,1257.38806
513,4.267,976.46771,-129.6019,1310.95313,950.48584,60.96199,1324.00964,837.63782,-143.98451,1332.50745,814.4057,21.03123,1327.62463,787.64661,-125.35818,1257.23999
514,4.275,980.95563,-129.49707,1310.97485,955.94312,61.48363,1323.89209,843.40106,-144.0696,1332.49438,817.10089,20.20918,1327.44666,791.74084,-125.29852,1257.24695
515,4.283,985.02875,-129.55188,1310.16418,959.50269,61.91696,1323.84253,847.18744,-144.51862,1332.4845,822.91608,20.87262,1327.60889,796.19727,-125.69151,1257.16272
516,4.292,989.38702,-129.78499,1310.01062,963.46796,62.39427,1322.55713,851.5968,-144.90685,1332.42297,826.49652,21.28735,1327.04993,799.8006,-124.97667,1256.99255
517,4.3,993.849,-129.05234,1309.70435,967.46942,60.63033,1322.6969,856.29022,-144.12541,1331.91077,829.0224,19.75445,1326.93115,804.39746,-125.84361,1256.48071
518,4.308,997.7605,-129.77811,1309.64001,970.85687,61.22396,1322.14954,861.51941,-145.55234,1331.15051,834.37927,19.99918,1326.78564,809.30493,-126.01908,1256.30981
519,4.317,1002.29895,-130.22673,1309.52466,975.12488,61.17482,1322.35828,862.2475,-147.34149,1330.16992,839.92279,20.9663,1326.47485,812.74542,-125.92467,1255.56738
520,4.325,1007.20123,-129.79474,1309.04285,979.59998,61.61153,1321.52869,868.16699,-148.49503,1330.19812,842.65259,20.49817,1326.43311,816.78192,-127.57577,1255.97961
521,4.333,1009.92023,-129.02409,1308.11157,983.07898,60.52365,1320.82275,873.98157,-145.49911,1330.91211,846.91394,21.23214,1326.51025,820.99463,-126.98485,1255.71741
522,4.342,1015.10071,-129.2948,1307.41907,986.73511,60.86662,1320.58484,875.47833,-146.70724,1329.80933,851.41418,21.16514,1325.38904,824.71985,-126.5113,1254.95874
523,4.35,1019.18958,-128.9969,1306.96704,991.45911,60.8333,1319.25256,880.01398,-146.67116,1329.83838,853.45697,20.97335,1324.81714,829.52301,-127.43213,1254.82947
524,4.358,1023.62903,-129.03035,1306.26135,995.57007,62.16358,1318.50085,885.17737,-144.44226,1329.45386,860.29852,21.23061,1324.20227,833.2536,-126.97695,1254.12878
525,4.367,1027.55371,-128.30757,1305.55151,999.85303,61.43718,1317.92371,889.65253,-146.79321,1328.93848,864.11926,21.63519,1323.14966,837.74725,-126.40093,1253.87451
526,4.375,1032.55847,-128.31738,1304.8175,1003.42529,61.56429,1317.45166,892.67059,-145.29359,1328.24365,867.56348,21.32974,1323.42432,841.95282,-127.00126,1254.02588
527,4.383,1036.26538,-128.12201,1304.24634,1008.01941,62.69362,1316.73865,898.61615,-144.50075,1326.99683,872.6601,23.07667,1323.32776,846.21637,-125.16365,1253.29688
528,4.392,1040.19653,-127.95737,1304.18213,1012.53436,61.93468,1315.66235,901.06348,-145.22266,1326.79407,876.35321,22.17277,1322.33459,849.86664,-125.11915,1252.28174
529,4.4,1044.72424,-126.51122,1302.95654,1017.11633,63.01195,1315.49402,905.28491,-143.38037,1325.92029,879.67328,22.00814,1320.3175,854.3045,-124.06962,1251.86462
530,4.408,1048.76526,-126.33907,1302.54248,1021.22278,64.12041,1314.8147,909.82727,-142.81403,1326.98755,885.21484,24.35118,1321.50049,858.97559,-123.71995,1251.47534
531,4.417,1052.96497,-126.86153,1301.87183,1026.19141,64.8588,1314.72656,914.3963,-143.5554,1325.86108,888.32251,25.96176,1320.20508,862.31726,-123.00241,1250.63867
532,4.425,1057.17188,-124.8252,1301.3031,1029.31873,64.47572,1313.86292,918.11719,-139.17213,1324.91809,893.44568,26.52269,1319.70398,866.73309,-121.9581,1249.70496
533,4.433,1061.15906,-124.57451,1301.28601,1033.65393,66.18749,1313.36145,923.70667,-139.56252,1325.12561,897.84784,27.80009,1318.23401,870.72052,-120.31268,1249.44043
534,4.442,1065.13416,-124.51011,1300.59729,1039.74268,68.145,1313.04382,926.45856,-137.4588,1323.84265,900.99902,28.68343,1317.51135,875.31934,-119.77303,1249.26245
535,4.45,1069.11584,-123.26287,1300.07166,1043.22437,67.66178,1312.40222,930.16455,-137.37346,1322.50208,906.60352,29.24268,1315.6687,878.67499,-119.49574,1248.13428
536,4.458,1073.19299,-122.62076,1299.78931,1047.78259,68.84441,1310.28455,936.75909,-136.87717,1323.03674,910.40808,29.4548,1315.70703,883.47003,-117.70865,1246.7793
537,4.467,1077.33459,-122.41268,1299.17871,1051.86609,69.91911,1309.55859,938.3114,-134.09511,1321.83862,915.49609,31.95904,1315.7218,886.97876,-117.22601,1246.08276
538,4.475,1080.35425,-120.41256,1298.38306,1057.08545,72.19378,1310.14905,941.23944,-135.70753,1320.26733,918.36755,30.41348,1314.51453,891.64673,-115.11906,1245.22852
539,4.483,1085.59912,-119.92543,1297.93872,1060.76001,72.72514,1309.09888,946.17664,-133.20665,1320.17542,923.52515,34.06491,1313.93652,895.70929,-115.1916,1244.37781
540,4.492,1089.09607,-117.98955,1297.31738,1066.06787,73.14375,1308.18457,950.15649,-131.26723,1319.6427,926.43787,34.72106,1313.05396,898.92847,-113.39315,1243.80176
541,4.5,1093.44238,-118.01284,1296.34375,1069.42419,73.52704,1307.18726,955.10742,-131.47324,1318.90906,931.72913,36.73121,1311.33533,903.10645,-111.08286,1243.49927
542,4.508,1097.6073,-116.83255,1296.0437,1073.57886,76.12553,1306.23315,958.25653,-131.16861,1316.87317,935.61951,37.89038,1309.71912,908.22382,-110.37461,1242.16748
543,4.517,1102.14331,-115.07838,1295.67468,1079.4436,78.28312,1305.31531,963.18768,-127.48392,1317.34216,940.46344,40.19395,1309.01855,912.57184,-108.11509,1241.14807
544,4.525,1105.93286,-113.20726,1295.41895,1083.87878,80.06364,1304.91235,966.58368,-127.03555,1316.87244,944.21259,40.80497,1307.89319,916.56226,-106.79882,1240.16589
545,4.533,1111.36194,-112.61302,1294.89648,1089.42517,79.96751,1304.33154,971.91437,-124.05137,1315.198,949.72998,43.44974,1306.26367,920.97406,-105.77823,1239.28479
546,4.542,1115.06262,-110.9392,1294.31982,1092.86804,81.49038,1303.2688,975.06683,-124.16969,1314.87,954.11682,44.56638,1306.31982,924.69043,-104.35477,1238.15063
547,4.55,1118.99939,-109.35812,1293.30017,1097.20447,83.34082,1302.56494,979.60175,-121.01806,1314.33875,959.49493,47.36547,1304.77393,929.47296,-101.13978,1237.05554
548,4.558,1123.46289,-107.62077,1292.71631,1101.1438,84.45615,1301.62939,983.38843,-120.55291,1311.00281,962.33386,47.97192,1303.51025,934.17773,-100.837,1236.57886
549,4.567,1128.03503,-105.8361,1292.02795,1105.22705,86.43041,1300.43506,988.60956,-117.13755,1310.7168,966.73499,50.96981,1302.62476,938.65302,-97.51778,1235.646
550,4.575,1131.33813,-103.84174,1291.68701,1109.7301,88.34691,1299.36108,992.02454,-116.79923,1311.08826,972.42328,51.53722,1300.65161,943.38867,-95.58315,1234.05359
551,4.583,1136.4613,-102.00835,1292.32263,1114.05847,90.40707,1299.21741,995.97656,-112.25486,1310.80884,976.66113,54.36683,1301.01184,947.92084,-93.91823,1234.35632
552,4.592,1141.94617,-100.63894,1292.32239,1119.43384,92.32282,1298.57483,999.70734,-111.69709,1309.87256,982.27417,55.79012,1301.21692,953.14624,-92.71046,1233.93311
553,4.6,1147.20886,-98.80675,1292.22522,1124.25684,93.7015,1298.62317,1006.21582,-110.08985,1310.49634,986.38763,57.56021,1300.2511,957.40295,-90.31418,1232.94507
554,4.608,1151.50403,-99.29684,1291.57605,1129.17236,95.36527,1298.43396,1010.31476,-106.81601,1310.06445,990.2157,60.27844,1300.64258,962.82495,-87.93828,1234.35266
555,4.617,1155.90405,-95.24555,1292.83936,1133.9729,96.85405,1297.99585,1015.33728,-105.81561,1311.30542,995.19244,61.09693,1300.05103,966.54077,-86.34917,1233.34033
556,4.625,1160.94397,-92.43278,1293.04834,1138.78357,98.85147,1297.97815,1021.4657,-103.12132,1311.11621,1000.08606,64.52814,1300.323,971.9884,-84.98901,1234.18701
557,4.633,1166.25439,-91.3157,1294.01184,1143.67151,100.61734,1297.94238,1025.19763,-103.40569,1311.50769,1005.06488,65.95267,1301.01807,976.71149,-82.37931,1234.1947
558,4.642,1171.93018,-90.03848,1294.13391,1148.50964,102.97863,1298.86365,1030.95593,-99.85983,1312.05298,1009.82306,67.327,1301.2688,982.23578,-81.25557,1234.43005
559,4.65,1176.03284,-86.93545,1294.05566,1153.86609,104.7346,1299.05713,1034.5697,-98.66672,1311.96179,1014.78149,69.6096,1301.28735,987.00146,-79.39246,1235.07385
560,4.658,1181.07654,-85.20583,1295.00134,1158.68225,106.34416,1299.96545,1040.00232,-96.28701,1312.29932,1020.79572,70.53558,1301.62744,991.7561,-77.52689,1235.59387
561,4.667,1185.66687,-83.47578,1295.64783,1162.92383,108.37097,1300.70154,1044.67773,-94.82482,1312.92017,1024.68445,74.27382,1301.90771,996.93604,-76.2364,1235.98132
562,4.675,1189.18909,-81.69088,1296.63379,1169.53528,110.54614,1302.2218,1049.27917,-94.21472,1313.89734,1030.75867,75.86002,1303.11072,1001.76141,-73.77836,1236.40576
563,4.683,1194.79041,-80.25631,1297.39648,1173.45605,112.43037,1302.96313,1053.77612,-89.81531,1314.05566,1035.00183,77.29311,1303.62842,1006.45441,-71.94296,1236.854
564,4.692,1199.88257,-78.65932,1298.6958,1179.30884,113.94256,1303.96631,1057.56323,-88.69405,1314.65125,1039.35034,79.80379,1304.302,1011.37085,-69.20054,1237.59387
565,4.7,1204.73547,-76.65734,1299.84778,1184.30933,115.51739,1304.16443,1062.85168,-86.50539,1315.31384,1044.49597,79.93456,1305.12305,1016.87158,-68.49034,1238.00232
566,4.708,1209.21045,-74.54344,1299.66284,1189.49292,118.76444,1305.58569,1067.67822,-85.11985,1316.32678,1049.01563,83.69953,1305.65271,1021.59039,-66.5756,1238.38281
567,4.717,1214.35815,-72.62504,1301.70984,1194.46472,119.78149,1305.84387,1073.95251,-83.00532,1317.42383,1054.1554,84.66732,1305.72302,1026.1394,-64.71504,1238.71301
568,4.725,1218.96716,-70.54932,1301.85901,1198.91663,121.65645,1307.63501,1077.5354,-81.79253,1317.34619,1059.48242,85.57778,1306.47791,1030.94995,-62.26283,1239.79224
569,4.733,1224.4823,-69.95019,1303.07312,1203.84998,123.52751,1307.99133,1082.83313,-78.61652,1317.74084,1063.61487,87.28741,1306.3855,1036.05603,-60.22701,1240.47314
570,4.742,1229.00049,-68.01237,1303.54565,1209.07947,124.77345,1309.55737,1087.09753,-78.74317,1318.29028,1070.23303,89.63734,1307.36499,1040.81982,-58.74151,1240.7876
571,4.75,1234.16943,-66.18163,1304.62097,1214.13354,126.50603,1310.50977,1092.86133,-76.06007,1319.40295,1074.19055,90.23337,1308.63599,1046.25024,-56.35769,1241.77527
572,4.758,1237.88147,-64.00394,1305.36853,1219.48376,128.0704,1311.05554,1095.74048,-73.01286,1320.44141,1080.25464,95.32255,1309.32385,1051.32239,-54.66911,1242.74304
573,4.767,1242.36255,-62.29602,1305.60669,1224.24658,129.78241,1311.45569,1100.89966,-71.6461,1320.84351,1085.9198,95.52489,1310.52393,1055.63281,-53.50601,1242.77783
574,4.775,1248.20178,-62.13247,1307.48413,1229.06482,131.9072,1313.26465,1106.50427,-70.81123,1321.40015,1090.52271,97.15781,1310.51733,1059.91736,-50.71214,1243.81177
575,4.783,1252.4325,-60.2016,1307.4884,1234.54175,132.41167,1313.5061,1110.01563,-68.76212,1321.42761,1094.79456,99.34736,1310.89722,1065.0321,-49.31197,1244.07959
576,4.792,1256.76917,-57.90443,1308.09766,1240.11658,134.18416,1314.88501,1114.7489,-66.55334,1321.25134,1099.78906,100.80872,1310.8479,1069.5354,-47.21507,1244.83154
577,4.8,1260.58301,-56.95985,1308.6615,1245.53333,135.85527,1315.63843,1119.19299,-65.52089,1322.15369,1105.98242,104.12097,1312.2572,1074.2533,-44.19827,1245.81726
578,4.808,1266.0127,-55.14807,1308.56445,1250.45251,137.69695,1316.04382,1124.69006,-63.39699,1323.245,1110.83044,104.87556,1312.8739,1078.2688,-43.14329,1245.90588
579,4.817,1270.75134,-54.43584,1309.44739,1255.58887,138.50391,1316.46887,1128.54993,-62.3751,1322.71704,1116.1344,106.56524,1313.6488,1082.88367,-41.3382,1245.82874
580,4.825,1274.57886,-54.5629,1309.04065,1260.46863,139.36115,1316.35303,1132.62231,-60.78625,1323.96423,1119.70947,108.25715,1313.59241,1086.84302,-39.10034,1246.67822
581,4.833,1278.75806,-51.40898,1309.51758,1262.30847,139.99203,1315.42017,1137.35803,-59.75998,1324.99707,1124.6449,109.60322,1313.46838,1091.52698,-36.2122,1247.21484
582,4.842,1283.172,-50.21988,1310.35779,1267.96765,141.22554,1316.60181,1141.18384,-56.97461,1325.17065,1129.39868,110.16991,1314.30481,1094.77893,-36.13375,1247.69299
583,4.85,1287.73181,-49.99561,1310.72815,1272.47937,142.80173,1316.20398,1145.25891,-55.06533,1324.53857,1133.35352,113.9604,1314.59497,1099.27051,-33.0051,1247.57947
584,4.858,1291.04163,-48.34969,1310.44385,1277.58264,143.68462,1316.31824,1149.16687,-53.80835,1325.50073,1138.40393,115.00093,1314.3197,1103.54248,-32.96006,1247.44421
585,4.867,1295.36047,-46.74186,1310.27576,1282.43298,144.83405,1316.573,1154.177,-52.68263,1325.44055,1143.85693,116.36159,1315.66577,1108.11816,-30.95038,1248.38684
586,4.875,1300.75354,-47.13112,1311.02734,1287.45203,145.90431,1315.8208,1158.01453,-50.07637,1326.61096,1147.31689,117.91392,1316.18506,1112.42834,-28.50535,1249.07861
587,4.883,1304.3689,-45.4163,1311.53503,1292.34497,146.56934,1316.44348,1162.97534,-48.35191,1325.57141,1153.01111,119.4703,1315.77332,1115.98218,-26.72515,1249.80017
588,4.892,1307.93408,-44.31499,1311.58801,1296.96643,146.90796,1317.15259,1165.75867,-48.84509,1326.6427,1157.2135,119.60029,1316.17297,1120.65283,-25.76148,1251.04285
589,4.9,1312.45581,-43.53366,1311.15869,1301.66125,148.40103,1317.75598,1171.0708,-45.68867,1328.72852,1162.69592,123.63543,1316.78967,1123.77002,-24.15331,1251.46313
590,4.908,1316.98682,-42.83663,1311.86877,1309.1228,150.17879,1317.84607,1174.00342,-45.62686,1327.57605,1166.51697,123.09747,1317.62988,1128.93103,-22.58698,1251.69812
591,4.917,1319.85852,-41.28566,1310.84351,1313.42859,151.00648,1317.40491,1179.95203,-43.15257,1329.5542,1173.16052,125.79257,1318.24939,1132.74316,-22.18801,1253.07849
592,4.925,1323.95654,-40.97993,1310.98169,1318.44751,151.30374,1317.54175,1183.05725,-42.6119,1329.53516,1177.07312,125.37054,1318.82788,1135.40527,-19.30824,1252.76318
593,4.933,1327.80774,-40.38555,1311.19727,1320.69971,151.52805,1318.08105,1186.73157,-40.87698,1329.67004,1181.9314,129.63922,1320.1073,1140.19885,-18.11809,1253.59741
594,4.942,1332.74731,-39.57163,1313.02649,1330.49451,153.81007,1318.75037,1191.62451,-38.52726,1330.69531,1186.13782,128.77107,1320.59741,1144.22998,-17.35454,1254.13806
595,4.95,1336.17017,-39.33185,1312.1073,1331.95325,153.87366,1318.12146,1195.48132,-39.72609,1331.84338,1192.25061,131.52527,1319.93274,1148.68298,-14.49798,1255.44409
596,4.958,1340.13062,-38.15045,1312.28943,1334.41895,153.82558,1317.75964,1197.98499,-37.72411,1332.05444,1194.78198,130.56505,1321.24695,1151.14417,-14.1698,1255.18274
597,4.967,1344.85229,-38.65808,1312.73499,1340.67896,154.74821,1318.82666,1204.11206,-35.22879,1333.7572,1199.20276,131.64929,1321.46326,1156.74146,-13.0567,1255.99463
598,4.975,1346.89917,-34.11212,1312.55579,1349.29553,157.75836,1319.26685,1210.77576,-33.26556,1333.10876,1204.05151,134.7915,1321.12756,1159.42285,-10.5509,1256.70386
599,4.983,1350.41357,-33.94323,1312.84558,1350.16931,156.0439,1317.65759,1211.1958,-32.55199,1333.33069,1209.00562,134.28433,1320.56995,1164.771,-9.49285,1257.72485
600,4.992,1354.6532,-33.38268,1312.2594,1355.94373,156.92331,1317.67725,1215.28088,-32.81721,1333.45959,1213.9082,137.97675,1321.86316,1167.78564,-8.82965,1258.09497
601,5,1358.74158,-33.0681,1312.08179,1362.24329,159.01486,1318.1499,1220.17175,-28.00468,1335.14331,1219.35645,136.30753,1322.07629,1171.24988,-7.36159,1257.85071
602,5.008,1362.7876,-32.46646,1311.63513,1365.46741,157.97127,1317.4231,1224.26379,-28.77827,1336.08777,1223.43262,139.44211,1322.54797,1176.7605,-5.08436,1258.51709
603,5.017,1368.49353,-35.88053,1313.10315,1367.60779,157.82848,1316.75623,1227.86914,-27.86445,1335.65955,1228.1532,139.33986,1322.75964,1179.49329,-5.41719,1258.86194
604,5.025,1371.7522,-33.72039,1313.31506,1372.89429,157.62527,1316.54297,1231.99048,-27.76385,1334.41565,1233.14478,140.77782,1322.83057,1183.60815,-3.73832,1258.46472
605,5.033,1377.3562,-34.46985,1313.49182,1375.94958,157.84206,1316.95947,1234.25745,-27.24962,1333.245,1235.01978,141.86609,1323.37646,1188.32495,-3.23666,1259.0863
606,5.042,1380.75818,-33.97463,1313.43152,1385.47913,159.78049,1317.45032,1241.5752,-26.78279,1336.08337,1240.47729,140.16156,1322.81152,1191.82703,-3.68433,1258.6886
607,5.05,1384.24084,-32.60719,1312.54077,1385.57654,159.35448,1316.50842,1243.97705,-25.57698,1335.35083,1246.23669,142.6414,1322.47388,1194.90027,-0.02515,1258.90503
608,5.058,1388.10291,-32.89539,1312.0957,1393.66943,160.35416,1316.71875,1248.60254,-25.47878,1334.50134,1250.61243,142.39394,1322.36462,1199.77661,-1.12668,1259.53687
609,5.067,1388.92529,-27.09166,1311.89746,1397.69885,161.00935,1316.48279,1252.78027,-24.20962,1335.82092,1254.03149,144.53766,1322.94836,1202.82739,-0.54004,1259.70667
610,5.075,1392.25781,-26.89898,1311.85156,1400.18689,159.88431,1314.95544,1256.86877,-24.27531,1335.32153,1259.77026,144.96599,1323.31384,1207.69446,1.53531,1259.25732
611,5.083,1396.93726,-26.08698,1311.18738,1407.05066,161.67885,1315.45801,1261.02209,-25.15565,1335.5387,1261.76855,145.54111,1323.57556,1211.69934,0.73654,1259.82544
612,5.092,1400.95227,-25.94601,1311.12805,1410.26379,160.93216,1314.82861,1264.0686,-21.69991,1335.11169,1267.43921,143.29114,1323.16992,1214.46167,0.91288,1259.59607
613,5.1,1404.73535,-26.81955,1310.77795,1412.47217,159.79106,1313.73364,1268.57678,-24.2274,1334.2561,1271.04639,146.81113,1323.27502,1220.10547,2.74719,1259.11145
614,5.108,1409,-26.68529,1310.70459,1417.53503,160.06563,1314.27625,1272.46912,-22.54976,1335.69543,1277.41211,144.78796,1322.01245,1223.61169,2.34954,1259.59314
615,5.117,1413.22559,-26.23673,1310.06531,1420.6217,159.57297,1313.88257,1276.06616,-23.2249,1335.06555,1278.77393,145.67111,1321.55396,1226.7157,1.4547,1258.61145
616,5.125,1417.02954,-26.62363,1309.54407,1424.69189,159.25711,1312.90503,1280.82361,-21.66951,1335.13574,1284.70654,142.85481,1321.15417,1230.80237,3.97542,1259.29541
617,5.133,1420.82581,-26.49228,1308.948,1433.23474,160.98773,1313.75378,1284.4198,-22.47753,1335.12659,1288.44531,145.43889,1321.00732,1236.42249,2.19551,1259.46753
618,5.142,1424.58667,-26.20694,1308.66016,1436.38611,160.50354,1313.604,1288.20618,-23.01335,1335.07666,1294.40808,143.87624,1321.47351,1238.8479,2.66619,1259.36121
619,5.15,1432.25476,-33.72792,1308.46143,1438.25366,158.39197,1311.46826,1292.53857,-23.66243,1333.99792,1295.10596,143.76019,1321.43457,1243.51514,1.47531,1258.33057
620,5.158,1436.63184,-33.99913,1308.34839,1444.70276,160.29025,1312.2417,1296.11353,-23.02632,1332.70044,1300.80444,142.03229,1321.00806,1248.53101,-0.00448,1258.30457
621,5.167,1441.05212,-33.73276,1308.15601,1449.36548,159.24529,1311.6936,1301.43945,-25.53161,1331.28601,1305.54797,145.69264,1320.52808,1251.34656,0.96861,1258.34595
622,5.175,1444.86426,-35.19699,1308.14709,1450.34985,157.96869,1310.78979,1302.04553,-25.03788,1331.01416,1309.82642,143.42853,1320.57031,1256.2561,0.56663,1257.51367
623,5.183,1449.80554,-35.52422,1307.68103,1453.93335,157.02684,1310.04199,1308.91028,-24.92224,1333.10266,1311.83057,143.88669,1320.75537,1259.57764,-0.36308,1257.43164
624,5.192,1453.26929,-35.60494,1307.47937,1457.58826,156.32884,1310.44629,1314.63306,-25.95569,1333.31531,1317.26489,141.89107,1319.63965,1263.22766,-2.28234,1256.78613
625,5.2,1458.13464,-35.98899,1307.14954,1462.49377,156.37892,1309.73572,1319.18445,-25.7909,1332.04199,1324.62354,141.30469,1317.11816,1268.13489,-1.29511,1256.46387
626,5.208,1460.99268,-36.12638,1305.92175,1467.13513,155.866,1308.97974,1322.57703,-26.00831,1331.5365,1324.6958,142.05698,1317.63977,1273.08411,-2.88652,1255.69092
627,5.217,1465.29431,-37.23641,1305.30469,1470.19788,155.06807,1309,1326.80054,-27.90646,1330.84204,1329.56201,141.39642,1317.07373,1277.67249,-3.11738,1255.55017
628,5.225,1468.01343,-33.54373,1305.79224,1478.02234,156.07855,1308.76489,1328.53638,-28.65817,1329.23108,1334.27954,140.66122,1317.44348,1280.74268,-4.58729,1253.57422
629,5.233,1472.22498,-34.12295,1305.61084,1482.10376,154.48755,1308.40369,1334.12415,-28.85319,1328.79565,1337.61279,136.24944,1317.08472,1285.0238,-4.91055,1253.28723
630,5.242,1479.35046,-39.84229,1303.8667,1485.36084,154.38211,1307.84229,1339.11902,-31.32672,1328.32178,1340.50488,137.16226,1316.25378,1289.6731,-6.21648,1253.55444
631,5.25,1482.85608,-40.65673,1303.32849,1486.75671,151.98431,1305.7981,1342.82227,-31.81113,1327.14282,1345.85315,134.82539,1314.98254,1294.47485,-7.7018,1251.41516
632,5.258,1487.69202,-41.3257,1302.04651,1491.61841,150.81248,1305.10864,1348.78345,-32.34958,1328.00647,1349.65479,135.12381,1313.63916,1298.78833,-8.07984,1251.67249
633,5.267,1491.50964,-41.85126,1301.60657,1495.34155,149.78972,1305.06201,1351.46948,-36.17921,1326.20581,1354.79309,135.55902,1313.70593,1302.45435,-9.40051,1251.44434
634,5.275,1496.02307,-43.79005,1300.8175,1503.07996,150.29305,1305.22644,1356.51599,-34.45495,1325.02234,1360.19409,133.51646,1313.78381,1306.41479,-11.78951,1249.21411
635,5.283,1501.25928,-45.65672,1299.78809,1504.953,147.81184,1304.32483,1360.82849,-35.64584,1323.27991,1362.68445,133.60115,1314.05701,1311.52478,-13.72898,1248.03186
636,5.292,1505.87219,-46.09568,1299.02112,1508.04504,145.88226,1303.81726,1365.90222,-38.99387,1323.36841,1366.73352,129.32123,1310.80896,1315.83276,-12.6147,1248.28369
637,5.3,1510.16357,-47.79758,1298.5813,1511.7865,143.99127,1302.43665,1371.81396,-39.62708,1322.974,1372.20947,127.46072,1311.51111,1321.28174,-15.22716,1247.78418
638,5.308,1514.43335,-48.46711,1297.52869,1515.32312,143.11061,1302.89722,1374.23071,-42.02144,1321.17639,1373.3363,126.89278,1310.33936,1326.15552,-18.50903,1245.42249
639,5.317,1520.57288,-50.31133,1297.30542,1519.81995,142.81555,1300.89319,1379.66394,-43.6814,1321.15613,1379.6405,124.57656,1308.6991,1331.36096,-19.39695,1245.09888
640,5.325,1523.6698,-50.82787,1296.20898,1524.36145,140.75467,1300.28271,1383.89905,-47.17928,1320.42358,1383.02832,120.43063,1306.2832,1333.9812,-19.92463,1243.60779
641,5.333,1528.54163,-52.44814,1294.93494,1529.6283,139.96919,1300.078,1386.56934,-46.29537,1318.3241,1388.35596,120.37559,1307.43091,1339.21948,-22.65185,1243.22974
642,5.342,1533.70728,-54.38269,1294.08594,1532.06543,137.56197,1300.27246,1392.78967,-48.90046,1316.48352,1393.85803,121.51412,1307.57715,1344.1792,-25.55188,1241.67053
643,5.35,1538.55981,-56.49176,1293.89465,1537.73486,136.0594,1299.65015,1398.29407,-50.32096,1316.35608,1399.28101,119.39576,1307.88135,1350.47314,-27.06345,1241.23474
644,5.358,1543.06775,-57.633,1293.37073,1541.29431,134.19931,1299.27271,1404.37427,-52.8558,1317.29797,1405.56738,116.90051,1307.42932,1354.09436,-28.38903,1240.59656
645,5.367,1548.54358,-59.63376,1292.96216,1545.7782,133.17007,1299.64258,1407.73828,-55.32819,1315.46667,1404.66797,113.46397,1307.02429,1358.9884,-29.55753,1240.91431
646,5.375,1553.88525,-60.62462,1292.39075,1549.97302,131.43236,1298.9917,1413.13757,-57.25541,1314.26245,1411.94446,112.37251,1305.34497,1364.07959,-32.77988,1240.79565
647,5.383,1557.9458,-62.96952,1291.86145,1555.45935,129.55852,1299.29944,1417.37146,-57.85229,1315.82458,1416.21118,109.7114,1304.27063,1369.21887,-35.77612,1240.74841
648,5.392,1563.17261,-64.65735,1291.93298,1560.04895,127.7772,1299.21582,1421.95935,-61.90315,1313.8916,1421.68225,106.69302,1305.33228,1374.01563,-37.18541,1239.39929
649,5.4,1567.32288,-65.70695,1291.86121,1564.32605,126.08871,1299.77576,1428.61133,-64.14538,1314.97534,1424.11975,104.53074,1305.19446,1379.70557,-38.88201,1239.52612
650,5.408,1572.66418,-67.3241,1291.97986,1569.10706,124.14507,1299.98608,1431.10938,-65.97665,1314.57031,1429.50012,103.08363,1306.63623,1383.00403,-38.91655,1239.12598
651,5.417,1577.55176,-68.18034,1292.1106,1574.42175,123.01682,1300.9491,1437.30786,-68.81805,1315.35034,1433.56885,100.63644,1306.76648,1388.33826,-43.16868,1239.33423
652,5.425,1582.50305,-71.13445,1292.37988,1578.62244,120.87166,1301.04395,1441.2605,-68.36301,1316.23462,1438.87805,98.33733,1307.45227,1393.3175,-45.84585,1240.0697
653,5.433,1587.58044,-73.07695,1293.12561,1583.04065,118.74753,1301.4696,1447.03125,-71.31299,1314.86609,1443.00598,95.38141,1307.53381,1398.27881,-48.08627,1240.08789
654,5.442,1592.21143,-75.32954,1293.78674,1587.5343,117.10189,1302.75012,1452.41516,-74.89767,1315.57874,1447.31421,94.49959,1307.9093,1401.64648,-49.25537,1241.61743
655,5.45,1596.65271,-76.58475,1294.30701,1591.90735,114.96043,1302.99219,1456.28882,-76.70406,1317.99707,1451.33655,91.63713,1308.28052,1406.33008,-51.92253,1242.20398
656,5.458,1601.17419,-79.43131,1295.77832,1596.12061,113.06436,1304.14819,1460.51514,-76.02605,1317.19092,1457.25427,88.65242,1309.45911,1412.77649,-53.87907,1241.6792
657,5.467,1606.59509,-80.53854,1296.11438,1599.82275,111.08305,1305.401,1464.8811,-79.6754,1317.7229,1459.68665,86.28272,1309.84619,1418.12305,-55.66438,1242.08118
658,5.475,1610.59436,-83.25248,1297.28955,1604.52954,108.61837,1306.03992,1470.50391,-82.98924,1318.25842,1464.48987,84.83243,1311.15674,1423.42639,-56.17192,1242.77429
659,5.483,1615.08398,-84.62704,1297.79504,1608.19897,107.18154,1307.23865,1476.79468,-85.53999,1319.32385,1469.92493,83.6931,1312.73511,1427.44836,-58.5821,1243.07227
