Frame#,Time,L.Wrist.x,L.Wrist.y,L.Wrist.z,L.Thumb.M1.x,L.Thumb.M1.y,L.Thumb.M1.z,L.Thumb.M2.x,L.Thumb.M2.y,L.Thumb.M2.z,L.Thumb.M3.x,L.Thumb.M3.y,L.Thumb.M3.z,L.Finger3.M1.x,L.Finger3.M1.y,L.Finger3.M1.z,L.Finger3.M2.x,L.Finger3.M2.y,L.Finger3.M2.z,L.Finger3.M3.x,L.Finger3.M3.y,L.Finger3.M3.z
1,0,176.02245,221.22623,632.86023,161.72308,170.02036,653.25861,192.50726,158.1467,677.47693,221.54353,125.5577,701.27271,247.07722,202.42482,652.62836,297.02325,168.89752,639.77368,316.37662,125.38007,608.76166
2,0.008,176.02245,221.22623,632.86023,160.57867,170.72404,652.28192,192.50726,158.1467,677.47693,221.46391,125.46055,701.43103,247.07722,202.42482,652.62836,297.02325,168.89752,639.77368,316.37662,125.38007,608.76166
3,0.017,175.82555,220.99245,632.74707,160.57867,170.72404,652.28192,192.33795,158.17894,677.90137,221.37483,124.96835,701.28418,247.07722,202.42482,652.62836,296.96851,168.61334,639.70941,316.37662,125.38007,608.76166
4,0.025,175.64261,220.86198,632.59961,160.57867,170.72404,652.28192,192.50726,158.1467,677.47693,221.09099,124.6834,701.52325,247.07722,202.42482,652.62836,296.96851,168.61334,639.70941,316.37662,125.38007,608.76166
5,0.033,175.64261,220.86198,632.59961,160.57867,170.72404,652.28192,192.50726,158.1467,677.47693,221.11513,124.32348,701.31165,247.07722,202.42482,652.62836,296.96851,168.61334,639.70941,316.00281,125.54757,608.70923
6,0.042,175.45941,221.04926,632.75171,160.57867,170.72404,652.28192,192.37289,157.94994,677.62488,220.49567,123.77451,701.42267,247.07722,202.42482,652.62836,296.96851,168.61334,639.70941,315.84503,125.08489,608.70807
7,0.05,175.45888,220.3374,632.61377,160.57867,170.72404,652.28192,192.37289,157.94994,677.62488,220.62416,123.88992,701.36707,246.76558,202.60716,652.71045,296.66129,167.94525,639.82538,315.61276,125.26968,608.43176
8,0.058,175.27571,220.52469,632.76581,160.1772,170.95961,652.28705,192.37289,157.94994,677.62488,220.59048,123.28103,701.37463,246.76558,202.60716,652.71045,296.66129,167.94525,639.82538,315.67856,124.80581,608.4035
9,0.067,175.27571,220.52469,632.76581,160.1772,170.95961,652.28705,192.20357,157.98213,678.04932,220.62912,122.97389,700.36304,246.76558,202.60716,652.71045,296.66129,167.94525,639.82538,315.67856,124.80581,608.4035
10,0.075,175.45888,220.3374,632.61377,160.1772,170.95961,652.28705,192.20357,157.98213,678.04932,220.62912,122.97389,700.36304,246.76558,202.60716,652.71045,296.66129,167.94525,639.82538,315.67856,124.80581,608.4035
11,0.083,175.26701,220.41339,632.63361,160.1772,170.95961,652.28705,192.37289,157.94994,677.62488,220.62912,122.97389,700.36304,246.76558,202.60716,652.71045,296.66129,167.94525,639.82538,315.67856,124.80581,608.4035
12,0.092,175.26701,220.41339,632.63361,160.57867,170.72404,652.28192,192.37289,157.94994,677.62488,220.68506,122.78683,701.32678,246.59409,201.68765,653.74158,296.66129,167.94525,639.82538,315.67856,124.80581,608.4035
13,0.1,175.45888,220.3374,632.61377,160.57867,170.72404,652.28192,192.37289,157.94994,677.62488,220.68506,122.78683,701.32678,247.07501,201.33043,653.758,296.66129,167.94525,639.82538,315.67856,124.80581,608.4035
14,0.108,175.45888,220.3374,632.61377,160.1772,170.95961,652.28705,192.37289,157.94994,677.62488,220.6322,122.46804,701.18365,247.07501,201.33043,653.758,296.66129,167.94525,639.82538,315.67856,124.80581,608.4035
15,0.117,175.45888,220.3374,632.61377,160.1772,170.95961,652.28705,192.37289,157.94994,677.62488,220.6322,122.46804,701.18365,246.7057,201.67293,653.20856,296.66129,167.94525,639.82538,315.67856,124.80581,608.4035
16,0.125,175.45888,220.3374,632.61377,160.57867,170.72404,652.28192,192.20357,157.98213,678.04932,220.6322,122.46804,701.18365,247.83905,201.722,653.76807,296.66129,167.94525,639.82538,315.67856,124.80581,608.4035
17,0.133,175.73357,220.63133,632.79449,161.72308,170.02036,653.25861,192.37289,157.94994,677.62488,220.57631,122.65527,700.21997,247.83905,201.722,653.76807,296.66129,167.94525,639.82538,315.67856,124.80581,608.4035
18,0.142,175.45888,220.3374,632.61377,161.72308,170.02036,653.25861,192.37289,157.94994,677.62488,220.71062,122.6228,700.12195,247.83905,201.722,653.76807,296.66129,167.94525,639.82538,315.67856,124.80581,608.4035
19,0.15,175.73357,220.63133,632.79449,161.72308,170.02036,653.25861,192.37289,157.94994,677.62488,220.89502,122.5508,701.03003,247.53291,201.17674,653.32544,296.66129,167.94525,639.82538,316.08084,124.64162,608.41113
20,0.158,175.73357,220.63133,632.79449,161.72308,170.02036,653.25861,192.20357,157.98213,678.04932,221.53387,121.80116,702.54425,247.59058,201.01648,653.95709,296.66129,167.94525,639.82538,316.08084,124.64162,608.41113
21,0.167,175.73357,220.63133,632.79449,161.72308,170.02036,653.25861,192.37289,157.94994,677.62488,221.53387,121.80116,702.54425,247.83905,201.722,653.76807,296.66129,167.94525,639.82538,316.08084,124.64162,608.41113
22,0.175,175.73357,220.63133,632.79449,161.72308,170.02036,653.25861,192.37289,157.94994,677.62488,220.8392,122.73824,700.06622,247.83905,201.722,653.76807,296.771,168.41841,639.55682,316.08084,124.64162,608.41113
23,0.183,175.73357,220.63133,632.79449,161.72308,170.02036,653.25861,192.37289,157.94994,677.62488,220.91888,122.83554,699.90778,247.7617,201.93669,652.9256,296.771,168.41841,639.55682,316.01498,125.10552,608.43939
24,0.192,175.73357,220.63133,632.79449,161.72308,170.02036,653.25861,192.37289,157.94994,677.62488,221.83257,122.38973,702.4826,247.7617,201.93669,652.9256,296.771,168.41841,639.55682,316.17273,125.5682,608.44055
25,0.2,175.73357,220.63133,632.79449,161.72308,170.02036,653.25861,192.37289,157.94994,677.62488,221.83257,122.38973,702.4826,247.93425,202.15538,653.35754,296.96851,168.61334,639.70941,316.17273,125.5682,608.44055
26,0.208,175.73357,220.63133,632.79449,161.72308,170.02036,653.25861,192.37289,157.94994,677.62488,221.12248,123.34389,699.99493,247.83905,201.722,653.76807,296.96851,168.61334,639.70941,316.19223,125.85011,608.29529
27,0.217,175.53796,220.78435,633.00757,161.72308,170.02036,653.25861,192.9812,157.89905,677.78894,221.12248,123.34389,699.99493,247.36194,202.00325,653.82672,296.96851,168.61334,639.70941,316.19223,125.85011,608.29529
28,0.225,175.53796,220.78435,633.00757,161.72308,170.02036,653.25861,192.50726,158.1467,677.47693,222.26518,122.93077,702.45178,247.10486,202.38872,653.17865,296.96851,168.61334,639.70941,316.50137,125.90232,608.27954
29,0.233,175.53796,220.78435,633.00757,161.72308,170.02036,653.25861,192.50726,158.1467,677.47693,222.26518,122.93077,702.45178,247.10486,202.38872,653.17865,296.96851,168.61334,639.70941,316.50137,125.90232,608.27954
30,0.242,175.53796,220.78435,633.00757,161.70122,170.03445,653.21948,193.11549,158.09576,677.64099,221.78923,124.93481,700.21759,246.80647,202.573,652.98639,296.86804,168.57805,639.75745,316.47595,125.35927,608.69153
31,0.25,175.34612,220.86029,633.0274,161.72308,170.02036,653.25861,192.50726,158.1467,677.47693,221.44173,123.75261,700.02844,246.59518,202.80081,652.85693,296.92108,168.84705,639.83386,316.47595,125.35927,608.69153
32,0.258,175.34612,220.86029,633.0274,161.72308,170.02036,653.25861,192.37289,157.94994,677.62488,222.26518,122.93077,702.45178,246.37692,202.94576,652.97089,296.98431,168.9906,639.70978,316.56183,125.69011,608.43262
33,0.267,175.34612,220.86029,633.0274,161.72308,170.02036,653.25861,192.9812,157.89905,677.78894,222.26518,122.93077,702.45178,246.37692,202.94576,652.97089,296.92108,168.84705,639.83386,317.17026,125.99107,608.67975
34,0.275,174.87431,220.87946,633.01898,161.72308,170.02036,653.25861,192.50726,158.1467,677.47693,221.49748,123.56509,700.99261,246.41783,202.91154,653.2467,296.98431,168.9906,639.70978,316.91061,125.9365,608.69183
35,0.283,174.81725,220.7494,633.13458,160.1772,170.95961,652.28705,192.50726,158.1467,677.47693,221.44173,123.75261,700.02844,246.41783,202.91154,653.2467,296.98431,168.9906,639.70978,316.91061,125.9365,608.69183
36,0.292,174.87431,220.87946,633.01898,159.84383,170.87158,651.84991,192.33795,158.17894,677.90137,221.75372,125.16077,701.15643,246.41783,202.91154,653.2467,296.98431,168.9906,639.70978,316.91061,125.9365,608.69183
37,0.3,175.05809,221.40387,633.00476,160.1772,170.95961,652.28705,192.20357,157.98213,678.04932,222.33577,124.56224,702.52112,246.41783,202.91154,653.2467,296.98431,168.9906,639.70978,316.7926,126.13711,608.55396
38,0.308,174.62003,221.0737,633.18286,159.48642,171.60373,652.24969,192.33795,158.17894,677.90137,221.56772,125.19778,701.06104,246.23538,203.15883,653.37268,296.98431,168.9906,639.70978,316.99924,126.31,608.6344
39,0.317,174.62064,221.78525,633.32062,159.48642,171.60373,652.24969,192.50726,158.1467,677.47693,221.4881,125.10063,701.21942,246.23538,203.15883,653.37268,296.77161,169.10594,639.66455,316.76163,126.82571,608.85632
40,0.325,174.62064,221.78525,633.32062,159.48642,171.60373,652.24969,192.33795,158.17894,677.90137,221.32256,125.40486,701.32086,246.12296,203.46677,653.28943,296.98431,168.9906,639.70978,316.64368,127.02643,608.71851
41,0.333,174.62064,221.78525,633.32062,159.48642,171.60373,652.24969,192.50726,158.1467,677.47693,221.26273,125.77757,701.45154,246.00096,203.69482,652.8808,296.77161,169.10594,639.66455,316.28592,126.75114,608.54846
42,0.342,174.40993,221.83517,633.36658,159.48642,171.60373,652.24969,192.20357,157.98213,678.04932,221.46498,126.51576,701.66229,246.08208,203.50099,653.01361,296.77161,169.10594,639.66455,316.28592,126.75114,608.54846
43,0.35,174.40993,221.83517,633.36658,159.48642,171.60373,652.24969,192.33795,158.17894,677.90137,221.18311,125.6804,701.60986,246.00096,203.69482,652.8808,296.77161,169.10594,639.66455,315.7749,127.84483,608.65717
44,0.358,174.44943,221.96938,633.25482,159.85823,172.45424,652.47638,192.50726,158.1467,677.47693,221.16884,125.90788,701.75061,245.85756,203.61301,652.78217,296.60239,169.73285,639.58807,315.59744,127.57646,608.29913
45,0.367,174.19743,222.73589,633.10938,159.85823,172.45424,652.47638,192.33795,158.17894,677.90137,220.84776,125.94938,701.44104,245.85756,203.61301,652.78217,296.7067,170.03976,639.4115,315.52197,127.72695,608.62415
46,0.375,173.87845,222.89357,633.33539,159.43362,172.00621,652.09625,192.33795,158.17894,677.90137,220.84776,125.94938,701.44104,245.85756,203.61301,652.78217,296.23184,170.32275,639.26233,315.52197,127.72695,608.62415
47,0.383,173.5338,223.14668,633.32922,159.85823,172.45424,652.47638,192.50726,158.1467,677.47693,221.04042,125.7926,701.80621,245.75391,203.56889,652.85492,295.67953,170.81293,639.57147,315.52197,127.72695,608.62415
48,0.392,173.5338,223.14668,633.32922,159.64656,172.51935,652.44354,192.34464,158.40422,677.73199,220.9847,125.40168,701.7478,245.80023,203.71341,652.93146,295.60281,170.78394,639.76068,315.52197,127.72695,608.62415
49,0.4,173.5338,223.14668,633.32922,159.64383,172.97571,652.21875,192.34464,158.40422,677.73199,220.51839,125.60685,701.38654,245.69658,203.6693,653.00415,295.67953,170.81293,639.57147,315.29941,128.00583,608.6629
50,0.408,173.5338,223.14668,633.32922,159.64383,172.97571,652.21875,191.69244,158.59703,677.72046,220.71146,125.92874,701.44757,245.69658,203.6693,653.00415,295.67953,170.81293,639.57147,315.29941,128.00583,608.6629
51,0.417,173.5338,223.14668,633.32922,159.64383,172.97571,652.21875,191.95406,158.72836,677.62219,220.51839,125.60685,701.38654,245.69658,203.6693,653.00415,295.78394,171.11966,639.39502,315.06125,128.07175,608.75543
52,0.425,173.5338,223.14668,633.32922,159.64383,172.97571,652.21875,191.48164,158.68245,677.65613,220.51839,125.60685,701.38654,245.69658,203.6693,653.00415,295.70718,171.0907,639.58417,315.06125,128.07175,608.75543
53,0.433,173.5338,223.14668,633.32922,159.64383,172.97571,652.21875,191.94196,159.50133,677.26831,220.75003,125.91621,701.34802,245.69658,203.6693,653.00415,295.78394,171.11966,639.39502,314.67764,128.05263,608.2926
54,0.442,173.5338,223.14668,633.32922,159.21593,172.38298,651.90997,191.40022,159.07655,677.16882,220.43398,126.02051,701.1579,245.84399,203.7226,653.11884,295.78394,171.11966,639.39502,314.65445,129.9798,607.32574
55,0.45,173.5338,223.14668,633.32922,159.57828,173.37772,652.02075,191.84331,159.311,676.9624,220.7872,126.13234,701.2373,245.39781,203.85661,653.09601,295.80984,170.86629,639.21234,314.64035,128.24725,608.03955
56,0.458,173.5338,223.14668,633.32922,159.64383,172.97571,652.21875,191.40022,159.07655,677.16882,220.58379,126.24638,701.16101,245.84399,203.7226,653.11884,295.67953,170.81293,639.57147,314.65445,129.9798,607.32574
57,0.467,173.5338,223.14668,633.32922,159.57828,173.37772,652.02075,191.67404,159.34323,677.38696,220.46135,126.43235,700.90521,245.80023,203.71341,652.93146,295.67953,170.81293,639.57147,314.64035,128.24725,608.03955
58,0.475,173.5338,223.14668,633.32922,159.57828,173.37772,652.02075,191.85249,160.03851,677.31201,220.46135,126.43235,700.90521,245.84399,203.7226,653.11884,295.78394,171.11966,639.39502,314.65445,129.9798,607.32574
59,0.483,173.5338,223.14668,633.32922,159.57828,173.37772,652.02075,191.66817,159.2347,677.05017,220.66473,126.31823,700.98145,245.85756,203.61301,652.78217,295.80984,170.86629,639.21234,314.64035,128.24725,608.03955
60,0.492,173.5338,223.14668,633.32922,159.57828,173.37772,652.02075,191.84659,159.92996,676.97528,220.46135,126.43235,700.90521,245.80023,203.71341,652.93146,295.78394,171.11966,639.39502,314.64035,128.24725,608.03955
61,0.5,173.5338,223.14668,633.32922,159.57828,173.37772,652.02075,192.511,159.87225,677.30328,220.47112,126.23665,701.04712,245.80023,203.71341,652.93146,295.78394,171.11966,639.39502,314.71573,127.84906,608.21771
62,0.508,173.66951,223.17619,633.25537,159.57828,173.37772,652.02075,192.12033,160.19649,677.19342,220.44289,125.81333,701.16187,245.80023,203.71341,652.93146,295.78394,171.11966,639.39502,314.71573,127.84906,608.21771
63,0.517,173.66951,223.17619,633.25537,159.57828,173.37772,652.02075,192.33258,159.17722,677.37817,220.44289,125.81333,701.16187,245.85756,203.61301,652.78217,295.70547,170.55957,639.38885,314.95389,127.78319,608.12524
64,0.525,173.66951,223.17619,633.25537,159.57828,173.37772,652.02075,192.33258,159.17722,677.37817,220.75893,125.70909,701.35199,245.85756,203.61301,652.78217,296.10583,169.96651,639.21375,314.93137,127.83997,607.85284
65,0.533,174.01416,222.92303,633.26154,159.64383,172.97571,652.21875,192.53703,159.06497,677.46277,220.72174,125.49287,701.46277,245.85756,203.61301,652.78217,296.11029,170.68648,639.11761,314.93137,127.83997,607.85284
66,0.542,174.01416,222.92303,633.26154,159.64383,172.97571,652.21875,192.70633,159.03267,677.03827,220.72174,125.49287,701.46277,245.85756,203.61301,652.78217,296.11029,170.68648,639.11761,314.93137,127.83997,607.85284
67,0.55,174.01416,222.92303,633.26154,159.11768,173.28926,652.09955,192.53703,159.06497,677.46277,220.51839,125.60685,701.38654,245.85756,203.61301,652.78217,296.11029,170.68648,639.11761,314.93137,127.83997,607.85284
68,0.558,174.01416,222.92303,633.26154,159.11768,173.28926,652.09955,192.51393,158.37195,677.3075,220.66899,125.40004,701.23926,245.85756,203.61301,652.78217,296.11029,170.68648,639.11761,314.88098,127.55763,607.66571
69,0.567,174.19743,222.73589,633.10938,159.11768,173.28926,652.09955,192.34464,158.40422,677.73199,220.88593,125.78136,700.93823,245.85756,203.61301,652.78217,296.22736,169.60268,639.3584,315.21942,127.56395,607.60059
70,0.575,174.19743,222.73589,633.10938,159.31036,173.18886,652.14984,192.34464,158.40422,677.73199,220.74861,125.49727,701.08093,246.00096,203.69482,652.8808,296.77161,169.10594,639.66455,315.21942,127.56395,607.60059
71,0.583,174.19743,222.73589,633.10938,159.31036,173.18886,652.14984,192.50726,158.1467,677.47693,220.87703,125.61255,701.02533,246.00096,203.69482,652.8808,296.77161,169.10594,639.66455,315.40393,127.48865,607.63672
72,0.592,174.38033,222.86624,633.25677,159.31036,173.18886,652.14984,192.50726,158.1467,677.47693,220.87703,125.61255,701.02533,246.00096,203.69482,652.8808,296.77161,169.10594,639.66455,315.80334,126.73721,608.01617
73,0.6,174.60155,222.47728,633.45026,159.33203,172.76845,652.35712,192.50726,158.1467,677.47693,220.82367,125.10757,700.95941,246.00096,203.69482,652.8808,297.02325,168.89752,639.77368,316.02405,126.51481,607.90839
74,0.608,174.953,222.14363,633.586,159.33203,172.76845,652.35712,192.50726,158.1467,677.47693,221.20932,125.27261,701.38562,246.00096,203.69482,652.8808,296.77161,169.10594,639.66455,315.94055,126.57217,607.87445
75,0.617,174.80356,221.91565,633.46802,159.33203,172.76845,652.35712,192.50726,158.1467,677.47693,221.01671,125.4294,701.02051,246.00096,203.69482,652.8808,296.88394,169.49539,639.46033,316.62216,126.46982,607.78027
76,0.625,175.20721,221.94954,633.42218,159.48642,171.60373,652.24969,192.50726,158.1467,677.47693,221.1833,126.06665,701.02161,246.37692,202.94576,652.97089,296.98431,168.9906,639.70978,316.6619,126.62519,607.55792
77,0.633,175.24103,221.53429,633.15216,159.48642,171.60373,652.24969,192.33795,158.17894,677.90137,221.01671,125.4294,701.02051,246.37692,202.94576,652.97089,296.98431,168.9906,639.70978,316.62216,126.46982,607.78027
78,0.642,175.43797,221.76805,633.26532,160.02718,171.27371,652.5451,192.33795,158.17894,677.90137,221.48766,125.74525,700.30786,246.37692,202.94576,652.97089,296.98431,168.9906,639.70978,316.74017,126.26914,607.91809
79,0.65,175.43797,221.76805,633.26532,160.02718,171.27371,652.5451,192.50726,158.1467,677.47693,221.56772,125.19778,701.06104,246.59518,202.80081,652.85693,296.98431,168.9906,639.70978,316.62216,126.46982,607.78027
80,0.658,175.43797,221.76805,633.26532,160.02718,171.27371,652.5451,192.50726,158.1467,677.47693,221.56772,125.19778,701.06104,246.59518,202.80081,652.85693,296.98431,168.9906,639.70978,316.74017,126.26914,607.91809
81,0.667,175.43797,221.76805,633.26532,160.02718,171.27371,652.5451,192.50726,158.1467,677.47693,221.56772,125.19778,701.06104,246.51407,202.99472,652.724,296.98431,168.9906,639.70978,316.74017,126.26914,607.91809
82,0.675,175.62976,221.69215,633.24542,160.02718,171.27371,652.5451,192.50726,158.1467,677.47693,221.51192,125.38561,700.09631,246.59518,202.80081,652.85693,296.98431,168.9906,639.70978,316.62216,126.46982,607.78027
83,0.683,175.43797,221.76805,633.26532,160.02718,171.27371,652.5451,192.50726,158.1467,677.47693,221.51192,125.38561,700.09631,246.59518,202.80081,652.85693,296.98431,168.9906,639.70978,316.77991,126.42451,607.6958
84,0.692,175.43797,221.76805,633.26532,160.02718,171.27371,652.5451,192.50726,158.1467,677.47693,221.56772,125.19778,701.06104,246.59518,202.80081,652.85693,296.98431,168.9906,639.70978,317.03961,126.4791,607.68365
85,0.7,175.43797,221.76805,633.26532,160.02718,171.27371,652.5451,192.50726,158.1467,677.47693,221.56772,125.19778,701.06104,246.76558,202.60716,652.71045,296.98431,168.9906,639.70978,316.77991,126.42451,607.6958
86,0.708,175.62976,221.69215,633.24542,160.02718,171.27371,652.5451,192.50726,158.1467,677.47693,221.56772,125.19778,701.06104,247.07722,202.42482,652.62836,296.98431,168.9906,639.70978,316.89795,126.22403,607.83368
87,0.717,175.43283,221.4584,633.13232,161.44707,170.40118,653.70105,192.50726,158.1467,677.47693,221.25223,124.74073,700.12402,247.07722,202.42482,652.62836,296.98431,168.9906,639.70978,316.89795,126.22403,607.83368
88,0.725,175.62976,221.69215,633.24542,161.44707,170.40118,653.70105,192.50726,158.1467,677.47693,221.51192,125.38561,700.09631,247.07722,202.42482,652.62836,296.98431,168.9906,639.70978,316.74017,126.26914,607.91809
89,0.733,175.62976,221.69215,633.24542,161.44707,170.40118,653.70105,192.50726,158.1467,677.47693,221.56772,125.19778,701.06104,247.07722,202.42482,652.62836,296.98431,168.9906,639.70978,316.89795,126.22403,607.83368
90,0.742,175.62976,221.69215,633.24542,161.44707,170.40118,653.70105,192.50726,158.1467,677.47693,221.56772,125.19778,701.06104,246.76558,202.60716,652.71045,296.98431,168.9906,639.70978,316.89795,126.22403,607.83368
91,0.75,175.82687,221.3792,633.0733,161.44707,170.40118,653.70105,192.50726,158.1467,677.47693,221.56772,125.19778,701.06104,247.07722,202.42482,652.62836,297.02325,168.89752,639.77368,316.88226,126.60421,607.54932
92,0.758,175.82687,221.3792,633.0733,161.44707,170.40118,653.70105,192.50726,158.1467,677.47693,221.56772,125.19778,701.06104,247.07722,202.42482,652.62836,297.02325,168.89752,639.77368,317.19147,126.65626,607.53363
93,0.767,176.05566,221.69064,633.19714,161.44707,170.40118,653.70105,192.33795,158.17894,677.90137,221.56772,125.19778,701.06104,247.07722,202.42482,652.62836,296.98431,168.9906,639.70978,316.89795,126.22403,607.83368
94,0.775,176.05566,221.69064,633.19714,161.44707,170.40118,653.70105,193.11549,158.09576,677.64099,221.51192,125.38561,700.09631,247.07722,202.42482,652.62836,296.98431,168.9906,639.70978,317.15762,126.27862,607.82153
95,0.783,175.85855,222.00352,633.36926,161.44707,170.40118,653.70105,192.50726,158.1467,677.47693,221.51192,125.38561,700.09631,247.07722,202.42482,652.62836,297.02325,168.89752,639.77368,317.19147,126.65626,607.53363
96,0.792,175.85855,222.00352,633.36926,161.44707,170.40118,653.70105,192.50726,158.1467,677.47693,221.51192,125.38561,700.09631,247.07722,202.42482,652.62836,297.13278,169.37099,639.50513,317.19147,126.65626,607.53363
97,0.8,176.05566,221.69064,633.19714,161.44707,170.40118,653.70105,192.50726,158.1467,677.47693,221.56772,125.19778,701.06104,247.07722,202.42482,652.62836,297.41559,169.2043,639.40411,317.19147,126.65626,607.53363
98,0.808,176.05409,221.85074,633.15631,161.44707,170.40118,653.70105,192.94621,158.12802,678.06537,221.54353,125.5577,701.27271,247.59248,202.11156,652.82721,297.30597,168.73082,639.67273,317.19147,126.65626,607.53363
99,0.817,176.25122,221.53772,632.98413,161.44707,170.40118,653.70105,193.11549,158.09576,677.64099,221.81367,125.83833,701.2655,247.59248,202.11156,652.82721,297.30597,168.73082,639.67273,317.19147,126.65626,607.53363
100,0.825,176.05409,221.85074,633.15631,161.44707,170.40118,653.70105,193.11549,158.09576,677.64099,221.81367,125.83833,701.2655,247.59248,202.11156,652.82721,297.30597,168.73082,639.67273,317.19147,126.65626,607.53363
101,0.833,176.25122,221.53772,632.98413,161.44707,170.40118,653.70105,193.11549,158.09576,677.64099,221.75784,126.02596,700.30054,247.51131,202.30565,652.69427,297.41559,169.2043,639.40411,317.19147,126.65626,607.53363
102,0.842,176.31282,222.60883,632.98444,161.44707,170.40118,653.70105,193.11549,158.09576,677.64099,221.8671,126.34329,701.33142,247.59248,202.11156,652.82721,297.41559,169.2043,639.40411,317.42694,126.83976,607.625
103,0.85,176.50996,222.29594,632.81232,161.5538,171.11749,654.28204,193.11549,158.09576,677.64099,221.8671,126.34329,701.33142,247.67865,202.52083,652.84094,297.32297,169.23386,639.40033,317.23972,126.66671,607.77588
104,0.858,176.31282,222.60883,632.98444,161.5538,171.11749,654.28204,192.33795,158.17894,677.90137,221.95503,126.63259,701.43768,247.67865,202.52083,652.84094,297.13278,169.37099,639.50513,317.42694,126.83976,607.625
105,0.867,176.31282,222.60883,632.98444,161.30676,170.89923,653.2981,193.11549,158.09576,677.64099,221.94077,126.86009,701.57843,247.59248,202.11156,652.82721,297.41559,169.2043,639.40411,317.42694,126.83976,607.625
106,0.875,176.31282,222.60883,632.98444,161.5538,171.11749,654.28204,193.11549,158.09576,677.64099,221.94077,126.86009,701.57843,247.51131,202.30565,652.69427,297.41559,169.2043,639.40411,317.42694,126.83976,607.625
107,0.883,176.31282,222.60883,632.98444,161.41357,171.61552,653.87927,193.11549,158.09576,677.64099,221.94077,126.86009,701.57843,247.51131,202.30565,652.69427,297.41559,169.2043,639.40411,317.15067,126.43991,607.80194
108,0.892,176.49294,222.47707,632.68878,161.41357,171.61552,653.87927,192.50726,158.1467,677.47693,221.94077,126.86009,701.57843,247.16353,202.83398,652.64221,297.13278,169.37099,639.50513,317.38611,126.62339,607.89331
109,0.9,176.49294,222.47707,632.68878,161.41357,171.61552,653.87927,192.50726,158.1467,677.47693,221.86115,126.76292,701.73669,246.99609,202.61879,652.49548,297.41559,169.2043,639.40411,317.15067,126.43991,607.80194
110,0.908,176.49294,222.47707,632.68878,160.84735,172.20671,652.47278,192.50726,158.1467,677.47693,221.86115,126.76292,701.73669,246.99609,202.61879,652.49548,297.41559,169.2043,639.40411,317.15067,126.43991,607.80194
111,0.917,176.29581,222.78992,632.86096,160.52242,172.18042,652.65186,192.50726,158.1467,677.47693,221.66844,126.91968,701.3714,247.51131,202.30565,652.69427,297.41559,169.2043,639.40411,317.15067,126.43991,607.80194
112,0.925,176.29581,222.78992,632.86096,160.52242,172.18042,652.65186,192.50726,158.1467,677.47693,221.66844,126.91968,701.3714,247.16353,202.83398,652.64221,297.41559,169.2043,639.40411,317.08508,126.55689,607.89697
113,0.933,176.29581,222.78992,632.86096,160.52242,172.18042,652.65186,192.33795,158.17894,677.90137,221.65063,126.57727,701.76044,246.99609,202.61879,652.49548,297.41559,169.2043,639.40411,317.15067,126.43991,607.80194
114,0.942,176.29581,222.78992,632.86096,160.52242,172.18042,652.65186,192.50726,158.1467,677.47693,221.86115,126.76292,701.73669,247.16353,202.83398,652.64221,297.41559,169.2043,639.40411,316.84149,126.38788,607.81757
115,0.95,176.29581,222.78992,632.86096,161.41357,171.61552,653.87927,192.50726,158.1467,677.47693,221.55951,126.6128,702.04163,246.99609,202.61879,652.49548,297.13278,169.37099,639.50513,317.15067,126.43991,607.80194
116,0.958,176.29581,222.78992,632.86096,160.52242,172.18042,652.65186,192.50726,158.1467,677.47693,221.55951,126.6128,702.04163,246.99609,202.61879,652.49548,297.13278,169.37099,639.50513,316.84149,126.38788,607.81757
117,0.967,176.29581,222.78992,632.86096,160.12114,172.41566,652.65698,192.33795,158.17894,677.90137,221.23576,126.2947,702.13013,246.99609,202.61879,652.49548,297.13278,169.37099,639.50513,316.63153,125.98982,607.85901
118,0.975,176.26208,222.65852,632.84576,160.52242,172.18042,652.65186,192.33795,158.17894,677.90137,221.23576,126.2947,702.13013,246.99609,202.61879,652.49548,297.13278,169.37099,639.50513,316.63153,125.98982,607.85901
119,0.983,176.06493,222.97142,633.01794,160.36775,173.34598,652.75916,192.69966,158.80762,677.2077,221.23576,126.2947,702.13013,246.99609,202.61879,652.49548,297.13278,169.37099,639.50513,316.63153,125.98982,607.85901
120,0.992,176.06493,222.97142,633.01794,160.36775,173.34598,652.75916,192.33795,158.17894,677.90137,221.23576,126.2947,702.13013,246.99609,202.61879,652.49548,297.02325,168.89752,639.77368,316.63153,125.98982,607.85901
121,1,176.29581,222.78992,632.86096,160.36775,173.34598,652.75916,192.33795,158.17894,677.90137,221.23576,126.2947,702.13013,246.99609,202.61879,652.49548,297.30597,168.73082,639.67273,316.63153,125.98982,607.85901
122,1.008,176.49294,222.47707,632.68878,159.96657,173.5807,652.76428,192.33795,158.17894,677.90137,221.23576,126.2947,702.13013,246.99609,202.61879,652.49548,297.30597,168.73082,639.67273,316.63153,125.98982,607.85901
123,1.017,176.49294,222.47707,632.68878,160.36775,173.34598,652.75916,192.53036,158.83987,677.6322,221.23576,126.2947,702.13013,246.99609,202.61879,652.49548,297.13278,169.37099,639.50513,316.63153,125.98982,607.85901
124,1.025,176.58791,222.5071,632.46039,160.52242,172.18042,652.65186,192.88286,159.8665,677.30768,221.23576,126.2947,702.13013,246.99609,202.61879,652.49548,297.41559,169.2043,639.40411,316.63153,125.98982,607.85901
125,1.033,176.58791,222.5071,632.46039,160.52242,172.18042,652.65186,192.70877,159.53502,677.55731,221.23576,126.2947,702.13013,246.99609,202.61879,652.49548,297.41559,169.2043,639.40411,316.63153,125.98982,607.85901
126,1.042,176.80061,222.40556,632.45093,160.52242,172.18042,652.65186,192.69966,158.80762,677.2077,221.53741,126.44505,701.82513,246.99609,202.61879,652.49548,297.13278,169.37099,639.50513,316.63153,125.98982,607.85901
127,1.05,176.80061,222.40556,632.45093,160.52242,172.18042,652.65186,192.69966,158.80762,677.2077,221.65063,126.57727,701.76044,247.51131,202.30565,652.69427,297.41559,169.2043,639.40411,316.63153,125.98982,607.85901
128,1.058,176.80061,222.40556,632.45093,160.52242,172.18042,652.65186,192.69966,158.80762,677.2077,221.65063,126.57727,701.76044,247.51131,202.30565,652.69427,297.62238,168.98055,639.25751,316.63153,125.98982,607.85901
129,1.067,176.80061,222.40556,632.45093,160.84735,172.20671,652.47278,192.69966,158.80762,677.2077,221.65063,126.57727,701.76044,247.51131,202.30565,652.69427,297.30597,168.73082,639.67273,316.63153,125.98982,607.85901
130,1.075,176.80061,222.40556,632.45093,160.95522,172.87964,652.77081,192.69966,158.80762,677.2077,221.65063,126.57727,701.76044,247.67865,202.52083,652.84094,297.30597,168.73082,639.67273,316.63153,125.98982,607.85901
131,1.083,176.80061,222.40556,632.45093,160.84735,172.20671,652.47278,192.69966,158.80762,677.2077,221.86115,126.76292,701.73669,247.67865,202.52083,652.84094,297.62238,168.98055,639.25751,316.63153,125.98982,607.85901
132,1.092,176.80061,222.40556,632.45093,162.83841,172.24136,653.85199,193.30774,158.75679,677.3717,221.66844,126.91968,701.3714,247.67865,202.52083,652.84094,297.62238,168.98055,639.25751,316.63153,125.98982,607.85901
133,1.1,176.96527,222.42152,632.37592,162.83841,172.24136,653.85199,193.56589,158.74239,677.383,221.86115,126.76292,701.73669,247.67865,202.52083,652.84094,297.62238,168.98055,639.25751,316.94073,126.04179,607.84338
134,1.108,176.96527,222.42152,632.37592,162.90575,172.60722,653.53778,193.56589,158.74239,677.383,221.86115,126.76292,701.73669,247.67865,202.52083,652.84094,297.62238,168.98055,639.25751,317.15067,126.43991,607.80194
135,1.117,176.96527,222.42152,632.37592,162.90575,172.60722,653.53778,193.56589,158.74239,677.383,221.86115,126.76292,701.73669,247.67865,202.52083,652.84094,297.62238,168.98055,639.25751,317.00565,126.28418,607.60754
136,1.125,176.96527,222.42152,632.37592,162.90575,172.60722,653.53778,193.56589,158.74239,677.383,221.86115,126.76292,701.73669,247.67865,202.52083,652.84094,297.62238,168.98055,639.25751,317.00565,126.28418,607.60754
137,1.133,176.96527,222.42152,632.37592,163.71091,172.6474,653.25049,193.7487,159.80116,677.48291,222.12729,127.27759,701.80389,247.67865,202.52083,652.84094,297.70441,168.93484,639.06555,317.19147,126.65626,607.53363
138,1.142,177.08612,222.76723,632.61383,162.90575,172.60722,653.53778,193.7487,159.80116,677.48291,222.12729,127.27759,701.80389,247.67865,202.52083,652.84094,297.70441,168.93484,639.06555,317.19147,126.65626,607.53363
139,1.15,177.08612,222.76723,632.61383,162.44867,173.94818,653.66876,193.56589,158.74239,677.383,222.12729,127.27759,701.80389,247.67865,202.52083,652.84094,297.70441,168.93484,639.06555,317.19147,126.65626,607.53363
140,1.158,177.08612,222.76723,632.61383,162.44867,173.94818,653.66876,193.7702,159.64728,677.5993,222.12729,127.27759,701.80389,247.67865,202.52083,652.84094,297.62238,168.98055,639.25751,317.19147,126.65626,607.53363
141,1.167,177.08612,222.76723,632.61383,162.44867,173.94818,653.66876,193.7487,159.80116,677.48291,222.12729,127.27759,701.80389,247.67865,202.52083,652.84094,297.41559,169.2043,639.40411,316.88226,126.60421,607.54932
142,1.175,177.08612,222.76723,632.61383,162.44867,173.94818,653.66876,193.78839,160.05241,677.2937,222.03616,127.31307,702.08508,247.67865,202.52083,652.84094,297.62238,168.98055,639.25751,316.88226,126.60421,607.54932
143,1.183,176.66565,223.07693,632.49176,162.44867,173.94818,653.66876,192.88948,160.09142,677.13831,222.03616,127.31307,702.08508,247.67865,202.52083,652.84094,297.62238,168.98055,639.25751,316.88226,126.60421,607.54932
144,1.192,176.66565,223.07693,632.49176,161.64307,173.90746,653.95642,192.69966,158.80762,677.2077,221.77002,126.79845,702.01794,247.67865,202.52083,652.84094,297.62238,168.98055,639.25751,316.69644,126.23218,607.62317
145,1.2,176.66565,223.07693,632.49176,161.64307,173.90746,653.95642,192.88286,159.8665,677.30768,221.99519,126.81741,702.24597,247.67865,202.52083,652.84094,297.62238,168.98055,639.25751,316.69644,126.23218,607.62317
146,1.208,176.78651,223.42244,632.72961,161.64307,173.90746,653.95642,192.88286,159.8665,677.30768,221.89017,126.76788,702.12781,247.67865,202.52083,652.84094,297.62238,168.98055,639.25751,316.69644,126.23218,607.62317
147,1.217,176.62189,223.40646,632.80457,161.57585,173.54189,654.27045,192.88286,159.8665,677.30768,221.67186,126.57639,702.14215,247.67865,202.52083,652.84094,297.41559,169.2043,639.40411,316.69644,126.23218,607.62317
148,1.225,176.50102,223.06094,632.56671,161.57585,173.54189,654.27045,192.88286,159.8665,677.30768,221.67186,126.57639,702.14215,247.67865,202.52083,652.84094,297.41559,169.2043,639.40411,316.69644,126.23218,607.62317
149,1.233,176.50102,223.06094,632.56671,160.95586,172.95708,654.01013,192.70877,159.53502,677.55731,221.45355,126.38474,702.15656,247.67865,202.52083,652.84094,297.30597,168.73082,639.67273,316.69644,126.23218,607.62317
150,1.242,176.50102,223.06094,632.56671,160.95586,172.95708,654.01013,192.69966,158.80762,677.2077,221.67186,126.57639,702.14215,247.67865,202.52083,652.84094,297.30597,168.73082,639.67273,316.69644,126.23218,607.62317
151,1.25,176.50102,223.06094,632.56671,160.95586,172.95708,654.01013,192.69966,158.80762,677.2077,221.67186,126.57639,702.14215,247.67865,202.52083,652.84094,297.30597,168.73082,639.67273,316.69644,126.23218,607.62317
152,1.258,176.2701,223.24246,632.72382,160.95586,172.95708,654.01013,192.69966,158.80762,677.2077,221.78773,127.57269,702.31396,247.51131,202.30565,652.69427,297.30597,168.73082,639.67273,316.93082,125.45923,607.87781
153,1.267,176.50102,223.06094,632.56671,160.95586,172.95708,654.01013,192.53036,158.83987,677.6322,221.33914,126.25036,702.21948,247.51131,202.30565,652.69427,297.30597,168.73082,639.67273,316.13828,126.38509,607.44458
154,1.275,176.50848,222.68845,632.8515,160.95586,172.95708,654.01013,192.53036,158.83987,677.6322,221.33914,126.25036,702.21948,247.59248,202.11156,652.82721,297.30597,168.73082,639.67273,316.10135,126.11819,607.70123
155,1.283,176.50848,222.68845,632.8515,160.95586,172.95708,654.01013,192.33795,158.17894,677.90137,221.33914,126.25036,702.21948,247.59248,202.11156,652.82721,297.30597,168.73082,639.67273,316.13828,126.38509,607.44458
156,1.292,176.29581,222.78992,632.86096,160.95586,172.95708,654.01013,192.33795,158.17894,677.90137,221.11528,126.40894,701.82404,247.51131,202.30565,652.69427,297.30597,168.73082,639.67273,315.53326,126.70624,607.48676
157,1.3,176.26208,222.65852,632.84576,160.95586,172.95708,654.01013,192.50726,158.1467,677.47693,221.11528,126.40894,701.82404,247.59248,202.11156,652.82721,297.30597,168.73082,639.67273,316.13828,126.38509,607.44458
158,1.308,176.27911,222.4774,632.9693,160.95586,172.95708,654.01013,192.33795,158.17894,677.90137,221.33914,126.25036,702.21948,247.59248,202.11156,652.82721,297.25122,168.44667,639.6084,315.53326,126.70624,607.48676
159,1.317,176.26208,222.65852,632.84576,160.95586,172.95708,654.01013,192.33795,158.17894,677.90137,221.33632,126.26219,701.9082,247.59248,202.11156,652.82721,297.25122,168.44667,639.6084,316.13828,126.38509,607.44458
160,1.325,176.06493,222.97142,633.01794,160.95586,172.95708,654.01013,192.50726,158.1467,677.47693,221.33914,126.25036,702.21948,247.59248,202.11156,652.82721,297.25122,168.44667,639.6084,316.13828,126.38509,607.44458
161,1.333,176.06493,222.97142,633.01794,160.95586,172.95708,654.01013,192.33795,158.17894,677.90137,221.11528,126.40894,701.82404,247.59248,202.11156,652.82721,297.25122,168.44667,639.6084,316.13828,126.38509,607.44458
162,1.342,176.27911,222.4774,632.9693,160.95586,172.95708,654.01013,192.33795,158.17894,677.90137,220.98407,126.29499,701.87726,247.59248,202.11156,652.82721,297.25122,168.44667,639.6084,315.53326,126.70624,607.48676
163,1.35,176.06493,222.97142,633.01794,160.95586,172.95708,654.01013,192.33795,158.17894,677.90137,221.20792,126.13642,702.27271,247.07722,202.42482,652.62836,297.25122,168.44667,639.6084,315.53326,126.70624,607.48676
164,1.358,175.80624,222.21352,633.1897,160.95586,172.95708,654.01013,192.33795,158.17894,677.90137,221.20792,126.13642,702.27271,247.07722,202.42482,652.62836,296.96851,168.61334,639.70941,315.53326,126.70624,607.48676
165,1.367,175.80624,222.21352,633.1897,160.95586,172.95708,654.01013,192.33795,158.17894,677.90137,220.81868,125.88741,701.75574,247.59248,202.11156,652.82721,297.25122,168.44667,639.6084,315.53326,126.70624,607.48676
166,1.375,175.80624,222.21352,633.1897,160.95586,172.95708,654.01013,192.33795,158.17894,677.90137,221.04251,125.7288,702.15112,247.07722,202.42482,652.62836,296.96851,168.61334,639.70941,315.53326,126.70624,607.48676
167,1.383,176.08195,222.79033,633.14142,159.67659,173.746,652.90002,192.33795,158.17894,677.90137,220.81868,125.88741,701.75574,247.07722,202.42482,652.62836,297.25122,168.44667,639.6084,315.3956,126.17872,607.46844
168,1.392,175.88646,222.94305,633.35431,159.56085,173.02518,652.58081,192.33795,158.17894,677.90137,220.84123,125.36446,702.06982,247.07722,202.42482,652.62836,296.771,168.41841,639.55682,315.3956,126.17872,607.46844
169,1.4,175.88646,222.94305,633.35431,159.67659,173.746,652.90002,192.33795,158.17894,677.90137,220.81868,125.88741,701.75574,247.07722,202.42482,652.62836,296.771,168.41841,639.55682,315.3956,126.17872,607.46844
170,1.408,175.88646,222.94305,633.35431,159.67659,173.746,652.90002,191.36711,158.61026,677.42737,220.61743,125.52311,701.67444,246.94221,202.56711,652.56873,296.771,168.41841,639.55682,315.3956,126.17872,607.46844
171,1.417,175.62776,222.185,633.52618,159.56085,173.02518,652.58081,191.36711,158.61026,677.42737,220.61743,125.52311,701.67444,246.94221,202.56711,652.56873,296.771,168.41841,639.55682,315.3956,126.17872,607.46844
172,1.425,175.82329,222.03226,633.31323,159.56085,173.02518,652.58081,191.36711,158.61026,677.42737,220.57962,124.63981,702.07245,246.94221,202.56711,652.56873,296.771,168.41841,639.55682,315.3956,126.17872,607.46844
173,1.433,175.82329,222.03226,633.31323,159.56085,173.02518,652.58081,192.33795,158.17894,677.90137,220.57962,124.63981,702.07245,247.07722,202.42482,652.62836,296.771,168.41841,639.55682,315.3956,126.17872,607.46844
174,1.442,176.08195,222.79033,633.14142,159.67659,173.746,652.90002,191.36711,158.61026,677.42737,220.69678,123.55078,701.75458,246.94221,202.56711,652.56873,296.771,168.41841,639.55682,314.93918,126.4957,607.21844
175,1.45,176.08195,222.79033,633.14142,159.56085,173.02518,652.58081,191.36711,158.61026,677.42737,220.66373,124.55161,701.76886,246.94221,202.56711,652.56873,296.771,168.41841,639.55682,315.3956,126.17872,607.46844
176,1.458,175.88646,222.94305,633.35431,159.56085,173.02518,652.58081,191.36711,158.61026,677.42737,220.66373,124.55161,701.76886,246.67064,202.68671,652.6535,296.771,168.41841,639.55682,314.93918,126.4957,607.21844
177,1.467,175.62776,222.185,633.52618,159.56085,173.02518,652.58081,191.53638,158.57806,677.00281,220.44,124.71021,701.37366,246.94221,202.56711,652.56873,296.771,168.41841,639.55682,315.3956,126.17872,607.46844
178,1.475,175.82329,222.03226,633.31323,159.56085,173.02518,652.58081,191.36711,158.61026,677.42737,220.55005,123.64674,701.75037,246.94221,202.56711,652.56873,296.771,168.41841,639.55682,315.3956,126.17872,607.46844
179,1.483,175.82329,222.03226,633.31323,159.56085,173.02518,652.58081,191.36711,158.61026,677.42737,220.66373,124.55161,701.76886,246.49371,203.11319,652.42499,296.771,168.41841,639.55682,315.3956,126.17872,607.46844
180,1.492,175.82329,222.03226,633.31323,159.56085,173.02518,652.58081,191.53638,158.57806,677.00281,220.3264,123.80516,701.35529,246.49371,203.11319,652.42499,296.771,168.41841,639.55682,315.53326,126.70624,607.48676
181,1.5,175.82329,222.03226,633.31323,159.58253,172.60446,652.78821,191.36711,158.61026,677.42737,220.66373,124.55161,701.76886,246.94221,202.56711,652.56873,296.771,168.41841,639.55682,315.53326,126.70624,607.48676
182,1.508,176.08195,222.79033,633.14142,159.71536,171.86069,652.47357,191.36711,158.61026,677.42737,220.44,124.71021,701.37366,246.94221,202.56711,652.56873,296.96851,168.61334,639.70941,315.53326,126.70624,607.48676
183,1.517,176.08195,222.79033,633.14142,159.737,171.43959,652.68097,191.36711,158.61026,677.42737,220.66373,124.55161,701.76886,246.49371,203.11319,652.42499,296.771,168.41841,639.55682,315.53326,126.70624,607.48676
184,1.525,176.08195,222.79033,633.14142,159.737,171.43959,652.68097,191.36711,158.61026,677.42737,220.55005,123.64674,701.75037,246.49371,203.11319,652.42499,296.96851,168.61334,639.70941,315.53326,126.70624,607.48676
185,1.533,176.08195,222.79033,633.14142,160.98936,171.74301,653.83185,191.36711,158.61026,677.42737,220.92534,125.27633,701.76636,246.94221,202.56711,652.56873,297.25122,168.44667,639.6084,316.13828,126.38509,607.44458
186,1.542,175.82329,222.03226,633.31323,159.737,171.43959,652.68097,191.36711,158.61026,677.42737,220.92534,125.27633,701.76636,246.94221,202.56711,652.56873,296.96851,168.61334,639.70941,316.13828,126.38509,607.44458
187,1.55,175.82329,222.03226,633.31323,159.71536,171.86069,652.47357,191.53638,158.57806,677.00281,220.70154,125.43497,701.37103,246.94221,202.56711,652.56873,296.96851,168.61334,639.70941,316.13828,126.38509,607.44458
188,1.558,176.08195,222.79033,633.14142,159.56085,173.02518,652.58081,191.36711,158.61026,677.42737,221.1266,125.6407,701.84772,246.94221,202.56711,652.56873,297.25122,168.44667,639.6084,316.13828,126.38509,607.44458
189,1.567,176.08195,222.79033,633.14142,159.56085,173.02518,652.58081,191.36711,158.61026,677.42737,221.1266,125.6407,701.84772,246.94221,202.56711,652.56873,296.96851,168.61334,639.70941,316.13828,126.38509,607.44458
190,1.575,176.08195,222.79033,633.14142,159.56085,173.02518,652.58081,191.53638,158.57806,677.00281,221.1266,125.6407,701.84772,246.94221,202.56711,652.56873,297.07803,169.08681,639.4408,316.13828,126.38509,607.44458
191,1.583,176.31282,222.60883,632.98444,159.56085,173.02518,652.58081,191.53638,158.57806,677.00281,221.1266,125.6407,701.84772,246.94221,202.56711,652.56873,297.36081,168.92017,639.33978,316.13828,126.38509,607.44458
192,1.592,176.29581,222.78992,632.86096,159.31036,173.18886,652.14984,191.53638,158.57806,677.00281,221.13937,125.35375,701.68842,246.94221,202.56711,652.56873,297.25122,168.44667,639.6084,316.13828,126.38509,607.44458
193,1.6,176.06493,222.97142,633.01794,159.31036,173.18886,652.14984,191.53638,158.57806,677.00281,221.25784,125.75459,701.79449,246.94221,202.56711,652.56873,297.02325,168.89752,639.77368,316.13828,126.38509,607.44458
194,1.608,176.06493,222.97142,633.01794,159.46478,172.02451,652.04236,191.53638,158.57806,677.00281,221.03401,125.9132,701.39911,246.94221,202.56711,652.56873,297.02325,168.89752,639.77368,316.49207,126.38589,607.45361
195,1.617,176.08195,222.79033,633.14142,159.31036,173.18886,652.14984,191.53638,158.57806,677.00281,221.1266,125.6407,701.84772,246.49371,203.11319,652.42499,297.02325,168.89752,639.77368,316.13828,126.38509,607.44458
196,1.625,176.06493,222.97142,633.01794,159.31036,173.18886,652.14984,191.53638,158.57806,677.00281,220.70154,125.43497,701.37103,246.94221,202.56711,652.56873,297.13278,169.37099,639.50513,316.13828,126.38509,607.44458
197,1.633,176.06493,222.97142,633.01794,159.31036,173.18886,652.14984,191.36711,158.61026,677.42737,221.1266,125.6407,701.84772,246.94221,202.56711,652.56873,297.13278,169.37099,639.50513,316.13828,126.38509,607.44458
198,1.642,176.06493,222.97142,633.01794,159.31036,173.18886,652.14984,191.53638,158.57806,677.00281,220.92534,125.27633,701.76636,246.88638,202.73483,652.44727,297.02325,168.89752,639.77368,316.13828,126.38509,607.44458
199,1.65,176.06493,222.97142,633.01794,159.31036,173.18886,652.14984,191.36711,158.61026,677.42737,220.70154,125.43497,701.37103,246.94221,202.56711,652.56873,297.02325,168.89752,639.77368,316.13828,126.38509,607.44458
200,1.658,176.06493,222.97142,633.01794,159.31036,173.18886,652.14984,191.36711,158.61026,677.42737,220.70154,125.43497,701.37103,246.43788,203.2809,652.30353,297.02325,168.89752,639.77368,316.13828,126.38509,607.44458
201,1.667,175.80624,222.21352,633.1897,159.31036,173.18886,652.14984,191.36711,158.61026,677.42737,220.92534,125.27633,701.76636,246.88638,202.73483,652.44727,297.02325,168.89752,639.77368,316.13828,126.38509,607.44458
202,1.675,176.06493,222.97142,633.01794,159.31036,173.18886,652.14984,191.36711,158.61026,677.42737,220.92534,125.27633,701.76636,246.88638,202.73483,652.44727,297.02325,168.89752,639.77368,316.13828,126.38509,607.44458
203,1.683,176.06493,222.97142,633.01794,159.31036,173.18886,652.14984,191.543,158.80328,676.83331,220.92534,125.27633,701.76636,246.88638,202.73483,652.44727,297.02325,168.89752,639.77368,316.13828,126.38509,607.44458
204,1.692,176.06493,222.97142,633.01794,159.31036,173.18886,652.14984,191.53638,158.57806,677.00281,220.70154,125.43497,701.37103,246.88638,202.73483,652.44727,297.02325,168.89752,639.77368,316.13828,126.38509,607.44458
205,1.7,176.06493,222.97142,633.01794,159.31036,173.18886,652.14984,191.543,158.80328,676.83331,220.70154,125.43497,701.37103,246.88638,202.73483,652.44727,297.02325,168.89752,639.77368,316.13828,126.38509,607.44458
206,1.708,176.06493,222.97142,633.01794,159.31036,173.18886,652.14984,191.53638,158.57806,677.00281,220.70154,125.43497,701.37103,246.94221,202.56711,652.56873,297.02325,168.89752,639.77368,316.13828,126.38509,607.44458
207,1.717,176.06493,222.97142,633.01794,159.31036,173.18886,652.14984,191.72865,159.23897,676.73346,220.92534,125.27633,701.76636,246.88638,202.73483,652.44727,297.02325,168.89752,639.77368,316.13828,126.38509,607.44458
208,1.725,175.80624,222.21352,633.1897,159.31036,173.18886,652.14984,191.53638,158.57806,677.00281,220.92534,125.27633,701.76636,246.94221,202.56711,652.56873,297.02325,168.89752,639.77368,316.13828,126.38509,607.44458
209,1.733,176.06493,222.97142,633.01794,159.31036,173.18886,652.14984,191.543,158.80328,676.83331,220.70154,125.43497,701.37103,246.88638,202.73483,652.44727,297.02325,168.89752,639.77368,316.13828,126.38509,607.44458
210,1.742,176.06493,222.97142,633.01794,159.31036,173.18886,652.14984,191.72865,159.23897,676.73346,220.70154,125.43497,701.37103,246.88638,202.73483,652.44727,297.02325,168.89752,639.77368,316.13828,126.38509,607.44458
211,1.75,176.06493,222.97142,633.01794,159.31036,173.18886,652.14984,191.72865,159.23897,676.73346,220.90279,125.7993,701.45233,246.88638,202.73483,652.44727,297.02325,168.89752,639.77368,316.49207,126.38589,607.45361
212,1.758,176.06493,222.97142,633.01794,159.31036,173.18886,652.14984,191.73526,159.464,676.5639,220.83278,125.54887,701.31781,246.88638,202.73483,652.44727,297.02325,168.89752,639.77368,316.49207,126.38589,607.45361
213,1.767,176.05743,223.34392,632.73322,159.4007,173.53539,651.97955,191.73526,159.464,676.5639,221.12376,125.65257,701.5365,246.88638,202.73483,652.44727,297.02325,168.89752,639.77368,316.49207,126.38589,607.45361
214,1.775,176.28835,223.1624,632.57617,159.55518,172.37132,651.87207,191.72865,159.23897,676.73346,221.03401,125.9132,701.39911,246.88638,202.73483,652.44727,297.02325,168.89752,639.77368,316.49207,126.38589,607.45361
215,1.783,176.28835,223.1624,632.57617,160.07413,172.06448,651.90326,191.72865,159.23897,676.73346,221.25784,125.75459,701.79449,246.88638,202.73483,652.44727,297.30597,168.73082,639.67273,316.66675,126.79417,607.38953
216,1.792,176.50102,223.06094,632.56671,160.91623,172.60619,653.11469,191.72865,159.23897,676.73346,221.25784,125.75459,701.79449,246.88638,202.73483,652.44727,297.30597,168.73082,639.67273,316.65726,126.55564,607.68469
217,1.8,176.80061,222.40556,632.45093,160.34244,172.97174,652.26959,191.72865,159.23897,676.73346,221.53763,126.29659,701.85321,246.88638,202.73483,652.44727,297.41559,169.2043,639.40411,316.66675,126.79417,607.38953
218,1.808,176.80061,222.40556,632.45093,160.49715,171.80661,652.16223,192.69966,158.80762,677.2077,221.11528,126.40894,701.82404,247.51131,202.30565,652.69427,297.41559,169.2043,639.40411,316.65726,126.55564,607.68469
219,1.817,176.80061,222.40556,632.45093,162.0009,171.89757,653.28271,192.69966,158.80762,677.2077,221.42323,126.16226,701.91614,247.67865,202.52083,652.84094,297.41559,169.2043,639.40411,317.02057,126.79475,607.39862
220,1.825,176.80061,222.40556,632.45093,162.0009,171.89757,653.28271,192.69966,158.80762,677.2077,221.53763,126.29659,701.85321,247.67865,202.52083,652.84094,297.41559,169.2043,639.40411,317.02057,126.79475,607.39862
221,1.833,176.96527,222.42152,632.37592,162.0009,171.89757,653.28271,192.69966,158.80762,677.2077,221.53763,126.29659,701.85321,247.67865,202.52083,652.84094,297.41559,169.2043,639.40411,317.02057,126.79475,607.39862
222,1.842,176.96527,222.42152,632.37592,162.90575,172.60722,653.53778,192.69966,158.80762,677.2077,221.67186,126.57639,702.14215,247.67865,202.52083,652.84094,297.41559,169.2043,639.40411,317.02057,126.79475,607.39862
223,1.85,176.96527,222.42152,632.37592,162.0009,171.89757,653.28271,192.69966,158.80762,677.2077,221.53206,126.64681,701.4433,247.67865,202.52083,652.84094,297.30597,168.73082,639.67273,317.01108,126.55621,607.69385
224,1.858,176.96527,222.42152,632.37592,162.90575,172.60722,653.53778,192.69966,158.80762,677.2077,221.45355,126.38474,702.15656,247.67865,202.52083,652.84094,297.41559,169.2043,639.40411,317.27243,126.73596,607.8175
225,1.867,176.96527,222.42152,632.37592,162.0009,171.89757,653.28271,192.69966,158.80762,677.2077,221.89017,126.76788,702.12781,247.67865,202.52083,652.84094,297.62238,168.98055,639.25751,317.01108,126.55621,607.69385
226,1.875,176.96527,222.42152,632.37592,162.0009,171.89757,653.28271,192.69966,158.80762,677.2077,221.45355,126.38474,702.15656,247.67865,202.52083,652.84094,297.41559,169.2043,639.40411,317.01108,126.55621,607.69385
227,1.883,176.96527,222.42152,632.37592,162.90575,172.60722,653.53778,192.69966,158.80762,677.2077,221.67186,126.57639,702.14215,247.67865,202.52083,652.84094,297.62238,168.98055,639.25751,317.69409,125.71931,608.04077
228,1.892,176.96527,222.42152,632.37592,162.0009,171.89757,653.28271,192.69966,158.80762,677.2077,221.45355,126.38474,702.15656,247.75983,202.32674,652.97388,297.30597,168.73082,639.67273,317.5491,125.56359,607.84637
229,1.9,176.96527,222.42152,632.37592,161.41357,171.61552,653.87927,192.50726,158.1467,677.47693,221.33914,126.25036,702.21948,247.75983,202.32674,652.97388,297.51273,168.50706,639.52612,317.17499,125.26935,608.09784
230,1.908,176.70564,222.37553,632.67932,161.41357,171.61552,653.87927,192.50726,158.1467,677.47693,220.94992,126.00137,701.70245,247.59248,202.11156,652.82721,297.51273,168.50706,639.52612,316.63153,125.98982,607.85901
231,1.917,176.70564,222.37553,632.67932,161.41357,171.61552,653.87927,192.50726,158.1467,677.47693,221.04251,125.7288,702.15112,247.75983,202.32674,652.97388,297.30597,168.73082,639.67273,316.63153,125.98982,607.85901
232,1.925,176.70564,222.37553,632.67932,161.30676,170.89923,653.2981,192.50726,158.1467,677.47693,221.04251,125.7288,702.15112,247.7617,201.93669,652.9256,297.30597,168.73082,639.67273,316.63153,125.98982,607.85901
233,1.933,176.70564,222.37553,632.67932,161.30676,170.89923,653.2981,192.50726,158.1467,677.47693,220.84123,125.36446,702.06982,247.7617,201.93669,652.9256,297.30597,168.73082,639.67273,316.63153,125.98982,607.85901
234,1.942,176.70564,222.37553,632.67932,161.41357,171.61552,653.87927,192.50726,158.1467,677.47693,221.04405,125.33423,702.03961,247.59248,202.11156,652.82721,297.30597,168.73082,639.67273,316.50137,125.90232,608.27954
235,1.95,176.47478,222.55701,632.83636,161.30676,170.89923,653.2981,192.50726,158.1467,677.47693,220.94926,125.82806,702.08752,247.59248,202.11156,652.82721,297.30597,168.73082,639.67273,316.63153,125.98982,607.85901
236,1.958,176.47478,222.55701,632.83636,161.30676,170.89923,653.2981,192.50726,158.1467,677.47693,220.89354,125.43717,702.02917,247.59248,202.11156,652.82721,297.02325,168.89752,639.77368,316.50137,125.90232,608.27954
237,1.967,176.26208,222.65852,632.84576,159.56085,173.02518,652.58081,192.33795,158.17894,677.90137,220.49658,124.86154,702.05408,247.59248,202.11156,652.82721,296.96851,168.61334,639.70941,316.19223,125.85011,608.29529
238,1.975,176.26208,222.65852,632.84576,159.56085,173.02518,652.58081,192.50726,158.1467,677.47693,220.6339,124.79253,702.05676,247.07722,202.42482,652.62836,296.96851,168.61334,639.70941,315.7706,125.73237,608.43292
239,1.983,176.26208,222.65852,632.84576,159.71536,171.86069,652.47357,192.33795,158.17894,677.90137,220.49658,124.86154,702.05408,247.07722,202.42482,652.62836,296.96851,168.61334,639.70941,315.79016,126.01427,608.28772
240,1.992,176.26208,222.65852,632.84576,159.31036,173.18886,652.14984,192.50726,158.1467,677.47693,220.49754,124.7718,702.06323,247.07722,202.42482,652.62836,296.96851,168.61334,639.70941,315.79016,126.01427,608.28772
241,2,176.26208,222.65852,632.84576,159.31036,173.18886,652.14984,192.33795,158.17894,677.90137,220.49754,124.7718,702.06323,246.76558,202.60716,652.71045,297.02325,168.89752,639.77368,315.7706,125.73237,608.43292
242,2.008,176.26208,222.65852,632.84576,159.31036,173.18886,652.14984,191.36711,158.61026,677.42737,220.49754,124.7718,702.06323,246.67064,202.68671,652.6535,296.96851,168.61334,639.70941,315.7706,125.73237,608.43292
243,2.017,175.80624,222.21352,633.1897,159.31036,173.18886,652.14984,191.23279,158.41344,677.57532,220.14699,124.94202,701.79907,246.67064,202.68671,652.6535,296.96851,168.61334,639.70941,315.79016,126.01427,608.28772
244,2.025,176.0034,221.9005,633.01758,159.31036,173.18886,652.14984,192.33795,158.17894,677.90137,220.13626,124.89923,702.08783,246.76558,202.60716,652.71045,296.96851,168.61334,639.70941,315.79016,126.01427,608.28772
245,2.033,175.80624,222.21352,633.1897,159.31036,173.18886,652.14984,192.33795,158.17894,677.90137,220.27356,124.83021,702.09052,246.76558,202.60716,652.71045,296.96851,168.61334,639.70941,315.79016,126.01427,608.28772
246,2.042,176.06493,222.97142,633.01794,159.31036,173.18886,652.14984,192.33795,158.17894,677.90137,220.37096,124.88362,701.77173,246.76558,202.60716,652.71045,297.02325,168.89752,639.77368,315.79016,126.01427,608.28772
247,2.05,176.06493,222.97142,633.01794,159.31036,173.18886,652.14984,192.50726,158.1467,677.47693,220.49754,124.7718,702.06323,246.59518,202.80081,652.85693,297.02325,168.89752,639.77368,315.79016,126.01427,608.28772
248,2.058,176.06493,222.97142,633.01794,159.31036,173.18886,652.14984,192.50726,158.1467,677.47693,220.49754,124.7718,702.06323,247.07722,202.42482,652.62836,297.02325,168.89752,639.77368,316.19223,125.85011,608.29529
249,2.067,176.26208,222.65852,632.84576,159.46478,172.02451,652.04236,192.33795,158.17894,677.90137,220.16766,124.9976,701.6955,247.07722,202.42482,652.62836,297.02325,168.89752,639.77368,316.19223,125.85011,608.29529
250,2.075,176.26208,222.65852,632.84576,159.46478,172.02451,652.04236,192.50726,158.1467,677.47693,220.49658,124.86154,702.05408,246.76558,202.60716,652.71045,297.02325,168.89752,639.77368,316.63153,125.98982,607.85901
251,2.083,176.26208,222.65852,632.84576,159.46478,172.02451,652.04236,192.50726,158.1467,677.47693,220.86839,125.89832,702.06982,247.07722,202.42482,652.62836,297.02325,168.89752,639.77368,316.63153,125.98982,607.85901
252,2.092,176.26208,222.65852,632.84576,159.9838,171.71761,652.07355,192.50726,158.1467,677.47693,220.75618,125.50618,702.02649,247.07722,202.42482,652.62836,297.02325,168.89752,639.77368,316.63153,125.98982,607.85901
253,2.1,176.70564,222.37553,632.67932,159.9838,171.71761,652.07355,192.50726,158.1467,677.47693,220.65469,125.62749,701.38,247.07722,202.42482,652.62836,297.02325,168.89752,639.77368,317.15067,126.43991,607.80194
254,2.108,176.49294,222.47707,632.68878,159.9838,171.71761,652.07355,192.50726,158.1467,677.47693,220.97617,126.06467,701.38544,247.59248,202.11156,652.82721,297.41559,169.2043,639.40411,317.15067,126.43991,607.80194
255,2.117,176.70564,222.37553,632.67932,160.79391,171.01584,651.86426,192.33795,158.17894,677.90137,221.32692,126.25922,701.84888,247.75983,202.32674,652.97388,297.41559,169.2043,639.40411,317.38611,126.62339,607.89331
256,2.125,176.70564,222.37553,632.67932,160.88423,171.36287,651.69379,192.50726,158.1467,677.47693,221.32692,126.25922,701.84888,247.59248,202.11156,652.82721,297.41559,169.2043,639.40411,317.9295,125.90276,608.13208
257,2.133,176.8703,222.39154,632.60431,160.7486,171.70811,651.95984,192.50726,158.1467,677.47693,221.65063,126.57727,701.76044,247.75983,202.32674,652.97388,297.41559,169.2043,639.40411,317.9295,125.90276,608.13208
258,2.142,176.80061,222.40556,632.45093,160.88423,171.36287,651.69379,192.7655,158.13252,677.48834,221.65063,126.57727,701.76044,247.75983,202.32674,652.97388,297.41559,169.2043,639.40411,317.9295,125.90276,608.13208
259,2.15,176.96527,222.42152,632.37592,161.19968,171.40349,651.83221,193.37367,158.08136,677.65234,221.65063,126.57727,701.76044,247.75983,202.32674,652.97388,297.41559,169.2043,639.40411,317.9295,125.90276,608.13208
260,2.158,176.80061,222.40556,632.45093,161.29002,171.7505,651.66174,193.37367,158.08136,677.65234,221.73026,126.67444,701.60211,247.67865,202.52083,652.84094,297.41559,169.2043,639.40411,317.9295,125.90276,608.13208
261,2.167,176.8703,222.39154,632.60431,161.69592,172.13791,651.62982,193.37367,158.08136,677.65234,221.85283,126.57077,701.47223,247.84053,202.34427,652.9422,297.41559,169.2043,639.40411,317.97037,126.11896,607.86389
262,2.175,176.96527,222.42152,632.37592,161.69592,172.13791,651.62982,193.37367,158.08136,677.65234,221.95503,126.63259,701.43768,247.92902,202.15187,653.07227,297.62238,168.98055,639.25751,317.97037,126.11896,607.86389
263,2.183,176.8703,222.39154,632.60431,161.29002,171.7505,651.66174,193.37367,158.08136,677.65234,221.81367,125.83833,701.2655,247.92902,202.15187,653.07227,297.62238,168.98055,639.25751,317.9295,125.90276,608.13208
264,2.192,176.8703,222.39154,632.60431,161.69592,172.13791,651.62982,193.37367,158.08136,677.65234,221.62114,125.70264,701.12701,247.92902,202.15187,653.07227,297.62238,168.98055,639.25751,317.97037,126.11896,607.86389
265,2.2,176.70488,222.18716,632.81494,161.19968,171.40349,651.83221,193.37367,158.08136,677.65234,221.56534,125.89049,700.16205,247.92902,202.15187,653.07227,297.62238,168.98055,639.25751,317.97037,126.11896,607.86389
266,2.208,176.70488,222.18716,632.81494,161.19968,171.40349,651.83221,193.37367,158.08136,677.65234,221.79897,125.30939,700.0072,247.92902,202.15187,653.07227,298.22617,168.64171,639.22357,317.97037,126.11896,607.86389
267,2.217,176.97707,221.99409,632.98004,161.19968,171.40349,651.83221,193.37367,158.08136,677.65234,221.89392,124.81559,699.95929,247.92902,202.15187,653.07227,298.22617,168.64171,639.22357,317.97037,126.11896,607.86389
268,2.225,176.97707,221.99409,632.98004,162.58902,170.56914,652.49634,193.37367,158.08136,677.65234,221.89392,124.81559,699.95929,247.92902,202.15187,653.07227,298.3082,168.59598,639.03168,317.97037,126.11896,607.86389
269,2.233,176.97707,221.99409,632.98004,162.58902,170.56914,652.49634,193.37367,158.08136,677.65234,221.98862,124.32108,699.91156,247.7617,201.93669,652.9256,298.22617,168.64171,639.22357,317.97037,126.11896,607.86389
270,2.242,176.97707,221.99409,632.98004,162.58902,170.56914,652.49634,193.37367,158.08136,677.65234,221.72896,123.67623,699.93927,247.7617,201.93669,652.9256,298.22617,168.64171,639.22357,317.97037,126.11896,607.86389
271,2.25,176.97707,221.99409,632.98004,162.58902,170.56914,652.49634,193.37367,158.08136,677.65234,221.44173,123.75261,700.02844,247.7617,201.93669,652.9256,297.51273,168.50706,639.52612,317.97037,126.11896,607.86389
272,2.258,176.71843,221.23569,633.15192,162.58902,170.56914,652.49634,193.37367,158.08136,677.65234,221.44173,123.75261,700.02844,247.7617,201.93669,652.9256,297.59476,168.46138,639.33423,317.97037,126.11896,607.86389
273,2.267,176.71843,221.23569,633.15192,162.58902,170.56914,652.49634,193.37367,158.08136,677.65234,221.44173,123.75261,700.02844,247.7617,201.93669,652.9256,297.51273,168.50706,639.52612,317.97037,126.11896,607.86389
274,2.275,176.71843,221.23569,633.15192,160.81561,170.59444,652.07178,193.37367,158.08136,677.65234,221.12248,123.34389,699.99493,247.7617,201.93669,652.9256,298.12119,167.79846,639.25739,317.73492,125.93548,607.77258
275,2.283,176.71843,221.23569,633.15192,162.7291,170.07103,652.8996,193.37367,158.08136,677.65234,221.40979,123.26755,699.90582,247.7617,201.93669,652.9256,298.12119,167.79846,639.25739,317.97037,126.11896,607.86389
276,2.292,176.71843,221.23569,633.15192,162.11871,169.80342,652.91113,193.37367,158.08136,677.65234,221.03224,122.96793,699.8429,247.7617,201.93669,652.9256,298.12119,167.79846,639.25739,317.97037,126.11896,607.86389
277,2.3,176.71843,221.23569,633.15192,162.11871,169.80342,652.91113,193.37367,158.08136,677.65234,220.91888,122.83554,699.90778,247.7617,201.93669,652.9256,298.06192,167.88403,639.42798,317.78525,125.72022,607.70526
278,2.308,176.71843,221.23569,633.15192,162.11871,169.80342,652.91113,193.37367,158.08136,677.65234,220.91888,122.83554,699.90778,247.7617,201.93669,652.9256,297.51721,168.13742,639.29126,317.73492,125.93548,607.77258
279,2.317,176.91571,221.10062,633.37994,162.11871,169.80342,652.91113,193.37367,158.08136,677.65234,220.91888,122.83554,699.90778,247.7617,201.93669,652.9256,297.52536,168.03831,639.36627,317.64984,125.1785,607.90137
280,2.325,176.71892,220.86687,633.26691,162.11871,169.80342,652.91113,193.37367,158.08136,677.65234,220.91888,122.83554,699.90778,247.7617,201.93669,652.9256,297.73981,167.54485,639.43573,317.80902,124.87047,607.74243
281,2.333,176.52161,221.00192,633.03888,162.11871,169.80342,652.91113,192.40263,158.5132,677.17834,220.91888,122.83554,699.90778,247.51421,202.20108,652.81879,297.8111,167.54144,639.42371,317.5994,125.34836,607.77911
282,2.342,176.71892,220.86687,633.26691,162.11871,169.80342,652.91113,192.37453,158.21809,676.99799,220.8392,122.73824,700.06622,247.7617,201.93669,652.9256,297.73981,167.54485,639.43573,317.70102,124.74547,607.84845
283,2.35,176.4754,220.62393,633.14331,160.81561,170.59444,652.07178,192.37453,158.21809,676.99799,220.91888,122.83554,699.90778,247.7617,201.93669,652.9256,297.73981,167.54485,639.43573,317.65735,124.94138,607.70563
284,2.358,176.4754,220.62393,633.14331,162.11871,169.80342,652.91113,192.15706,157.77252,676.76709,220.71062,122.6228,700.12195,247.51421,202.20108,652.81879,297.8111,167.54144,639.42371,317.61255,125.12041,607.57581
285,2.367,176.4754,220.62393,633.14331,160.81561,170.59444,652.07178,192.24179,157.54315,676.94019,220.71062,122.6228,700.12195,247.51421,202.20108,652.81879,297.73981,167.54485,639.43573,317.65735,124.94138,607.70563
286,2.375,176.20093,220.32928,632.9624,160.81561,170.59444,652.07178,192.02278,157.57579,676.91516,220.71062,122.6228,700.12195,247.23129,201.65984,652.6333,297.43988,167.24236,639.44379,317.61786,124.02588,607.94299
287,2.383,176.39828,220.19424,633.19049,160.81561,170.59444,652.07178,192.02278,157.57579,676.91516,220.71062,122.6228,700.12195,247.28047,200.68394,652.70178,297.43988,167.24236,639.44379,317.64465,123.80148,608.10913
288,2.392,176.20326,220.30324,633.18781,160.81561,170.59444,652.07178,192.02278,157.57579,676.91516,220.71062,122.6228,700.12195,247.29485,200.28204,653.92468,297.44269,166.92197,639.57086,317.60846,124.5901,607.75995
289,2.4,176.39828,220.19424,633.19049,160.81561,170.59444,652.07178,192.02278,157.57579,676.91516,220.71062,122.6228,700.12195,247.21272,199.96927,653.88165,297.32736,166.85286,639.64813,317.54071,123.93919,607.98901
290,2.408,176.00592,220.4382,632.95972,160.81561,170.59444,652.07178,192.02278,157.57579,676.91516,220.57631,122.65527,700.21997,247.20581,200.16946,653.27026,297.43988,167.24236,639.44379,317.37231,123.92109,608.04626
291,2.417,176.00592,220.4382,632.95972,160.81561,170.59444,652.07178,192.02278,157.57579,676.91516,220.45132,122.23521,700.30487,247.19833,200.37112,652.65869,297.43988,167.24236,639.44379,317.37231,123.92109,608.04626
292,2.425,176.00592,220.4382,632.95972,160.81561,170.59444,652.07178,191.4144,157.62634,676.75104,220.57631,122.65527,700.21997,247.19833,200.37112,652.65869,297.43988,167.24236,639.44379,317.37231,123.92109,608.04626
293,2.433,176.00592,220.4382,632.95972,160.81561,170.59444,652.07178,191.4144,157.62634,676.75104,220.45132,122.23521,700.30487,247.19833,200.37112,652.65869,297.43988,167.24236,639.44379,317.37231,123.92109,608.04626
294,2.442,176.00592,220.4382,632.95972,160.81561,170.59444,652.07178,191.4144,157.62634,676.75104,220.57631,122.65527,700.21997,247.20581,200.16946,653.27026,297.43988,167.24236,639.44379,317.50595,124.68584,607.91492
295,2.45,176.00592,220.4382,632.95972,160.81561,170.59444,652.07178,191.4144,157.62634,676.75104,220.45132,122.23521,700.30487,247.29485,200.28204,653.92468,297.32736,166.85286,639.64813,317.47916,124.91013,607.74878
296,2.458,176.00592,220.4382,632.95972,160.81561,170.59444,652.07178,191.4144,157.62634,676.75104,220.57631,122.65527,700.21997,247.26509,201.32053,653.78448,297.2254,167.73589,639.37427,317.47916,124.91013,607.74878
297,2.467,175.73357,220.63133,632.79449,160.81561,170.59444,652.07178,191.4144,157.62634,676.75104,220.57631,122.65527,700.21997,247.28047,200.68394,652.70178,297.17615,167.83575,639.53168,317.47916,124.91013,607.74878
298,2.475,175.73357,220.63133,632.79449,160.81561,170.59444,652.07178,191.4144,157.62634,676.75104,220.65599,122.75259,700.06152,247.23129,201.65984,652.6333,297.17615,167.83575,639.53168,317.47916,124.91013,607.74878
299,2.483,175.73357,220.63133,632.79449,160.81561,170.59444,652.07178,191.4144,157.62634,676.75104,220.57631,122.65527,700.21997,247.23129,201.65984,652.6333,297.2254,167.73589,639.37427,317.47916,124.91013,607.74878
300,2.492,175.73357,220.63133,632.79449,160.81561,170.59444,652.07178,191.4144,157.62634,676.75104,220.57631,122.65527,700.21997,247.23129,201.65984,652.6333,297.47607,168.1382,639.52368,316.99451,125.94769,607.862
301,2.5,175.73357,220.63133,632.79449,160.81561,170.59444,652.07178,191.4144,157.62634,676.75104,220.65599,122.75259,700.06152,247.23129,201.65984,652.6333,297.32117,168.36554,639.37976,316.99451,125.94769,607.862
302,2.508,175.73357,220.63133,632.79449,160.81561,170.59444,652.07178,191.40208,158.38129,677.15082,220.65599,122.75259,700.06152,247.23129,201.65984,652.6333,297.31247,168.34808,639.67206,316.99451,125.94769,607.862
303,2.517,175.73357,220.63133,632.79449,160.81561,170.59444,652.07178,191.4144,157.62634,676.75104,220.65599,122.75259,700.06152,247.23129,201.65984,652.6333,297.38858,168.00401,639.64569,316.99451,125.94769,607.862
304,2.525,175.73357,220.63133,632.79449,160.81561,170.59444,652.07178,191.40208,158.38129,677.15082,220.65599,122.75259,700.06152,247.51421,202.20108,652.81879,297.47607,168.1382,639.52368,317.15762,126.27862,607.82153
305,2.533,175.73357,220.63133,632.79449,160.57867,170.72404,652.28192,191.40208,158.38129,677.15082,220.65599,122.75259,700.06152,247.51421,202.20108,652.81879,297.0943,168.43185,639.65228,317.15762,126.27862,607.82153
306,2.542,175.73357,220.63133,632.79449,160.57867,170.72404,652.28192,191.40208,158.38129,677.15082,220.65599,122.75259,700.06152,247.51421,202.20108,652.81879,297.15756,168.57541,639.5282,317.03961,126.4791,607.68365
307,2.55,175.73357,220.63133,632.79449,160.15553,170.98239,652.02277,191.40208,158.38129,677.15082,220.51944,122.72178,700.66052,247.07939,202.42804,652.65436,297.15756,168.57541,639.5282,317.03961,126.4791,607.68365
308,2.558,175.53796,220.78435,633.00757,160.15553,170.98239,652.02277,191.40208,158.38129,677.15082,220.65599,122.75259,700.06152,246.80779,202.54768,652.7392,297.15756,168.57541,639.5282,317.03961,126.4791,607.68365
309,2.567,175.53796,220.78435,633.00757,160.15553,170.98239,652.02277,191.40208,158.38129,677.15082,220.65599,122.75259,700.06152,246.3876,202.14557,652.46808,296.9313,168.72162,639.63336,317.03961,126.4791,607.68365
310,2.575,175.53796,220.78435,633.00757,160.15553,170.98239,652.02277,191.40208,158.38129,677.15082,220.65599,122.75259,700.06152,246.18872,202.23375,652.57397,296.9313,168.72162,639.63336,316.9216,126.67979,607.54584
311,2.583,175.34612,220.86029,633.0274,159.63643,171.28967,651.99158,191.40208,158.38129,677.15082,220.51944,122.72178,700.66052,246.47171,202.77486,652.75946,296.9313,168.72162,639.63336,316.9216,126.67979,607.54584
312,2.592,175.149,221.17328,633.19958,159.63643,171.28967,651.99158,191.40208,158.38129,677.15082,220.42482,123.21599,700.70831,246.33208,202.92406,652.90076,296.86804,168.57805,639.75745,316.6619,126.62519,607.55792
313,2.6,175.28905,220.73026,633.14307,159.63643,171.28967,651.99158,191.40208,158.38129,677.15082,220.48169,123.14942,700.26764,246.33208,202.92406,652.90076,296.9313,168.72162,639.63336,316.6619,126.62519,607.55792
314,2.608,174.87431,220.87946,633.01898,159.63643,171.28967,651.99158,191.40208,158.38129,677.15082,220.42482,123.21599,700.70831,246.33208,202.92406,652.90076,296.98431,168.9906,639.70978,316.6619,126.62519,607.55792
315,2.617,174.81725,220.7494,633.13458,159.63643,171.28967,651.99158,191.40208,158.38129,677.15082,220.21735,123.69978,700.6424,246.33208,202.92406,652.90076,296.98431,168.9906,639.70978,316.6619,126.62519,607.55792
316,2.625,174.87431,220.87946,633.01898,159.63643,171.28967,651.99158,191.40208,158.38129,677.15082,220.49159,123.0816,700.79095,245.9292,202.31412,652.78882,296.98431,168.9906,639.70978,316.6619,126.62519,607.55792
317,2.633,174.81725,220.7494,633.13458,159.63643,171.28967,651.99158,191.40208,158.38129,677.15082,220.0013,123.5818,700.80725,246.05833,203.04362,653.09186,296.77161,169.10594,639.66455,316.6619,126.62519,607.55792
318,2.642,174.56294,220.94362,633.29852,159.63643,171.28967,651.99158,191.10127,158.24593,676.77002,220.0013,123.5818,700.80725,246.05833,203.04362,653.09186,296.98431,168.9906,639.70978,316.9216,126.67979,607.54584
319,2.65,174.62003,221.0737,633.18286,159.63643,171.28967,651.99158,191.10127,158.24593,676.77002,220.0013,123.5818,700.80725,246.05833,203.04362,653.09186,296.77161,169.10594,639.66455,316.6619,126.62519,607.55792
320,2.658,174.62064,221.78525,633.32062,159.61481,171.71048,651.78418,192.0719,157.81454,677.2442,220.08095,123.67909,700.64886,246.0677,203.1353,653.17004,296.77161,169.10594,639.66455,317.12173,126.86739,607.638
321,2.667,174.62064,221.78525,633.32062,159.61481,171.71048,651.78418,192.03699,158.04359,677.52075,220.05417,123.90083,700.95038,246.0677,203.1353,653.17004,296.77161,169.10594,639.66455,317.12173,126.86739,607.638
322,2.675,174.62064,221.78525,633.32062,160.14108,171.39587,651.90344,192.20628,158.01129,677.09619,220.05417,123.90083,700.95038,246.19449,203.19308,653.0968,296.77161,169.10594,639.66455,317.12173,126.86739,607.638
323,2.683,174.62064,221.78525,633.32062,159.46478,172.02451,652.04236,192.03699,158.04359,677.52075,220.05417,123.90083,700.95038,246.19449,203.19308,653.0968,296.77161,169.10594,639.66455,317.3837,127.3167,607.49756
324,2.692,174.44943,221.96938,633.25482,159.79834,171.81088,652.11139,192.20628,158.01129,677.09619,220.25737,123.7869,701.02661,246.08208,203.50099,653.01361,296.77161,169.10594,639.66455,316.84579,127.79443,607.44055
325,2.7,174.44943,221.96938,633.25482,159.79834,171.81088,652.11139,192.20628,158.01129,677.09619,220.05417,123.90083,700.95038,245.95529,203.44322,653.08685,296.70236,169.31953,639.50769,316.85422,129.43643,606.65497
326,2.708,174.3994,222.17439,633.12714,159.79834,171.81088,652.11139,192.03699,158.04359,677.52075,220.10701,124.21966,701.09357,245.95529,203.44322,653.08685,296.80667,169.6265,639.33112,316.91187,129.59552,606.89917
327,2.717,174.3994,222.17439,633.12714,159.64383,172.97571,652.21875,192.20628,158.01129,677.09619,220.02478,124.16933,701.30914,245.95529,203.44322,653.08685,296.7067,170.03976,639.4115,317.08432,130.29375,606.57452
328,2.725,174.19743,222.73589,633.10938,159.64383,172.97571,652.21875,192.04369,158.26883,677.35132,220.02478,124.16933,701.30914,245.90775,203.54019,653.2467,296.58508,170.40359,639.26685,317.08432,130.29375,606.57452
329,2.733,174.19743,222.73589,633.10938,159.64383,172.97571,652.21875,192.21295,158.23648,676.92676,220.02478,124.16933,701.30914,245.89153,203.62564,652.95898,296.58508,170.40359,639.26685,317.08432,130.29375,606.57452
330,2.742,174.19743,222.73589,633.10938,159.64383,172.97571,652.21875,192.04369,158.26883,677.35132,220.14619,124.95238,701.30023,246.00096,203.69482,652.8808,296.58508,170.40359,639.26685,317.08432,130.29375,606.57452
331,2.75,174.19743,222.73589,633.10938,159.57828,173.37772,652.02075,192.21295,158.23648,676.92676,220.02478,124.16933,701.30914,246.00096,203.69482,652.8808,296.58508,170.40359,639.26685,317.08432,130.29375,606.57452
332,2.758,174.19743,222.73589,633.10938,159.57828,173.37772,652.02075,192.21295,158.23648,676.92676,219.8199,124.29654,701.18262,245.84399,203.7226,653.11884,296.11029,170.68648,639.11761,317.08432,130.29375,606.57452
333,2.767,174.19743,222.73589,633.10938,159.57828,173.37772,652.02075,192.21295,158.23648,676.92676,219.73764,124.24615,701.39819,245.89153,203.62564,652.95898,296.11029,170.68648,639.11761,317.08432,130.29375,606.57452
334,2.775,174.19743,222.73589,633.10938,159.57828,173.37772,652.02075,192.04369,158.26883,677.35132,220.14619,124.95238,701.30023,245.89153,203.62564,652.95898,296.11029,170.68648,639.11761,316.68414,130.46927,606.66797
335,2.783,174.19743,222.73589,633.10938,159.57828,173.37772,652.02075,192.21295,158.23648,676.92676,220.02376,124.36884,701.18152,245.89153,203.62564,652.95898,296.11029,170.68648,639.11761,316.92535,130.01494,606.66443
336,2.792,174.19743,222.73589,633.10938,159.57828,173.37772,652.02075,192.21295,158.23648,676.92676,220.61205,125.02641,701.31934,245.89153,203.62564,652.95898,296.21021,170.27328,639.03723,316.92535,130.01494,606.66443
337,2.8,174.19743,222.73589,633.10938,159.64383,172.97571,652.21875,192.21295,158.23648,676.92676,220.44646,125.40171,701.37299,245.89153,203.62564,652.95898,296.11029,170.68648,639.11761,316.61026,129.90616,606.6322
338,2.808,174.19743,222.73589,633.10938,159.57828,173.37772,652.02075,192.21295,158.23648,676.92676,220.37227,125.37486,701.52545,245.89153,203.62564,652.95898,296.10583,169.96651,639.21375,316.37619,129.94566,606.60333
339,2.817,174.19743,222.73589,633.10938,159.0522,173.69092,651.90161,192.21295,158.23648,676.92676,219.97021,123.86382,701.11566,245.95529,203.44322,653.08685,296.00592,170.37975,639.29413,316.93576,129.78641,606.49835
340,2.825,174.19743,222.73589,633.10938,159.0522,173.69092,651.90161,192.21295,158.23648,676.92676,219.76703,123.97772,701.03943,245.95529,203.44322,653.08685,296.70236,169.31953,639.50769,316.13959,129.53873,606.48328
341,2.833,174.19743,222.73589,633.10938,159.11768,173.28926,652.09955,192.21295,158.23648,676.92676,219.76703,123.97772,701.03943,245.81056,203.41866,652.96222,296.33176,169.90955,639.18188,316.71301,129.51509,606.47363
342,2.842,174.19743,222.73589,633.10938,159.64383,172.97571,652.21875,192.21295,158.23648,676.92676,220.24304,125.53532,701.24872,245.95529,203.44322,653.08685,296.88394,169.49539,639.46033,316.59262,127.72516,607.44098
343,2.85,174.19743,222.73589,633.10938,159.11768,173.28926,652.09955,192.04369,158.26883,677.35132,219.97021,123.86382,701.11566,245.95529,203.44322,653.08685,296.25424,169.40977,639.46631,316.22263,127.22125,607.40088
344,2.858,174.19743,222.73589,633.10938,159.11768,173.28926,652.09955,192.0645,157.99741,677.10638,219.97021,123.86382,701.11566,245.81056,203.41866,652.96222,296.70236,169.31953,639.50769,316.86859,126.79813,607.63849
345,2.867,174.44943,221.96938,633.25482,159.11768,173.28926,652.09955,192.21295,158.23648,676.92676,219.97021,123.86382,701.11566,246.19449,203.19308,653.0968,296.77161,169.10594,639.66455,316.6619,126.62519,607.55792
346,2.875,174.3994,222.17439,633.12714,159.11768,173.28926,652.09955,192.20628,158.01129,677.09619,220.05417,123.90083,700.95038,246.19449,203.19308,653.0968,296.77161,169.10594,639.66455,316.9216,126.67979,607.54584
347,2.883,174.62064,221.78525,633.32062,159.27206,172.12506,651.99213,191.23558,158.44269,676.62201,220.0013,123.5818,700.80725,246.17821,203.11241,653.01825,296.77161,169.10594,639.66455,316.9216,126.67979,607.54584
348,2.892,174.62064,221.78525,633.32062,159.46478,172.02451,652.04236,192.0719,157.81454,677.2442,220.05417,123.90083,700.95038,246.19449,203.19308,653.0968,296.77161,169.10594,639.66455,317.12173,126.86739,607.638
349,2.9,174.62064,221.78525,633.32062,159.61481,171.71048,651.78418,192.20628,158.01129,677.09619,220.0013,123.5818,700.80725,246.19449,203.19308,653.0968,296.98431,168.9906,639.70978,317.12173,126.86739,607.638
350,2.908,174.62064,221.78525,633.32062,159.61481,171.71048,651.78418,191.10127,158.24593,676.77002,220.44795,124.93208,700.91187,246.17821,203.11241,653.01825,296.98431,168.9906,639.70978,316.9216,126.67979,607.54584
351,2.917,175.05809,221.40387,633.00476,159.61481,171.71048,651.78418,192.20628,158.01129,677.09619,220.44795,124.93208,700.91187,246.37692,202.94576,652.97089,296.98431,168.9906,639.70978,317.12173,126.86739,607.638
352,2.925,175.05809,221.40387,633.00476,159.61481,171.71048,651.78418,192.50726,158.1467,677.47693,220.0013,123.5818,700.80725,246.37692,202.94576,652.97089,296.98431,168.9906,639.70978,316.9216,126.67979,607.54584
353,2.933,175.05809,221.40387,633.00476,159.63643,171.28967,651.99158,191.53638,158.57806,677.00281,220.19356,123.6888,700.76276,246.33208,202.92406,652.90076,296.98431,168.9906,639.70978,317.12173,126.86739,607.638
354,2.942,175.24103,221.53429,633.15216,159.35547,171.17886,651.6424,191.53638,158.57806,677.00281,220.25031,123.61221,700.91467,246.33208,202.92406,652.90076,296.98431,168.9906,639.70978,317.12173,126.86739,607.638
355,2.95,175.2552,221.09091,632.83258,159.35547,171.17886,651.6424,191.40208,158.38129,677.15082,220.32996,123.70948,700.75629,246.52354,202.8284,652.79034,296.98431,168.9906,639.70978,317.3577,126.46622,607.9137
356,2.958,175.62996,221.14543,632.96014,159.63643,171.28967,651.99158,191.40208,158.38129,677.15082,220.43977,122.62454,700.81891,246.67064,202.68671,652.6535,296.98431,168.9906,639.70978,317.53577,126.49747,607.87054
357,2.967,175.53796,220.78435,633.00757,160.1772,170.95961,652.28705,192.37289,157.94994,677.62488,220.34517,123.11874,700.8667,246.76558,202.60716,652.71045,297.2106,168.84436,639.60455,317.53577,126.49747,607.87054
358,2.975,175.53796,220.78435,633.00757,160.1772,170.95961,652.28705,192.37289,157.94994,677.62488,220.43977,122.62454,700.81891,246.76558,202.60716,652.71045,296.9313,168.72162,639.63336,317.77481,125.71268,607.93585
359,2.983,175.53796,220.78435,633.00757,160.57867,170.72404,652.28192,191.40208,158.38129,677.15082,220.43977,122.62454,700.81891,246.65924,202.02594,652.38318,297.31247,168.34808,639.67206,317.15762,126.27862,607.82153
360,2.992,175.53796,220.78435,633.00757,160.1772,170.95961,652.28705,192.37289,157.94994,677.62488,220.43977,122.62454,700.81891,246.95918,201.65201,652.49469,297.15756,168.57541,639.5282,317.77481,125.71268,607.93585
361,3,175.53796,220.78435,633.00757,160.1772,170.95961,652.28705,191.40208,158.38129,677.15082,220.43977,122.62454,700.81891,246.3876,202.14557,652.46808,297.31247,168.34808,639.67206,317.77481,125.71268,607.93585
362,3.008,175.73357,220.63133,632.79449,160.57867,170.72404,652.28192,191.40208,158.38129,677.15082,220.43977,122.62454,700.81891,246.79643,201.88681,652.46887,297.31247,168.34808,639.67206,317.77481,125.71268,607.93585
363,3.017,175.45888,220.3374,632.61377,160.57867,170.72404,652.28192,191.40208,158.38129,677.15082,220.43977,122.62454,700.81891,247.23129,201.65984,652.6333,297.00555,167.99158,639.64258,317.59668,125.68145,607.979
364,3.025,175.26326,220.49048,632.8269,160.57867,170.72404,652.28192,191.40208,158.38129,677.15082,220.43977,122.62454,700.81891,247.23129,201.65984,652.6333,297.22498,168.2139,639.79401,317.43353,125.35066,608.01941
365,3.033,175.45888,220.3374,632.61377,160.57867,170.72404,652.28192,191.4144,157.62634,676.75104,220.43977,122.62454,700.81891,247.23129,201.65984,652.6333,297.17615,167.83575,639.53168,317.43353,125.35066,608.01941
366,3.042,175.39148,220.22311,632.72198,160.57867,170.72404,652.28192,191.40208,158.38129,677.15082,220.43977,122.62454,700.81891,247.28047,200.68394,652.70178,297.00555,167.99158,639.64258,317.43353,125.35066,608.01941
367,3.05,175.45888,220.3374,632.61377,160.57867,170.72404,652.28192,191.4144,157.62634,676.75104,220.57631,122.65527,700.21997,247.29485,200.28204,653.92468,297.38858,168.00401,639.64569,317.43353,125.35066,608.01941
368,3.058,175.45888,220.3374,632.61377,160.57867,170.72404,652.28192,191.4144,157.62634,676.75104,221.11511,123.91972,701.29095,247.28792,200.48227,653.31335,297.38858,168.00401,639.64569,317.43353,125.35066,608.01941
369,3.067,175.73357,220.63133,632.79449,160.57867,170.72404,652.28192,191.4144,157.62634,676.75104,220.43977,122.62454,700.81891,247.23129,201.65984,652.6333,297.17615,167.83575,639.53168,317.47168,125.14725,607.94458
370,3.075,175.73357,220.63133,632.79449,160.81561,170.59444,652.07178,191.40208,158.38129,677.15082,220.91725,124.08436,700.94452,247.19833,200.37112,652.65869,297.38858,168.00401,639.64569,317.43353,125.35066,608.01941
371,3.083,175.73357,220.63133,632.79449,160.57867,170.72404,652.28192,191.40208,158.38129,677.15082,220.6322,122.46804,701.18365,247.19833,200.37112,652.65869,297.17615,167.83575,639.53168,317.43353,125.35066,608.01941
372,3.092,175.73357,220.63133,632.79449,160.57867,170.72404,652.28192,191.40208,158.38129,677.15082,220.43977,122.62454,700.81891,247.14685,201.38921,652.58777,297.38858,168.00401,639.64569,317.47168,125.14725,607.94458
373,3.1,175.73357,220.63133,632.79449,160.57867,170.72404,652.28192,191.4144,157.62634,676.75104,220.6322,122.46804,701.18365,247.14685,201.38921,652.58777,297.26367,167.96996,639.40973,317.46033,125.1264,608.18549
374,3.108,175.73357,220.63133,632.79449,160.57867,170.72404,652.28192,191.40208,158.38129,677.15082,220.6322,122.46804,701.18365,247.28047,200.68394,652.70178,297.38858,168.00401,639.64569,317.47168,125.14725,607.94458
375,3.117,175.73357,220.63133,632.79449,160.81561,170.59444,652.07178,191.40208,158.38129,677.15082,220.6322,122.46804,701.18365,247.23129,201.65984,652.6333,297.38858,168.00401,639.64569,317.47168,125.14725,607.94458
376,3.125,175.73357,220.63133,632.79449,160.57867,170.72404,652.28192,191.4144,157.62634,676.75104,220.6322,122.46804,701.18365,247.28047,200.68394,652.70178,297.38858,168.00401,639.64569,317.47168,125.14725,607.94458
377,3.133,175.73357,220.63133,632.79449,160.81561,170.59444,652.07178,191.40208,158.38129,677.15082,220.6322,122.46804,701.18365,247.51421,202.20108,652.81879,297.47607,168.1382,639.52368,317.47168,125.14725,607.94458
378,3.142,175.73357,220.63133,632.79449,160.57867,170.72404,652.28192,191.40208,158.38129,677.15082,220.6322,122.46804,701.18365,247.51421,202.20108,652.81879,297.52536,168.03831,639.36627,317.47916,124.91013,607.74878
379,3.15,176.05434,221.30394,632.87103,160.57867,170.72404,652.28192,191.40208,158.38129,677.15082,221.11511,123.91972,701.29095,247.55765,201.30972,652.8858,297.47607,168.1382,639.52368,317.43353,125.35066,608.01941
380,3.158,175.82555,220.99245,632.74707,160.57867,170.72404,652.28192,191.40208,158.38129,677.15082,220.43977,122.62454,700.81891,247.23129,201.65984,652.6333,297.47607,168.1382,639.52368,317.47168,125.14725,607.94458
381,3.167,176.05434,221.30394,632.87103,160.57867,170.72404,652.28192,191.40208,158.38129,677.15082,220.6322,122.46804,701.18365,247.23129,201.65984,652.6333,297.47607,168.1382,639.52368,317.43353,125.35066,608.01941
382,3.175,175.82555,220.99245,632.74707,160.57867,170.72404,652.28192,192.37289,157.94994,677.62488,220.34517,123.11874,700.8667,247.47456,201.3385,652.69354,297.47607,168.1382,639.52368,317.43353,125.35066,608.01941
383,3.183,175.82555,220.99245,632.74707,160.217,170.6216,651.81134,192.37289,157.94994,677.62488,220.44276,123.45544,701.27954,247.7617,201.93669,652.9256,297.47607,168.1382,639.52368,317.47168,125.14725,607.94458
384,3.192,175.82555,220.99245,632.74707,160.217,170.6216,651.81134,191.40208,158.38129,677.15082,220.44276,123.45544,701.27954,247.51421,202.20108,652.81879,297.47607,168.1382,639.52368,317.43353,125.35066,608.01941
385,3.2,175.82555,220.99245,632.74707,160.15553,170.98239,652.02277,192.37289,157.94994,677.62488,220.44276,123.45544,701.27954,247.7617,201.93669,652.9256,297.47607,168.1382,639.52368,316.99451,125.94769,607.862
386,3.208,175.82555,220.99245,632.74707,160.15553,170.98239,652.02277,191.40208,158.38129,677.15082,220.44276,123.45544,701.27954,247.07939,202.42804,652.65436,297.26367,167.96996,639.40973,317.43353,125.35066,608.01941
387,3.217,175.82555,220.99245,632.74707,160.15553,170.98239,652.02277,191.40208,158.38129,677.15082,220.25031,123.61221,700.91467,247.51421,202.20108,652.81879,297.17615,167.83575,639.53168,316.99451,125.94769,607.862
388,3.225,175.82555,220.99245,632.74707,159.83629,170.85851,651.62494,192.37289,157.94994,677.62488,220.30316,123.93124,701.0578,247.47456,201.3385,652.69354,297.17615,167.83575,639.53168,316.99451,125.94769,607.862
389,3.233,175.82555,220.99245,632.74707,160.15553,170.98239,652.02277,192.37289,157.94994,677.62488,220.25031,123.61221,700.91467,247.61763,200.11975,652.74976,297.38858,168.00401,639.64569,317.43353,125.35066,608.01941
390,3.242,175.82555,220.99245,632.74707,160.15553,170.98239,652.02277,191.40208,158.38129,677.15082,220.30316,123.93124,701.0578,247.23129,201.65984,652.6333,297.09305,168.12578,639.52057,317.17389,125.29607,608.03156
391,3.25,175.82555,220.99245,632.74707,160.15553,170.98239,652.02277,192.37289,157.94994,677.62488,220.49567,123.77451,701.42267,247.24638,202.25014,652.72681,297.38858,168.00401,639.64569,317.43353,125.35066,608.01941
392,3.258,175.82555,220.99245,632.74707,160.15553,170.98239,652.02277,192.37289,157.94994,677.62488,220.22093,123.88094,701.27338,247.24638,202.25014,652.72681,297.09305,168.12578,639.52057,316.99451,125.94769,607.862
393,3.267,175.82555,220.99245,632.74707,160.15553,170.98239,652.02277,192.37289,157.94994,677.62488,220.49567,123.77451,701.42267,247.7617,201.93669,652.9256,297.47607,168.1382,639.52368,317.43353,125.35066,608.01941
394,3.275,175.82555,220.99245,632.74707,160.15553,170.98239,652.02277,192.50726,158.1467,677.47693,220.22093,123.88094,701.27338,247.7617,201.93669,652.9256,297.47607,168.1382,639.52368,317.43353,125.35066,608.01941
395,3.283,176.05434,221.30394,632.87103,160.15553,170.98239,652.02277,192.37289,157.94994,677.62488,220.41344,123.72429,701.63824,247.7617,201.93669,652.9256,297.47607,168.1382,639.52368,317.43353,125.35066,608.01941
396,3.292,176.05434,221.30394,632.87103,160.15553,170.98239,652.02277,192.50726,158.1467,677.47693,220.41344,123.72429,701.63824,247.7617,201.93669,652.9256,297.32117,168.36554,639.37976,317.43353,125.35066,608.01941
397,3.3,175.82555,220.99245,632.74707,160.15553,170.98239,652.02277,192.50726,158.1467,677.47693,220.41344,123.72429,701.63824,247.7617,201.93669,652.9256,297.47607,168.1382,639.52368,317.43353,125.35066,608.01941
398,3.308,176.05434,221.30394,632.87103,160.57867,170.72404,652.28192,192.50726,158.1467,677.47693,220.22093,123.88094,701.27338,247.7617,201.93669,652.9256,297.47607,168.1382,639.52368,317.43353,125.35066,608.01941
399,3.317,176.05434,221.30394,632.87103,160.15553,170.98239,652.02277,192.50726,158.1467,677.47693,220.84573,124.97549,701.69427,247.7617,201.93669,652.9256,297.47607,168.1382,639.52368,317.59668,125.68145,607.979
400,3.325,176.05434,221.30394,632.87103,160.57867,170.72404,652.28192,192.50726,158.1467,677.47693,220.71899,125.17994,701.14813,247.7617,201.93669,652.9256,297.47607,168.1382,639.52368,317.61166,125.3819,607.97626
401,3.333,176.2493,221.19511,632.87366,160.57867,170.72404,652.28192,192.50726,158.1467,677.47693,220.30316,123.93124,701.0578,247.7617,201.93669,652.9256,297.47607,168.1382,639.52368,317.61166,125.3819,607.97626
402,3.342,176.2493,221.19511,632.87366,160.57867,170.72404,652.28192,192.50726,158.1467,677.47693,220.49567,123.77451,701.42267,247.7617,201.93669,652.9256,297.45795,168.22298,639.46185,317.5491,125.56359,607.84637
403,3.35,176.44617,221.42891,632.98682,160.81561,170.59444,652.07178,192.50726,158.1467,677.47693,220.49567,123.77451,701.42267,247.7617,201.93669,652.9256,297.47607,168.1382,639.52368,317.43353,125.35066,608.01941
404,3.358,176.44617,221.42891,632.98682,160.81561,170.59444,652.07178,192.50726,158.1467,677.47693,220.49567,123.77451,701.42267,247.7617,201.93669,652.9256,297.47607,168.1382,639.52368,317.47168,125.14725,607.94458
405,3.367,176.44617,221.42891,632.98682,160.81561,170.59444,652.07178,193.11549,158.09576,677.64099,220.49567,123.77451,701.42267,247.7617,201.93669,652.9256,297.51721,168.13742,639.29126,317.5994,125.34836,607.77911
406,3.375,176.44617,221.42891,632.98682,160.81561,170.59444,652.07178,193.11549,158.09576,677.64099,220.49567,123.77451,701.42267,247.7617,201.93669,652.9256,297.51721,168.13742,639.29126,317.61255,125.12041,607.57581
407,3.383,176.71843,221.23569,633.15192,160.3839,171.16762,651.7666,193.11549,158.09576,677.64099,220.91692,125.01509,701.49475,247.7617,201.93669,652.9256,297.51721,168.13742,639.29126,317.56226,125.33562,607.64313
408,3.392,176.71843,221.23569,633.15192,160.81561,170.59444,652.07178,193.11549,158.09576,677.64099,220.91692,125.01509,701.49475,247.7617,201.93669,652.9256,297.52536,168.03831,639.36627,317.64984,125.1785,607.90137
409,3.4,176.71843,221.23569,633.15192,160.81561,170.59444,652.07178,193.11549,158.09576,677.64099,220.49567,123.77451,701.42267,247.7617,201.93669,652.9256,297.51721,168.13742,639.29126,317.61255,125.12041,607.57581
410,3.408,176.71843,221.23569,633.15192,160.81561,170.59444,652.07178,193.11549,158.09576,677.64099,220.44276,123.45544,701.27954,247.7617,201.93669,652.9256,297.51721,168.13742,639.29126,317.61255,125.12041,607.57581
411,3.417,176.71843,221.23569,633.15192,160.81561,170.59444,652.07178,193.11549,158.09576,677.64099,220.49567,123.77451,701.42267,247.7617,201.93669,652.9256,297.52536,168.03831,639.36627,317.47916,124.91013,607.74878
412,3.425,176.71843,221.23569,633.15192,160.81561,170.59444,652.07178,193.11549,158.09576,677.64099,220.49567,123.77451,701.42267,247.7617,201.93669,652.9256,297.51721,168.13742,639.29126,317.61255,125.12041,607.57581
413,3.433,176.71843,221.23569,633.15192,160.81561,170.59444,652.07178,191.53638,158.57806,677.00281,220.30316,123.93124,701.0578,247.51421,202.20108,652.81879,297.25851,167.99133,639.16962,317.61255,125.12041,607.57581
414,3.442,176.71843,221.23569,633.15192,160.81561,170.59444,652.07178,192.50726,158.1467,677.47693,220.30316,123.93124,701.0578,247.7617,201.93669,652.9256,297.25851,167.99133,639.16962,317.61255,125.12041,607.57581
415,3.45,176.52161,221.00192,633.03888,160.57867,170.72404,652.28192,192.50726,158.1467,677.47693,220.25031,123.61221,700.91467,247.7617,201.93669,652.9256,297.25851,167.99133,639.16962,317.61255,125.12041,607.57581
416,3.458,176.52161,221.00192,633.03888,160.57867,170.72404,652.28192,191.53638,158.57806,677.00281,220.44276,123.45544,701.27954,247.51421,202.20108,652.81879,297.31293,167.87007,639.25226,317.36038,124.59659,607.75439
417,3.467,176.52161,221.00192,633.03888,160.57867,170.72404,652.28192,192.50726,158.1467,677.47693,220.25031,123.61221,700.91467,247.7617,201.93669,652.9256,297.25851,167.99133,639.16962,317.47891,124.77277,607.6087
418,3.475,176.52161,221.00192,633.03888,160.55693,171.14543,652.0744,191.53638,158.57806,677.00281,220.25031,123.61221,700.91467,247.51421,202.20108,652.81879,297.25851,167.99133,639.16962,316.62634,125.44103,607.3855
419,3.483,176.52161,221.00192,633.03888,160.55693,171.14543,652.0744,191.53638,158.57806,677.00281,220.25031,123.61221,700.91467,247.51421,202.20108,652.81879,297.25851,167.99133,639.16962,316.62634,125.44103,607.3855
420,3.492,176.52161,221.00192,633.03888,160.57867,170.72404,652.28192,191.53638,158.57806,677.00281,220.34517,123.11874,700.8667,247.51421,202.20108,652.81879,297.25851,167.99133,639.16962,316.62634,125.44103,607.3855
421,3.5,176.52161,221.00192,633.03888,160.55693,171.14543,652.0744,191.53638,158.57806,677.00281,220.34517,123.11874,700.8667,247.51421,202.20108,652.81879,297.25851,167.99133,639.16962,316.62634,125.44103,607.3855
422,3.508,176.52161,221.00192,633.03888,160.55693,171.14543,652.0744,191.53638,158.57806,677.00281,220.34517,123.11874,700.8667,247.51421,202.20108,652.81879,297.25851,167.99133,639.16962,316.93552,125.49302,607.36987
423,3.517,176.52161,221.00192,633.03888,160.55693,171.14543,652.0744,191.53638,158.57806,677.00281,220.76793,124.17905,700.5802,247.51421,202.20108,652.81879,297.25851,167.99133,639.16962,316.93552,125.49302,607.36987
424,3.525,176.71843,221.23569,633.15192,160.55693,171.14543,652.0744,191.53638,158.57806,677.00281,220.36432,123.13805,700.62616,247.51421,202.20108,652.81879,297.25851,167.99133,639.16962,316.75995,125.78881,607.35254
425,3.533,176.52161,221.00192,633.03888,161.72308,170.02036,653.25861,191.53638,158.57806,677.00281,220.48047,123.0819,699.98199,247.51421,202.20108,652.81879,297.25851,167.99133,639.16962,317.16977,124.72071,607.62433
426,3.542,176.52161,221.00192,633.03888,161.58281,170.51842,652.85541,191.53638,158.57806,677.00281,220.28915,123.05312,700.79254,247.51421,202.20108,652.81879,297.25851,167.99133,639.16962,316.93552,125.49302,607.36987
427,3.55,176.71892,220.86687,633.26691,161.97849,170.3015,652.50781,191.53638,158.57806,677.00281,221.03728,124.51816,701.18866,247.51421,202.20108,652.81879,297.25851,167.99133,639.16962,316.93552,125.49302,607.36987
428,3.558,176.91571,221.10062,633.37994,161.97849,170.3015,652.50781,192.14452,158.52754,677.16687,220.91133,124.66319,700.22137,247.51421,202.20108,652.81879,297.25851,167.99133,639.16962,317.47891,124.77277,607.6087
429,3.567,176.71892,220.86687,633.26691,161.97849,170.3015,652.50781,192.14452,158.52754,677.16687,220.36432,123.13805,700.62616,247.51421,202.20108,652.81879,297.25851,167.99133,639.16962,317.61255,125.12041,607.57581
430,3.575,176.91571,221.10062,633.37994,161.97849,170.3015,652.50781,192.14452,158.52754,677.16687,220.91133,124.66319,700.22137,247.51421,202.20108,652.81879,297.25851,167.99133,639.16962,317.59244,124.89919,607.45227
431,3.583,176.91571,221.10062,633.37994,162.11871,169.80342,652.91113,192.40263,158.5132,677.17834,221.03728,124.51816,701.18866,247.51421,202.20108,652.81879,297.55246,167.39532,639.30212,317.72278,125.2099,607.39886
432,3.592,176.91571,221.10062,633.37994,162.11871,169.80342,652.91113,192.40263,158.5132,677.17834,220.91133,124.66319,700.22137,247.51421,202.20108,652.81879,297.51721,168.13742,639.29126,317.72278,125.2099,607.39886
433,3.6,176.91571,221.10062,633.37994,162.11871,169.80342,652.91113,192.40263,158.5132,677.17834,220.58788,122.9794,701.02118,247.51421,202.20108,652.81879,297.8111,167.54144,639.42371,317.05603,125.90043,606.97375
434,3.608,177.17429,221.85916,633.20795,162.11871,169.80342,652.91113,192.40263,158.5132,677.17834,221.61143,122.44982,702.54736,247.51421,202.20108,652.81879,297.8111,167.54144,639.42371,317.05603,125.90043,606.97375
435,3.617,177.17429,221.85916,633.20795,162.11871,169.80342,652.91113,192.40263,158.5132,677.17834,221.74953,122.38377,702.44373,247.51421,202.20108,652.81879,298.41519,167.20222,639.38983,317.05603,125.90043,606.97375
436,3.625,177.17429,221.85916,633.20795,162.11871,169.80342,652.91113,193.37367,158.08136,677.65234,221.16154,124.67621,700.08063,247.7617,201.93669,652.9256,298.41519,167.20222,639.38983,317.05603,125.90043,606.97375
437,3.633,176.91571,221.10062,633.37994,162.11871,169.80342,652.91113,192.40263,158.5132,677.17834,220.75008,123.13012,699.82501,247.51421,202.20108,652.81879,298.41519,167.20222,639.38983,317.05603,125.90043,606.97375
438,3.642,176.91571,221.10062,633.37994,160.81561,170.59444,652.07178,192.40263,158.5132,677.17834,220.75008,123.13012,699.82501,247.51421,202.20108,652.81879,298.41519,167.20222,639.38983,317.05603,125.90043,606.97375
439,3.65,176.91571,221.10062,633.37994,162.11871,169.80342,652.91113,192.41525,157.75815,676.7785,220.75008,123.13012,699.82501,247.51421,202.20108,652.81879,298.41519,167.20222,639.38983,317.05603,125.90043,606.97375
440,3.658,177.17429,221.85916,633.20795,160.81561,170.59444,652.07178,192.41525,157.75815,676.7785,220.75008,123.13012,699.82501,247.51421,202.20108,652.81879,298.41519,167.20222,639.38983,317.05603,125.90043,606.97375
441,3.667,177.17429,221.85916,633.20795,160.81561,170.59444,652.07178,192.40263,158.5132,677.17834,220.75008,123.13012,699.82501,247.51421,202.20108,652.81879,298.41519,167.20222,639.38983,317.05603,125.90043,606.97375
442,3.675,177.17429,221.85916,633.20795,160.81561,170.59444,652.07178,192.40263,158.5132,677.17834,220.75008,123.13012,699.82501,247.51421,202.20108,652.81879,298.41519,167.20222,639.38983,317.05603,125.90043,606.97375
443,3.683,177.17429,221.85916,633.20795,160.81561,170.59444,652.07178,192.41525,157.75815,676.7785,220.75008,123.13012,699.82501,247.51421,202.20108,652.81879,298.41519,167.20222,639.38983,317.05603,125.90043,606.97375
444,3.692,176.91571,221.10062,633.37994,160.81561,170.59444,652.07178,192.41525,157.75815,676.7785,220.75008,123.13012,699.82501,247.51421,202.20108,652.81879,298.12119,167.79846,639.25739,317.05603,125.90043,606.97375
445,3.7,176.91571,221.10062,633.37994,160.81561,170.59444,652.07178,192.41525,157.75815,676.7785,220.75008,123.13012,699.82501,247.96265,201.65382,652.96295,297.25851,167.99133,639.16962,317.05603,125.90043,606.97375
446,3.708,176.91571,221.10062,633.37994,160.79391,171.01584,651.86426,192.41525,157.75815,676.7785,220.6187,123.01606,699.8783,247.96265,201.65382,652.96295,297.0744,167.739,638.93182,316.93863,125.55389,607.0202
447,3.717,176.91571,221.10062,633.37994,160.81561,170.59444,652.07178,192.15706,157.77252,676.76709,220.6187,123.01606,699.8783,247.96265,201.65382,652.96295,297.36835,167.1429,639.06427,316.93863,125.55389,607.0202
448,3.725,176.71892,220.86687,633.26691,160.81561,170.59444,652.07178,192.15706,157.77252,676.76709,220.61183,123.19596,699.92871,247.96265,201.65382,652.96295,297.0744,167.739,638.93182,316.93863,125.55389,607.0202
449,3.733,176.71892,220.86687,633.26691,160.81561,170.59444,652.07178,192.15706,157.77252,676.76709,220.91133,124.66319,700.22137,247.96265,201.65382,652.96295,297.0744,167.739,638.93182,316.78171,125.36694,606.83484
450,3.742,176.71892,220.86687,633.26691,160.81561,170.59444,652.07178,191.54874,157.82312,676.60297,220.6187,123.01606,699.8783,247.96265,201.65382,652.96295,297.36835,167.1429,639.06427,316.78171,125.36694,606.83484
451,3.75,176.71892,220.86687,633.26691,160.81561,170.59444,652.07178,191.54874,157.82312,676.60297,220.48047,123.0819,699.98199,247.96265,201.65382,652.96295,297.19556,167.75743,638.51312,316.78171,125.36694,606.83484
452,3.758,176.71892,220.86687,633.26691,160.15553,170.98239,652.02277,191.54874,157.82312,676.60297,220.48047,123.0819,699.98199,247.67964,201.11255,652.7774,297.48956,167.16132,638.64551,317.1405,125.31506,606.86975
453,3.767,176.71892,220.86687,633.26691,160.57867,170.72404,652.28192,191.54874,157.82312,676.60297,220.48047,123.0819,699.98199,247.67964,201.11255,652.7774,297.48956,167.16132,638.64551,316.98358,125.12816,606.68439
454,3.775,176.71892,220.86687,633.26691,160.81561,170.59444,652.07178,191.54874,157.82312,676.60297,220.48047,123.0819,699.98199,247.67964,201.11255,652.7774,297.29211,166.96614,638.49304,316.55035,125.16175,606.69531
455,3.783,176.71892,220.86687,633.26691,160.81561,170.59444,652.07178,191.54874,157.82312,676.60297,220.48047,123.0819,699.98199,247.59518,200.842,652.73187,297.29211,166.96614,638.49304,317.04306,124.4986,606.88629
456,3.792,176.71892,220.86687,633.26691,160.81561,170.59444,652.07178,191.54874,157.82312,676.60297,220.48047,123.0819,699.98199,247.96265,201.65382,652.96295,297.29211,166.96614,638.49304,316.60989,124.53215,606.89716
457,3.8,176.71892,220.86687,633.26691,160.81561,170.59444,652.07178,191.54874,157.82312,676.60297,220.48047,123.0819,699.98199,247.59518,200.842,652.73187,297.29211,166.96614,638.49304,317.04306,124.4986,606.88629
458,3.808,176.71892,220.86687,633.26691,160.3925,170.85284,651.81262,191.54874,157.82312,676.60297,220.48047,123.0819,699.98199,247.59518,200.842,652.73187,297.29211,166.96614,638.49304,317.04306,124.4986,606.88629
459,3.817,176.71892,220.86687,633.26691,160.81561,170.59444,652.07178,191.54874,157.82312,676.60297,220.48047,123.0819,699.98199,247.65071,199.73972,652.80908,297.29211,166.96614,638.49304,315.9071,124.32549,606.74573
460,3.825,176.71892,220.86687,633.26691,160.3925,170.85284,651.81262,191.54874,157.82312,676.60297,220.78001,122.7337,699.43707,247.65071,199.73972,652.80908,297.29211,166.96614,638.49304,316.28909,124.37779,606.78876
461,3.833,176.71892,220.86687,633.26691,160.81561,170.59444,652.07178,191.54874,157.82312,676.60297,220.69579,122.8213,699.74091,247.65071,199.73972,652.80908,297.29211,166.96614,638.49304,316.48743,124.38734,606.7998
462,3.842,176.71892,220.86687,633.26691,160.81561,170.59444,652.07178,191.54874,157.82312,676.60297,220.70293,122.92851,699.57452,247.59518,200.842,652.73187,297.29211,166.96614,638.49304,317.32928,123.85487,607.03223
463,3.85,176.71892,220.86687,633.26691,161.32841,170.28969,652.19739,191.54874,157.82312,676.60297,220.70293,122.92851,699.57452,247.59518,200.842,652.73187,297.29211,166.96614,638.49304,317.04306,124.4986,606.88629
464,3.858,176.71892,220.86687,633.26691,162.11871,169.80342,652.91113,191.54874,157.82312,676.60297,220.69579,122.8213,699.74091,247.65071,199.73972,652.80908,297.29211,166.96614,638.49304,317.32928,123.85487,607.03223
465,3.867,176.71892,220.86687,633.26691,162.11871,169.80342,652.91113,191.54874,157.82312,676.60297,220.69579,122.8213,699.74091,247.59518,200.842,652.73187,297.32031,166.84465,638.58124,316.91809,124.1564,606.87756
466,3.875,176.71892,220.86687,633.26691,162.11871,169.80342,652.91113,191.54874,157.82312,676.60297,220.69579,122.8213,699.74091,247.59518,200.842,652.73187,297.29211,166.96614,638.49304,317.38699,124.54199,606.37097
467,3.883,176.71892,220.86687,633.26691,162.11871,169.80342,652.91113,191.54874,157.82312,676.60297,220.69579,122.8213,699.74091,247.59518,200.842,652.73187,297.77548,166.68065,638.53455,317.33041,124.66094,606.0517
468,3.892,176.71892,220.86687,633.26691,162.11871,169.80342,652.91113,192.15706,157.77252,676.76709,220.78001,122.7337,699.43707,247.65071,199.73972,652.80908,297.77548,166.68065,638.53455,317.38699,124.54199,606.37097
469,3.9,176.71892,220.86687,633.26691,162.11871,169.80342,652.91113,192.41525,157.75815,676.7785,220.78001,122.7337,699.43707,247.59518,200.842,652.73187,297.77548,166.68065,638.53455,317.38699,124.54199,606.37097
470,3.908,176.71892,220.86687,633.26691,162.11871,169.80342,652.91113,192.41525,157.75815,676.7785,220.78001,122.7337,699.43707,247.67964,201.11255,652.7774,297.70197,166.62833,638.59021,317.24985,124.45935,606.61115
471,3.917,176.71892,220.86687,633.26691,162.11871,169.80342,652.91113,192.15706,157.77252,676.76709,220.78001,122.7337,699.43707,247.92799,200.36559,652.99316,297.97287,166.87581,638.68695,317.21332,124.60348,606.51105
472,3.925,176.71892,220.86687,633.26691,162.11871,169.80342,652.91113,192.41525,157.75815,676.7785,220.69579,122.8213,699.74091,247.67964,201.11255,652.7774,297.97287,166.87581,638.68695,317.21332,124.60348,606.51105
473,3.933,176.71892,220.86687,633.26691,162.11871,169.80342,652.91113,192.41525,157.75815,676.7785,221.15079,122.70592,698.87262,247.67964,201.11255,652.7774,297.97287,166.87581,638.68695,317.10068,125.18568,606.22516
474,3.942,176.71892,220.86687,633.26691,162.11871,169.80342,652.91113,192.81596,157.64804,676.58057,221.34932,123.94709,699.21759,247.67964,201.11255,652.7774,297.86557,166.84129,638.73584,317.19479,124.6595,606.07489
475,3.95,176.71892,220.86687,633.26691,162.11871,169.80342,652.91113,192.81596,157.64804,676.58057,221.46663,124.02591,699.16876,247.67964,201.11255,652.7774,297.97287,166.87581,638.68695,317.04404,125.30467,605.90582
476,3.958,176.71892,220.86687,633.26691,162.11871,169.80342,652.91113,192.81596,157.64804,676.58057,220.91141,122.84771,699.38379,247.67964,201.11255,652.7774,297.97287,166.87581,638.68695,317.44055,125.48039,605.75555
477,3.967,176.71892,220.86687,633.26691,162.11871,169.80342,652.91113,192.41525,157.75815,676.7785,221.15079,122.70592,698.87262,247.67964,201.11255,652.7774,297.97287,166.87581,638.68695,317.44055,125.48039,605.75555
478,3.975,176.71892,220.86687,633.26691,162.11871,169.80342,652.91113,192.81596,157.64804,676.58057,221.15079,122.70592,698.87262,247.96265,201.65382,652.96295,297.97287,166.87581,638.68695,317.32349,125.423,606.21472
479,3.983,176.71892,220.86687,633.26691,162.11871,169.80342,652.91113,192.41525,157.75815,676.7785,221.15079,122.70592,698.87262,247.96265,201.65382,652.96295,297.97287,166.87581,638.68695,317.16147,125.65115,605.85938
480,3.992,176.71892,220.86687,633.26691,162.11871,169.80342,652.91113,192.81596,157.64804,676.58057,221.15079,122.70592,698.87262,247.96265,201.65382,652.96295,297.97287,166.87581,638.68695,317.44055,125.48039,605.75555
481,4,176.71892,220.86687,633.26691,161.97849,170.3015,652.50781,192.81596,157.64804,676.58057,221.56665,124.1239,699.11017,247.67964,201.11255,652.7774,297.97287,166.87581,638.68695,317.44055,125.48039,605.75555
482,4.008,176.71892,220.86687,633.26691,161.97849,170.3015,652.50781,192.81596,157.64804,676.58057,221.56665,124.1239,699.11017,247.67964,201.11255,652.7774,297.97287,166.87581,638.68695,317.44055,125.48039,605.75555
483,4.017,176.71892,220.86687,633.26691,161.97849,170.3015,652.50781,192.81596,157.64804,676.58057,221.26537,122.84043,698.80951,247.67964,201.11255,652.7774,297.97287,166.87581,638.68695,317.64914,126.07558,605.5332
484,4.025,176.71892,220.86687,633.26691,161.97849,170.3015,652.50781,192.81596,157.64804,676.58057,221.26537,122.84043,698.80951,247.96265,201.65382,652.96295,297.97287,166.87581,638.68695,317.64914,126.07558,605.5332
485,4.033,176.71892,220.86687,633.26691,161.97849,170.3015,652.50781,192.81596,157.64804,676.58057,221.4534,124.1165,698.80988,247.96265,201.65382,652.96295,297.97287,166.87581,638.68695,317.64914,126.07558,605.5332
486,4.042,176.71892,220.86687,633.26691,161.97849,170.3015,652.50781,192.81596,157.64804,676.58057,221.26537,122.84043,698.80951,247.51421,202.20108,652.81879,298.04498,167.46028,638.16486,317.64914,126.07558,605.5332
487,4.05,176.71892,220.86687,633.26691,162.58902,170.56914,652.49634,192.81596,157.64804,676.58057,221.26537,122.84043,698.80951,247.51421,202.20108,652.81879,297.97287,166.87581,638.68695,317.64914,126.07558,605.5332
488,4.058,176.71892,220.86687,633.26691,162.58902,170.56914,652.49634,192.81596,157.64804,676.58057,221.83791,124.01478,698.99963,247.51421,202.20108,652.81879,297.97287,166.87581,638.68695,317.93542,125.43182,605.67914
489,4.067,176.71892,220.86687,633.26691,162.58902,170.56914,652.49634,192.81596,157.64804,676.58057,221.50262,122.74426,698.78387,247.51421,202.20108,652.81879,297.97287,166.87581,638.68695,317.93542,125.43182,605.67914
490,4.075,176.91571,221.10062,633.37994,162.58902,170.56914,652.49634,192.81596,157.64804,676.58057,221.50262,122.74426,698.78387,247.67569,202.07233,652.8924,297.97287,166.87581,638.68695,317.93542,125.43182,605.67914
491,4.083,177.1631,221.81422,633.63977,162.58902,170.56914,652.49634,192.81596,157.64804,676.58057,221.50262,122.74426,698.78387,247.67569,202.07233,652.8924,297.97287,166.87581,638.68695,317.93542,125.43182,605.67914
492,4.092,177.29515,222.20482,633.4458,162.1351,170.83665,652.3866,192.81596,157.64804,676.58057,221.50262,122.74426,698.78387,247.67569,202.07233,652.8924,297.97287,166.87581,638.68695,317.93542,125.43182,605.67914
493,4.1,177.29515,222.20482,633.4458,162.1351,170.83665,652.3866,192.81596,157.64804,676.58057,221.50262,122.74426,698.78387,247.67569,202.07233,652.8924,297.97287,166.87581,638.68695,317.93542,125.43182,605.67914
494,4.108,177.29515,222.20482,633.4458,162.1351,170.83665,652.3866,192.81596,157.64804,676.58057,221.50262,122.74426,698.78387,247.67569,202.07233,652.8924,297.97287,166.87581,638.68695,318.52487,125.00835,606.18286
495,4.117,177.46323,222.05383,633.48926,162.1351,170.83665,652.3866,192.81596,157.64804,676.58057,221.50262,122.74426,698.78387,247.83278,201.66182,652.95624,297.97287,166.87581,638.68695,318.52487,125.00835,606.18286
496,4.125,177.33119,221.66319,633.68323,162.15685,170.41457,652.59424,192.81596,157.64804,676.58057,221.50262,122.74426,698.78387,247.83278,201.66182,652.95624,297.97287,166.87581,638.68695,318.28763,124.46677,606.40308
497,4.133,177.33119,221.66319,633.68323,162.1351,170.83665,652.3866,192.82835,156.89223,676.18091,221.50262,122.74426,698.78387,247.83278,201.66182,652.95624,297.97287,166.87581,638.68695,318.28763,124.46677,606.40308
498,4.142,177.46323,222.05383,633.48926,162.15685,170.41457,652.59424,192.82835,156.89223,676.18091,221.85646,122.46001,698.71283,247.83278,201.66182,652.95624,297.97287,166.87581,638.68695,318.3634,124.47858,606.1394
499,4.15,177.46323,222.05383,633.48926,162.1351,170.83665,652.3866,192.82835,156.89223,676.18091,221.4449,122.66676,698.70471,247.83278,201.66182,652.95624,297.97287,166.87581,638.68695,318.39456,124.69756,606.23633
500,4.158,177.80791,221.80115,633.49536,162.15685,170.41457,652.59424,192.82835,156.89223,676.18091,221.66998,122.68542,698.93268,248.31593,200.42506,653.20007,298.36108,166.60136,638.93494,318.52841,123.77364,606.36694
501,4.167,177.80791,221.80115,633.49536,162.15685,170.41457,652.59424,192.82835,156.89223,676.18091,221.66998,122.68542,698.93268,248.26765,201.43524,653.12061,298.10214,166.34999,638.65356,318.52841,123.77364,606.36694
502,4.175,177.67592,221.41043,633.68939,162.15685,170.41457,652.59424,192.64639,155.83344,676.0813,221.66998,122.68542,698.93268,248.1833,201.16466,653.07513,298.29315,165.88039,638.74921,318.52435,123.24345,606.55103
503,4.183,177.23192,220.46289,633.31653,162.15685,170.41457,652.59424,192.64639,155.83344,676.0813,221.66998,122.68542,698.93268,247.54987,201.12039,652.77075,297.77548,166.68065,638.53455,318.52841,123.77364,606.36694
504,4.192,176.88707,220.71577,633.31036,162.15685,170.41457,652.59424,192.64639,155.83344,676.0813,221.66998,122.68542,698.93268,247.46544,200.84975,652.72522,297.90479,166.15486,638.50116,318.12613,123.93719,606.3595
505,4.2,176.88707,220.71577,633.31036,162.15685,170.41457,652.59424,192.64639,155.83344,676.0813,221.66998,122.68542,698.93268,247.46544,200.84975,652.72522,297.90479,166.15486,638.50116,318.11588,123.15934,606.36719
506,4.208,176.88707,220.71577,633.31036,162.15685,170.41457,652.59424,192.64639,155.83344,676.0813,221.55659,122.55309,698.99756,247.52031,199.74767,652.80463,297.90479,166.15486,638.50116,318.11588,123.15934,606.36719
507,4.217,177.14557,221.47438,633.13837,162.15685,170.41457,652.59424,192.64639,155.83344,676.0813,221.55659,122.55309,698.99756,247.79749,200.37373,652.98865,297.77548,166.68065,638.53455,318.11588,123.15934,606.36719
508,4.225,176.74275,220.42833,633.15399,162.15685,170.41457,652.59424,192.64639,155.83344,676.0813,222.00523,123.79836,699.09222,247.52031,199.74767,652.80463,297.90479,166.15486,638.50116,318.12198,123.40703,606.54364
509,4.233,176.88707,220.71577,633.31036,162.15685,170.41457,652.59424,192.64639,155.83344,676.0813,221.55659,122.55309,698.99756,247.52031,199.74767,652.80463,297.90479,166.15486,638.50116,318.12198,123.40703,606.54364
510,4.242,176.88707,220.71577,633.31036,162.15685,170.41457,652.59424,192.64639,155.83344,676.0813,221.55659,122.55309,698.99756,247.52031,199.74767,652.80463,297.77548,166.68065,638.53455,318.12198,123.40703,606.54364
511,4.25,176.88707,220.71577,633.31036,162.15685,170.41457,652.59424,192.64639,155.83344,676.0813,221.74384,122.40402,699.03302,247.52031,199.74767,652.80463,297.90479,166.15486,638.50116,318.12198,123.40703,606.54364
512,4.258,176.88707,220.71577,633.31036,162.15685,170.41457,652.59424,192.64639,155.83344,676.0813,221.55659,122.55309,698.99756,247.52031,199.74767,652.80463,297.77548,166.68065,638.53455,318.15317,123.62592,606.64056
513,4.267,176.88707,220.71577,633.31036,162.15685,170.41457,652.59424,192.64639,155.83344,676.0813,221.9682,122.3465,699.00568,247.55086,199.54082,652.94775,297.97287,166.87581,638.68695,318.15317,123.62592,606.64056
514,4.275,176.88707,220.71577,633.31036,162.15685,170.41457,652.59424,192.64639,155.83344,676.0813,221.42801,122.43774,699.05334,247.52031,199.74767,652.80463,298.10214,166.34999,638.65356,318.15317,123.62592,606.64056
515,4.283,176.88707,220.71577,633.31036,162.15685,170.41457,652.59424,192.64639,155.83344,676.0813,221.55659,122.55309,698.99756,247.79749,200.37373,652.98865,297.97287,166.87581,638.68695,318.55551,123.46235,606.64801
516,4.292,176.88707,220.71577,633.31036,162.69191,170.09572,652.8139,192.64639,155.83344,676.0813,221.55659,122.55309,698.99756,247.79749,200.37373,652.98865,297.97287,166.87581,638.68695,318.55551,123.46235,606.64801
517,4.3,176.88707,220.71577,633.31036,162.15685,170.41457,652.59424,192.64639,155.83344,676.0813,221.66998,122.68542,698.93268,247.46544,200.84975,652.72522,297.97287,166.87581,638.68695,318.55551,123.46235,606.64801
518,4.308,176.88707,220.71577,633.31036,162.15685,170.41457,652.59424,192.64639,155.83344,676.0813,221.66998,122.68542,698.93268,247.52031,199.74767,652.80463,297.97287,166.87581,638.68695,318.55551,123.46235,606.64801
519,4.317,176.88707,220.71577,633.31036,162.69191,170.09572,652.8139,192.64639,155.83344,676.0813,222.08162,122.47884,698.9408,247.52031,199.74767,652.80463,297.97287,166.87581,638.68695,318.68982,124.30321,606.41046
520,4.325,176.88707,220.71577,633.31036,162.69191,170.09572,652.8139,192.85385,155.1429,675.8678,221.66998,122.68542,698.93268,247.79749,200.37373,652.98865,298.6196,166.74744,639.05652,318.68982,124.30321,606.41046
521,4.333,177.49034,221.22165,633.14447,162.69191,170.09572,652.8139,192.85385,155.1429,675.8678,221.66998,122.68542,698.93268,247.74835,201.3912,652.91077,298.36108,166.60136,638.93494,318.68982,124.30321,606.41046
522,4.342,177.68709,221.45541,633.25745,162.69191,170.09572,652.8139,192.64639,155.83344,676.0813,221.66998,122.68542,698.93268,248.2339,200.1123,653.15698,298.6196,166.74744,639.05652,318.85458,123.95493,606.82117
523,4.35,177.42862,220.69661,633.4295,162.69191,170.09572,652.8139,192.85385,155.1429,675.8678,221.66998,122.68542,698.93268,248.26765,201.43524,653.12061,298.6196,166.74744,639.05652,318.85858,124.4852,606.63708
524,4.358,177.23192,220.46289,633.31653,162.69191,170.09572,652.8139,192.85385,155.1429,675.8678,221.66998,122.68542,698.93268,248.31593,200.42506,653.20007,298.6196,166.74744,639.05652,318.85858,124.4852,606.63708
525,4.367,177.42862,220.69661,633.4295,162.69191,170.09572,652.8139,192.85385,155.1429,675.8678,221.66998,122.68542,698.93268,248.2339,200.1123,653.15698,298.6196,166.74744,639.05652,319.08206,124.95478,606.50635
526,4.375,177.23192,220.46289,633.31653,162.69191,170.09572,652.8139,192.85385,155.1429,675.8678,221.99995,122.4614,699.30029,248.2645,199.90544,653.30011,298.6196,166.74744,639.05652,319.04117,124.73884,606.77441
527,4.383,177.42862,220.69661,633.4295,162.69191,170.09572,652.8139,193.25494,155.03281,675.66956,221.99995,122.4614,699.30029,248.26765,201.43524,653.12061,298.80368,166.99998,639.29443,319.08206,124.95478,606.50635
528,4.392,177.42862,220.69661,633.4295,162.3786,170.46266,652.57098,193.25494,155.03281,675.66956,222.08162,122.47884,698.9408,248.2993,201.25726,653.25421,298.80368,166.99998,639.29443,319.08206,124.95478,606.50635
529,4.4,177.68709,221.45541,633.25745,162.69191,170.09572,652.8139,193.25494,155.03281,675.66956,221.66998,122.68542,698.93268,248.26765,201.43524,653.12061,298.80368,166.99998,639.29443,319.08206,124.95478,606.50635
530,4.408,177.42862,220.69661,633.4295,163.09186,170.03664,652.88898,193.25494,155.03281,675.66956,221.66998,122.68542,698.93268,248.26765,201.43524,653.12061,298.80368,166.99998,639.29443,319.08206,124.95478,606.50635
531,4.417,177.42862,220.69661,633.4295,162.7291,170.07103,652.8996,192.85385,155.1429,675.8678,222.08162,122.47884,698.9408,247.9848,200.8938,652.93512,298.8681,166.89415,639.62189,319.08206,124.95478,606.50635
532,4.425,177.42862,220.69661,633.4295,162.7291,170.07103,652.8996,192.85385,155.1429,675.8678,221.66998,122.68542,698.93268,248.03883,199.799,653.01605,298.80368,166.99998,639.29443,319.04117,124.73884,606.77441
533,4.433,177.23192,220.46289,633.31653,162.7291,170.07103,652.8996,192.85385,155.1429,675.8678,221.66998,122.68542,698.93268,247.9848,200.8938,652.93512,298.8681,166.89415,639.62189,319.08206,124.95478,606.50635
534,4.442,177.23192,220.46289,633.31653,162.7291,170.07103,652.8996,192.85385,155.1429,675.8678,222.08162,122.47884,698.9408,247.95679,199.48619,652.97296,298.8681,166.89415,639.62189,319.08206,124.95478,606.50635
535,4.45,177.23192,220.46289,633.31653,162.69191,170.09572,652.8139,192.85385,155.1429,675.8678,222.08162,122.47884,698.9408,247.55086,199.54082,652.94775,298.8681,166.89415,639.62189,319.04117,124.73884,606.77441
536,4.458,177.23192,220.46289,633.31653,162.7291,170.07103,652.8996,192.85385,155.1429,675.8678,221.55659,122.55309,698.99756,247.55086,199.54082,652.94775,298.95459,167.18867,639.56146,319.19678,125.73946,606.37665
537,4.467,176.88707,220.71577,633.31036,162.7291,170.07103,652.8996,192.85385,155.1429,675.8678,221.84311,121.92643,699.0907,247.9874,199.27922,653.11609,298.8681,166.89415,639.62189,318.8555,124.36714,606.84814
538,4.475,176.74275,220.42833,633.15399,162.7291,170.07103,652.8996,192.85385,155.1429,675.8678,221.43158,122.13302,699.08258,247.55086,199.54082,652.94775,298.68399,166.64171,639.38397,319.03717,124.20853,606.9585
539,4.483,176.69661,220.05022,633.25848,162.7291,170.07103,652.8996,192.85385,155.1429,675.8678,221.30298,122.01762,699.13837,247.81104,199.47581,653.24884,298.81546,166.96257,639.34711,319.20691,125.81714,606.19458
540,4.492,176.69661,220.05022,633.25848,162.11871,169.80342,652.91113,192.85385,155.1429,675.8678,221.71446,121.81103,699.14648,247.55835,199.33894,653.55945,298.59534,166.84459,639.24323,319.16949,125.76659,606.49097
541,4.5,176.69661,220.05022,633.25848,162.7291,170.07103,652.8996,192.85385,155.1429,675.8678,221.30298,122.01762,699.13837,247.55086,199.54082,652.94775,298.81546,166.96257,639.34711,319.15936,125.6889,606.67303
542,4.508,176.69661,220.05022,633.25848,162.11871,169.80342,652.91113,192.85385,155.1429,675.8678,221.30298,122.01762,699.13837,247.55086,199.54082,652.94775,298.42554,166.49565,639.26245,318.82758,123.73338,607.37067
543,4.517,176.69661,220.05022,633.25848,162.7291,170.07103,652.8996,192.85385,155.1429,675.8678,221.30298,122.01762,699.13837,247.81104,199.47581,653.24884,298.59534,166.84459,639.24323,318.82758,123.73338,607.37067
544,4.525,176.69661,220.05022,633.25848,162.11871,169.80342,652.91113,192.85385,155.1429,675.8678,221.30298,122.01762,699.13837,247.55086,199.54082,652.94775,298.63242,166.9967,639.55286,319.12238,125.00122,607.03241
545,4.533,176.52843,220.20137,633.21503,162.11871,169.80342,652.91113,192.85385,155.1429,675.8678,221.07857,122.07507,699.16571,247.78018,199.23492,654.34259,298.71082,166.17215,639.86725,318.79892,123.62346,607.45654
546,4.542,176.69661,220.05022,633.25848,162.11871,169.80342,652.91113,192.85385,155.1429,675.8678,221.07857,122.07507,699.16571,247.78018,199.23492,654.34259,298.42908,165.73486,639.60071,318.69733,123.42276,607.42407
547,4.55,176.52843,220.20137,633.21503,162.11871,169.80342,652.91113,192.85385,155.1429,675.8678,221.48344,123.35076,699.3028,247.56529,199.13852,654.17096,298.37769,165.34448,639.82355,318.98083,125.07172,607.00647
548,4.558,176.52843,220.20137,633.21503,162.11871,169.80342,652.91113,192.85385,155.1429,675.8678,221.07857,122.07507,699.16571,247.56529,199.13852,654.17096,298.1467,165.19658,639.66748,318.53186,123.41772,607.44604
549,4.567,176.52843,220.20137,633.21503,160.81561,170.59444,652.07178,192.85385,155.1429,675.8678,221.48344,123.35076,699.3028,247.56529,199.13852,654.17096,298.64291,165.73897,639.80328,318.48315,125.02146,607.11798
550,4.575,176.52843,220.20137,633.21503,160.81561,170.59444,652.07178,192.68028,154.92776,676.0296,221.07857,122.07507,699.16571,247.38753,198.7623,654.28607,298.28644,166.32912,639.57214,318.48416,125.39744,607.01929
551,4.583,176.52843,220.20137,633.21503,160.81561,170.59444,652.07178,192.47285,155.61838,676.2431,220.88995,121.7497,699.10022,247.38753,198.7623,654.28607,298.3226,165.92967,639.66473,318.48315,125.02146,607.11798
552,4.592,176.52843,220.20137,633.21503,160.81561,170.59444,652.07178,192.07181,155.72859,676.44122,220.75194,121.59054,698.99567,247.23634,198.91602,654.20404,297.57782,164.87694,639.60138,317.98868,123.39185,607.38129
553,4.6,176.52843,220.20137,633.21503,160.81561,170.59444,652.07178,191.83186,155.64677,676.22321,220.75194,121.59054,698.99567,246.95924,198.28951,654.02008,297.57782,164.87694,639.60138,318.1095,123.57484,607.5282
554,4.608,176.52843,220.20137,633.21503,160.81561,170.59444,652.07178,192.07181,155.72859,676.44122,221.19794,122.99065,699.14252,246.95924,198.28951,654.02008,297.57782,164.87694,639.60138,317.98868,123.39185,607.38129
555,4.617,176.52843,220.20137,633.21503,162.11871,169.80342,652.91113,191.00385,155.72986,676.03387,221.19794,122.99065,699.14252,246.95924,198.28951,654.02008,297.05722,165.36243,639.5047,317.97186,123.44405,607.13782
556,4.625,176.52843,220.20137,633.21503,160.81561,170.59444,652.07178,191.83186,155.64677,676.22321,220.66058,121.62561,699.27753,246.95924,198.28951,654.02008,297.09769,165.14548,639.66449,317.98868,123.39185,607.38129
557,4.633,176.52843,220.20137,633.21503,160.81561,170.59444,652.07178,191.00385,155.72986,676.03387,220.75194,121.59054,698.99567,247.23634,198.91602,654.20404,297.05722,165.36243,639.5047,317.98868,123.39185,607.38129
558,4.642,176.52843,220.20137,633.21503,160.81561,170.59444,652.07178,191.00385,155.72986,676.03387,220.66058,121.62561,699.27753,247.23634,198.91602,654.20404,297.09769,165.14548,639.66449,317.98672,123.89517,607.01202
559,4.65,176.52843,220.20137,633.21503,160.81561,170.59444,652.07178,191.85265,155.76123,676.4162,220.75194,121.59054,698.99567,246.95924,198.28951,654.02008,297.09769,165.14548,639.66449,317.98868,123.39185,607.38129
560,4.658,176.52843,220.20137,633.21503,160.81561,170.59444,652.07178,191.00385,155.72986,676.03387,220.75194,121.59054,698.99567,246.95924,198.28951,654.02008,297.05722,165.36243,639.5047,318.00357,123.84294,607.25549
561,4.667,176.52843,220.20137,633.21503,160.81561,170.59444,652.07178,191.0723,156.82501,676.67529,220.75194,121.59054,698.99567,247.49998,197.43684,654.1333,297.09769,165.14548,639.66449,318.00357,123.84294,607.25549
562,4.675,176.55763,219.8452,632.98383,160.81561,170.59444,652.07178,191.61272,155.6794,676.19818,220.75194,121.59054,698.99567,246.95924,198.28951,654.02008,297.09769,165.14548,639.66449,317.97186,123.44405,607.13782
563,4.683,176.52843,220.20137,633.21503,160.81561,170.59444,652.07178,191.00385,155.72986,676.03387,220.75194,121.59054,698.99567,246.95924,198.28951,654.02008,297.05722,165.36243,639.5047,317.98868,123.39185,607.38129
564,4.692,176.52843,220.20137,633.21503,160.81561,170.59444,652.07178,191.00385,155.72986,676.03387,220.75194,121.59054,698.99567,247.23634,198.91602,654.20404,297.30243,166.0853,639.31079,317.90158,124.07696,606.88452
565,4.7,176.52843,220.20137,633.21503,160.81561,170.59444,652.07178,191.00385,155.72986,676.03387,220.75194,121.59054,698.99567,247.23634,198.91602,654.20404,297.3967,166.18344,639.21527,317.90158,124.07696,606.88452
566,4.708,176.52843,220.20137,633.21503,160.81561,170.59444,652.07178,191.34566,155.23668,675.67224,220.75194,121.59054,698.99567,247.23634,198.91602,654.20404,297.211,166.88657,638.95093,317.86319,124.07467,606.89044
567,4.717,176.55763,219.8452,632.98383,160.81561,170.59444,652.07178,191.39671,155.91267,675.89716,220.75194,121.59054,698.99567,246.81703,198.07686,653.62225,296.99649,165.68811,639.26514,317.84567,124.36504,606.67401
568,4.725,176.52843,220.20137,633.21503,160.81561,170.59444,652.07178,192.35558,155.07562,675.63837,220.75194,121.59054,698.99567,246.95924,198.28951,654.02008,296.96579,166.16412,639.14478,317.96109,124.64185,606.64764
569,4.733,176.52843,220.20137,633.21503,160.81561,170.59444,652.07178,191.13829,155.92679,675.88568,221.19794,122.99065,699.14252,246.95924,198.28951,654.02008,297.76425,165.88118,639.37128,318.21756,124.86543,606.49298
570,4.742,176.55763,219.8452,632.98383,160.81561,170.59444,652.07178,192.23952,155.85153,675.91028,220.75194,121.59054,698.99567,247.41412,199.29225,654.08893,298.00937,166.6039,639.17737,318.14951,124.48483,606.4046
571,4.75,176.55763,219.8452,632.98383,160.81561,170.59444,652.07178,192.85385,155.1429,675.8678,221.12692,122.55247,699.21912,247.22188,199.31816,652.9809,298.00937,166.6039,639.17737,318.07388,124.66041,606.28088
572,4.758,176.55763,219.8452,632.98383,160.81561,170.59444,652.07178,192.61395,155.06105,675.64972,220.75194,121.59054,698.99567,247.22188,199.31816,652.9809,297.8544,166.83128,639.03339,318.41452,125.27695,606.40881
573,4.767,176.52843,220.20137,633.21503,160.44699,170.45433,651.6109,192.61395,155.06105,675.64972,220.75194,121.59054,698.99567,247.3997,199.69441,652.86578,297.8544,166.83128,639.03339,318.41452,125.27695,606.40881
574,4.775,176.55763,219.8452,632.98383,160.81561,170.59444,652.07178,192.85385,155.1429,675.8678,220.75194,121.59054,698.99567,247.41412,199.29225,654.08893,298.00714,167.10841,639.25867,318.74744,125.1432,606.40149
575,4.783,176.52843,220.20137,633.21503,160.44699,170.45433,651.6109,192.85385,155.1429,675.8678,220.94057,121.91591,699.06116,247.37257,199.49454,653.95135,298.00937,166.6039,639.17737,318.82309,124.96756,606.52515
576,4.792,176.52843,220.20137,633.21503,160.44699,170.45433,651.6109,192.85385,155.1429,675.8678,220.75194,121.59054,698.99567,247.37257,199.49454,653.95135,297.8544,166.83128,639.03339,318.74744,125.1432,606.40149
577,4.8,176.52843,220.20137,633.21503,160.44699,170.45433,651.6109,192.85385,155.1429,675.8678,221.05919,122.46677,698.88141,247.36565,199.69479,653.3399,297.8544,166.83128,639.03339,318.5939,125.57615,606.33301
578,4.808,176.52843,220.20137,633.21503,160.81561,170.59444,652.07178,192.64639,155.83344,676.0813,221.05919,122.46677,698.88141,247.19833,200.37112,652.65869,298.00714,167.10841,639.25867,318.5939,125.57615,606.33301
579,4.817,176.52843,220.20137,633.21503,160.81561,170.59444,652.07178,192.23952,155.85153,675.91028,221.43797,123.68835,699.03271,247.19833,200.37112,652.65869,298.00714,167.10841,639.25867,318.5939,125.57615,606.33301
580,4.825,176.52843,220.20137,633.21503,160.81561,170.59444,652.07178,192.6675,156.60344,676.51306,221.43797,123.68835,699.03271,247.54768,199.7594,652.6897,298.00714,167.10841,639.25867,318.5939,125.57615,606.33301
581,4.833,176.52843,220.20137,633.21503,160.3925,170.85284,651.81262,191.99957,155.76967,675.6922,221.05919,122.46677,698.88141,247.19833,200.37112,652.65869,298.00714,167.10841,639.25867,318.5939,125.57615,606.33301
582,4.842,176.52843,220.20137,633.21503,160.81561,170.59444,652.07178,192.18228,156.64122,676.29584,221.05919,122.46677,698.88141,247.54768,199.7594,652.6897,298.00494,167.77028,639.30316,318.5939,125.57615,606.33301
583,4.85,176.33104,220.33647,632.98688,160.3925,170.85284,651.81262,192.23952,155.85153,675.91028,221.05919,122.46677,698.88141,247.19833,200.37112,652.65869,297.52536,168.03831,639.36627,318.26102,125.70982,606.34039
584,4.858,176.136,220.44542,632.98419,160.3925,170.85284,651.81262,191.13829,155.92679,675.88568,221.05919,122.46677,698.88141,247.19833,200.37112,652.65869,297.31293,167.87007,639.25226,317.82193,126.30682,606.18292
585,4.867,176.136,220.44542,632.98419,160.3925,170.85284,651.81262,191.37825,156.0087,676.10376,221.05919,122.46677,698.88141,247.19833,200.37112,652.65869,297.15796,168.09741,639.10828,317.82193,126.30682,606.18292
586,4.875,176.136,220.44542,632.98419,160.3925,170.85284,651.81262,190.8374,155.79124,675.50458,221.05919,122.46677,698.88141,247.19833,200.37112,652.65869,297.37042,168.26566,639.22229,317.67725,126.46391,606.32001
587,4.883,175.86153,220.15076,632.80322,160.3925,170.85284,651.81262,190.82671,156.789,676.03613,221.05919,122.46677,698.88141,247.54768,199.7594,652.6897,297.15796,168.09741,639.10828,317.48773,126.5698,606.43024
588,4.892,175.8636,220.6386,632.81897,160.3709,170.87582,651.54846,190.8374,155.79124,675.50458,221.05919,122.46677,698.88141,247.19833,200.37112,652.65869,297.15796,168.09741,639.10828,317.44958,126.77327,606.50513
589,4.9,175.52173,220.22958,632.74622,160.3709,170.87582,651.54846,190.8374,155.79124,675.50458,221.05919,122.46677,698.88141,247.19833,200.37112,652.65869,297.15796,168.09741,639.10828,317.44958,126.77327,606.50513
590,4.908,175.58913,220.34386,632.63794,160.3925,170.85284,651.81262,190.74947,156.26755,675.69818,220.89938,122.70459,698.79126,247.19833,200.37112,652.65869,297.15796,168.09741,639.10828,317.44958,126.77327,606.50513
591,4.917,175.52173,220.22958,632.74622,160.3709,170.87582,651.54846,190.70294,155.59433,675.65277,220.46452,122.42418,699.20227,247.19833,200.37112,652.65869,297.15796,168.09741,639.10828,317.33691,126.75458,606.87158
592,4.925,175.52173,220.22958,632.74622,160.3925,170.85284,651.81262,190.82671,156.789,676.03613,220.76288,122.68391,698.79779,246.85928,199.72298,652.5943,297.15796,168.09741,639.10828,317.33691,126.75458,606.87158
593,4.933,175.58913,220.34386,632.63794,160.3925,170.85284,651.81262,190.74947,156.26755,675.69818,220.76288,122.68391,698.79779,246.76195,200.63303,652.49036,297.15796,168.09741,639.10828,317.33691,126.75458,606.87158
594,4.942,175.3261,220.38261,632.95935,160.37085,171.27393,651.60516,190.8374,155.79124,675.50458,220.57422,122.35847,698.73224,246.43623,200.67242,652.6723,297.15796,168.09741,639.10828,317.33691,126.75458,606.87158
595,4.95,175.3261,220.38261,632.95935,160.37085,171.27393,651.60516,190.61504,156.07063,675.84637,220.57422,122.35847,698.73224,246.63901,200.57236,652.55731,297.15796,168.09741,639.10828,317.33691,126.75458,606.87158
596,4.958,175.3261,220.38261,632.95935,160.37085,171.27393,651.60516,190.61504,156.07063,675.84637,220.48228,122.436,698.82959,246.25829,200.29616,652.78735,297.15796,168.09741,639.10828,317.26154,127.15269,606.69336
597,4.967,175.3261,220.38261,632.95935,160.37085,171.27393,651.60516,190.61504,156.07063,675.84637,220.13922,122.60784,698.82281,245.99655,200.03088,654.10376,297.15796,168.09741,639.10828,317.33691,126.75458,606.87158
598,4.975,175.14456,220.44281,632.98657,160.15553,170.98239,652.02277,190.61504,156.07063,675.84637,220.39034,122.5134,698.927,245.99655,200.03088,654.10376,297.15796,168.09741,639.10828,317.33691,126.75458,606.87158
599,4.983,175.14456,220.44281,632.98657,160.15553,170.98239,652.02277,190.79764,157.12996,675.94604,220.39034,122.5134,698.927,245.98218,200.43254,652.88116,297.15796,168.09741,639.10828,317.16251,126.7734,606.87665
600,4.992,175.14456,220.44281,632.98657,159.61481,171.71048,651.78418,190.79764,157.12996,675.94604,220.39034,122.5134,698.927,245.98218,200.43254,652.88116,297.1087,168.19728,639.26575,317.33691,126.75458,606.87158
601,5,175.14456,220.44281,632.98657,159.85184,171.58105,651.57397,190.79764,157.12996,675.94604,220.39034,122.5134,698.927,245.98218,200.43254,652.88116,296.98737,168.2532,639.21918,317.33691,126.75458,606.87158
602,5.008,175.14456,220.44281,632.98657,159.61481,171.71048,651.78418,190.79764,157.12996,675.94604,220.29903,122.54842,699.20874,245.85237,200.2014,654.25409,296.87485,168.20953,639.50079,317.16251,126.7734,606.87665
603,5.017,175.14456,220.44281,632.98657,159.61481,171.71048,651.78418,190.79764,157.12996,675.94604,220.42574,122.438,699.50012,245.86035,200.1718,654.0282,296.93811,168.3531,639.37665,317.16251,126.7734,606.87665
604,5.025,174.94743,220.7558,633.15875,159.61481,171.71048,651.78418,190.79764,157.12996,675.94604,220.29903,122.54842,699.20874,245.86035,200.1718,654.0282,296.93811,168.3531,639.37665,317.33691,126.75458,606.87158
605,5.033,174.94743,220.7558,633.15875,159.61481,171.71048,651.78418,190.79764,157.12996,675.94604,220.0529,122.59374,699.6853,245.86035,200.1718,654.0282,296.76758,168.5088,639.48761,317.08713,127.17152,606.69849
606,5.042,174.94743,220.7558,633.15875,159.61481,171.71048,651.78418,190.79764,157.12996,675.94604,220.0529,122.59374,699.6853,245.86035,200.1718,654.0282,296.93811,168.3531,639.37665,317.0473,127.01625,606.92084
607,5.05,174.67273,220.46194,632.97809,159.61481,171.71048,651.78418,190.79764,157.12996,675.94604,220.29903,122.54842,699.20874,245.70923,200.54236,653.5675,296.76758,168.5088,639.48761,317.26154,127.15269,606.69336
608,5.058,174.94743,220.7558,633.15875,159.61481,171.71048,651.78418,190.79764,157.12996,675.94604,220.54329,124.17692,699.40125,245.71617,200.3423,654.17859,296.93811,168.3531,639.37665,317.34979,126.95591,606.99792
609,5.067,174.67273,220.46194,632.97809,159.61481,171.71048,651.78418,190.79764,157.12996,675.94604,220.29903,122.54842,699.20874,246.03835,200.54807,653.91315,296.93811,168.3531,639.37665,317.12265,126.61815,607.099
610,5.075,174.67273,220.46194,632.97809,159.63643,171.28967,651.99158,190.79764,157.12996,675.94604,220.0529,122.59374,699.6853,245.71617,200.3423,654.17859,296.76758,168.5088,639.48761,317.13553,126.81949,607.2254
611,5.083,174.67273,220.46194,632.97809,159.06741,171.07922,651.32281,190.79764,157.12996,675.94604,220.3161,124.22705,699.83917,245.71617,200.3423,654.17859,296.76758,168.5088,639.48761,317.27441,127.35404,606.81976
612,5.092,174.67273,220.46194,632.97809,159.14867,170.98796,651.4884,190.79764,157.12996,675.94604,219.9364,123.00182,699.68719,245.99457,200.62257,654.05688,296.76758,168.5088,639.48761,317.27441,127.35404,606.81976
613,5.1,174.4184,220.65619,633.14203,159.61481,171.71048,651.78418,190.79764,157.12996,675.94604,220.09882,123.34958,699.78052,245.85037,200.79312,654.20721,296.76758,168.5088,639.48761,317.10001,127.37287,606.82483
614,5.108,174.4184,220.65619,633.14203,159.61481,171.71048,651.78418,190.79764,157.12996,675.94604,220.09882,123.34958,699.78052,245.86952,200.74339,654.47217,296.76758,168.5088,639.48761,317.27441,127.35404,606.81976
615,5.117,174.4184,220.65619,633.14203,159.61481,171.71048,651.78418,190.93199,157.32674,675.79785,220.09882,123.34958,699.78052,245.85504,201.14552,653.24976,296.76758,168.5088,639.48761,317.27441,127.35404,606.81976
616,5.125,174.4184,220.65619,633.14203,159.61481,171.71048,651.78418,190.79764,157.12996,675.94604,219.9364,123.00182,699.68719,245.86255,200.94373,653.86108,296.76758,168.5088,639.48761,317.27441,127.35404,606.81976
617,5.133,174.4184,220.65619,633.14203,159.61481,171.71048,651.78418,190.79764,157.12996,675.94604,220.09882,123.34958,699.78052,245.86952,200.74339,654.47217,296.76758,168.5088,639.48761,317.10001,127.37287,606.82483
618,5.142,174.4184,220.65619,633.14203,159.61481,171.71048,651.78418,190.79764,157.12996,675.94604,220.34496,123.30414,699.30389,245.99554,200.9817,654.37152,296.76758,168.5088,639.48761,317.06018,127.21759,607.04724
619,5.15,174.4184,220.65619,633.14203,159.61481,171.71048,651.78418,190.79764,157.12996,675.94604,220.09882,123.34958,699.78052,245.86952,200.74339,654.47217,296.76758,168.5088,639.48761,317.27441,127.35404,606.81976
620,5.158,174.4184,220.65619,633.14203,159.61481,171.71048,651.78418,190.79764,157.12996,675.94604,220.3187,123.19968,700.02563,245.99554,200.9817,654.37152,296.9313,168.72162,639.63336,317.27441,127.35404,606.81976
621,5.167,174.6931,220.95001,633.32263,159.61481,171.71048,651.78418,190.93199,157.32674,675.79785,220.09882,123.34958,699.78052,245.99554,200.9817,654.37152,296.76758,168.5088,639.48761,317.27441,127.35404,606.81976
622,5.175,174.6931,220.95001,633.32263,159.61481,171.71048,651.78418,190.93199,157.32674,675.79785,220.09882,123.34958,699.78052,245.99554,200.9817,654.37152,296.98431,168.9906,639.70978,317.27441,127.35404,606.81976
623,5.183,174.6931,220.95001,633.32263,159.61481,171.71048,651.78418,190.79764,157.12996,675.94604,220.09882,123.34958,699.78052,245.98653,201.93381,654.18958,296.9313,168.72162,639.63336,317.27441,127.35404,606.81976
624,5.192,174.6931,220.95001,633.32263,159.61481,171.71048,651.78418,190.93199,157.32674,675.79785,220.09882,123.34958,699.78052,245.98859,201.18205,653.76044,296.9313,168.72162,639.63336,317.27441,127.35404,606.81976
625,5.2,174.6931,220.95001,633.32263,159.61481,171.71048,651.78418,190.79764,157.12996,675.94604,220.09882,123.34958,699.78052,246.13974,200.81119,654.22119,296.93811,168.3531,639.37665,317.27441,127.35404,606.81976
626,5.208,174.6931,220.95001,633.32263,159.61481,171.71048,651.78418,190.79764,157.12996,675.94604,220.3187,123.19968,700.02563,245.99554,200.9817,654.37152,296.93811,168.3531,639.37665,317.23456,127.19877,607.04218
627,5.217,174.6931,220.95001,633.32263,159.61481,171.71048,651.78418,190.93199,157.32674,675.79785,220.09882,123.34958,699.78052,245.99554,200.9817,654.37152,296.93811,168.3531,639.37665,317.27441,127.35404,606.81976
628,5.225,174.94743,220.7558,633.15875,159.61481,171.71048,651.78418,190.93199,157.32674,675.79785,220.09882,123.34958,699.78052,245.99554,200.9817,654.37152,296.93811,168.3531,639.37665,317.27441,127.35404,606.81976
629,5.233,174.6931,220.95001,633.32263,159.61481,171.71048,651.78418,190.93199,157.32674,675.79785,219.9364,123.00182,699.68719,246.12535,201.2133,652.99866,296.93811,168.3531,639.37665,317.27441,127.35404,606.81976
630,5.242,175.14456,220.44281,632.98657,159.61481,171.71048,651.78418,190.79764,157.12996,675.94604,220.2153,122.94141,699.77863,246.13281,201.01151,653.61005,296.93811,168.3531,639.37665,317.26154,127.15269,606.69336
631,5.25,175.14456,220.44281,632.98657,159.61481,171.71048,651.78418,190.79764,157.12996,675.94604,220.09882,123.34958,699.78052,246.13281,201.01151,653.61005,296.93811,168.3531,639.37665,317.34979,126.95591,606.99792
632,5.258,174.94743,220.7558,633.15875,159.61481,171.71048,651.78418,190.93199,157.32674,675.79785,219.9364,123.00182,699.68719,245.86035,200.1718,654.0282,296.93811,168.3531,639.37665,317.16251,126.7734,606.87665
633,5.267,174.89021,220.63716,633.15051,159.63643,171.28967,651.99158,190.79764,157.12996,675.94604,220.0529,122.59374,699.6853,245.85037,200.79312,654.20721,296.93811,168.3531,639.37665,317.12265,126.61815,607.099
634,5.275,175.14456,220.44281,632.98657,159.61481,171.71048,651.78418,190.79764,157.12996,675.94604,219.90845,122.56593,699.48621,246.03835,200.54807,653.91315,297.04544,168.05373,639.38995,317.12265,126.61815,607.099
635,5.283,175.14456,220.44281,632.98657,159.61481,171.71048,651.78418,190.79764,157.12996,675.94604,220.67062,123.71591,700.08044,245.98962,200.23099,653.49261,296.98737,168.2532,639.21918,317.16251,126.7734,606.87665
636,5.292,175.14456,220.44281,632.98657,159.61481,171.71048,651.78418,190.61504,156.07063,675.84637,219.9364,123.00182,699.68719,245.98218,200.43254,652.88116,297.1087,168.19728,639.26575,317.16251,126.7734,606.87665
637,5.3,175.14456,220.44281,632.98657,159.63643,171.28967,651.99158,190.61504,156.07063,675.84637,220.0529,122.59374,699.6853,245.98218,200.43254,652.88116,297.15796,168.09741,639.10828,317.12265,126.61815,607.099
638,5.308,175.14456,220.44281,632.98657,159.61481,171.71048,651.78418,190.61504,156.07063,675.84637,219.76222,122.6633,699.58533,245.99655,200.03088,654.10376,297.15796,168.09741,639.10828,317.16251,126.7734,606.87665
639,5.317,175.14456,220.44281,632.98657,159.63643,171.28967,651.99158,190.61504,156.07063,675.84637,220.0529,122.59374,699.6853,245.98962,200.23099,653.49261,296.94193,167.67686,639.00726,317.29709,126.59933,607.09393
640,5.325,175.3261,220.38261,632.95935,159.63643,171.28967,651.99158,190.70294,155.59433,675.65277,220.27275,122.44398,699.9303,245.57712,199.1922,653.52216,296.94193,167.67686,639.00726,317.33691,126.75458,606.87158
641,5.333,175.3261,220.38261,632.95935,159.87343,171.16023,651.78143,190.61504,156.07063,675.84637,220.39034,122.5134,698.927,245.71936,199.40477,653.91986,296.94193,167.67686,639.00726,317.33524,126.3959,607.01904
642,5.342,175.3261,220.38261,632.95935,160.37085,171.27393,651.60516,190.70294,155.59433,675.65277,220.0529,122.59374,699.6853,246.26576,200.09467,653.39874,296.94193,167.67686,639.00726,317.37509,126.55114,606.79669
643,5.35,175.52173,220.22958,632.74622,160.3925,170.85284,651.81262,190.70294,155.59433,675.65277,220.14423,122.55874,699.4035,246.89755,199.93423,652.84076,296.94193,167.67686,639.00726,317.37509,126.55114,606.79669
644,5.358,175.52173,220.22958,632.74622,160.3925,170.85284,651.81262,190.70294,155.59433,675.65277,220.23615,122.48119,699.30609,246.584,200.25676,652.60541,297.00519,167.82047,638.88306,317.37509,126.55114,606.79669
645,5.367,175.52173,220.22958,632.74622,160.3925,170.85284,651.81262,190.70294,155.59433,675.65277,220.57422,122.35847,698.73224,247.02049,199.99487,652.77374,297.16016,167.59309,639.02704,317.37509,126.55114,606.79669
646,5.375,175.52173,220.22958,632.74622,159.45726,171.42026,651.42773,190.70294,155.59433,675.65277,220.48228,122.436,698.82959,246.89755,199.93423,652.84076,297.16016,167.59309,639.02704,317.37509,126.55114,606.79669
647,5.383,175.52173,220.22958,632.74622,159.78093,171.21793,651.70288,190.70294,155.59433,675.65277,220.57422,122.35847,698.73224,247.02049,199.99487,652.77374,297.16016,167.59309,639.02704,317.48773,126.5698,606.43024
648,5.392,175.52173,220.22958,632.74622,159.94312,171.53802,651.28735,190.70294,155.59433,675.65277,220.32803,122.4035,699.2088,247.02049,199.99487,652.77374,297.16016,167.59309,639.02704,317.5123,126.38578,606.65515
649,5.4,175.58913,220.34386,632.63794,160.3925,170.85284,651.81262,190.8374,155.79124,675.50458,220.57422,122.35847,698.73224,247.02798,199.79323,653.38538,297.16016,167.59309,639.02704,317.5123,126.38578,606.65515
650,5.408,176.136,220.44542,632.98419,160.3925,170.85284,651.81262,190.70294,155.59433,675.65277,220.48228,122.436,698.82959,247.02049,199.99487,652.77374,297.37463,167.09952,639.0965,318.06409,125.80731,606.44611
651,5.417,176.136,220.44542,632.98419,160.3925,170.85284,651.81262,190.70294,155.59433,675.65277,220.57422,122.35847,698.73224,247.02049,199.99487,652.77374,297.37463,167.09952,639.0965,317.35724,126.41637,606.14392
652,5.425,176.136,220.44542,632.98419,160.3925,170.85284,651.81262,191.13829,155.92679,675.88568,220.45563,121.80763,698.91205,247.02049,199.99487,652.77374,297.37463,167.09952,639.0965,317.62497,126.40441,606.28864
653,5.433,176.136,220.44542,632.98419,160.3925,170.85284,651.81262,190.8374,155.79124,675.50458,220.45563,121.80763,698.91205,247.02049,199.99487,652.77374,297.37463,167.09952,639.0965,317.62497,126.40441,606.28864
654,5.442,176.52843,220.20137,633.21503,160.3925,170.85284,651.81262,190.70294,155.59433,675.65277,220.20955,121.85278,699.38849,247.20581,200.16946,653.27026,297.37463,167.09952,639.0965,318.06406,125.29827,606.42456
655,5.45,176.52843,220.20137,633.21503,160.3925,170.85284,651.81262,191.00385,155.72986,676.03387,220.90349,123.20821,699.05505,247.02049,199.99487,652.77374,297.37463,167.09952,639.0965,317.8671,125.39577,606.53027
656,5.458,176.52843,220.20137,633.21503,160.3925,170.85284,651.81262,191.24379,155.81178,676.25195,220.45563,121.80763,698.91205,247.19833,200.37112,652.65869,297.37463,167.09952,639.0965,317.72339,125.19072,606.31812
657,5.467,176.52843,220.20137,633.21503,160.3925,170.85284,651.81262,191.24379,155.81178,676.25195,220.20955,121.85278,699.38849,247.19833,200.37112,652.65869,297.8544,166.83128,639.03339,318.06409,125.80731,606.44611
658,5.475,176.52843,220.20137,633.21503,160.3925,170.85284,651.81262,191.37825,156.0087,676.10376,220.75194,121.59054,698.99567,247.19833,200.37112,652.65869,297.8544,166.83128,639.03339,317.92035,125.09325,606.21246
659,5.483,176.52843,220.20137,633.21503,160.3925,170.85284,651.81262,191.00385,155.72986,676.03387,220.75194,121.59054,698.99567,247.19833,200.37112,652.65869,297.37463,167.09952,639.0965,317.72339,125.19072,606.31812
660,5.492,176.52843,220.20137,633.21503,160.3925,170.85284,651.81262,191.24379,155.81178,676.25195,220.39815,122.17818,699.45404,247.19833,200.37112,652.65869,297.37463,167.09952,639.0965,317.92035,125.09325,606.21246
661,5.5,176.52843,220.20137,633.21503,160.3925,170.85284,651.81262,191.37825,156.0087,676.10376,220.75194,121.59054,698.99567,247.19833,200.37112,652.65869,297.8544,166.83128,639.03339,317.92035,125.09325,606.21246
662,5.508,176.52843,220.20137,633.21503,160.3925,170.85284,651.81262,190.8374,155.79124,675.50458,220.59216,121.82832,698.90552,247.19833,200.37112,652.65869,297.8544,166.83128,639.03339,317.92035,125.09325,606.21246
663,5.517,176.52843,220.20137,633.21503,160.37085,171.27393,651.60516,191.37825,156.0087,676.10376,220.45563,121.80763,698.91205,247.19833,200.37112,652.65869,297.37463,167.09952,639.0965,317.92035,125.09325,606.21246
664,5.525,176.52843,220.20137,633.21503,160.37085,171.27393,651.60516,191.24379,155.81178,676.25195,220.6154,121.56986,699.0022,247.19833,200.37112,652.65869,297.8544,166.83128,639.03339,317.96109,124.64185,606.64764
665,5.533,176.52843,220.20137,633.21503,160.3925,170.85284,651.81262,191.37825,156.0087,676.10376,220.59216,121.82832,698.90552,247.18036,199.52026,652.84332,297.8544,166.83128,639.03339,318.00241,124.55179,606.37048
666,5.542,176.52843,220.20137,633.21503,160.3925,170.85284,651.81262,191.37825,156.0087,676.10376,221.06989,122.98891,699.14563,247.18036,199.52026,652.84332,297.8544,166.83128,639.03339,318.24323,124.11888,606.85718
667,5.55,176.52843,220.20137,633.21503,160.3925,170.85284,651.81262,191.24379,155.81178,676.25195,220.75194,121.59054,698.99567,247.35818,199.89651,652.72827,297.8544,166.83128,639.03339,318.23508,124.57517,606.70941
668,5.558,176.52843,220.20137,633.21503,160.3925,170.85284,651.81262,191.98112,155.86591,675.89886,220.94057,121.91591,699.06116,247.35818,199.89651,652.72827,297.8544,166.83128,639.03339,318.21497,124.19068,606.61884
669,5.567,176.52843,220.20137,633.21503,160.81561,170.59444,652.07178,191.85265,155.76123,676.4162,220.8324,122.12022,699.64215,247.35818,199.89651,652.72827,297.8544,166.83128,639.03339,318.23721,124.04471,607.03558
670,5.575,176.52843,220.20137,633.21503,160.81561,170.59444,652.07178,191.98703,155.95811,676.26801,220.74104,122.15518,699.92401,247.40718,199.4926,653.47748,297.8544,166.83128,639.03339,318.0914,124.37014,606.49731
671,5.583,176.52843,220.20137,633.21503,160.81561,170.59444,652.07178,192.64639,155.83344,676.0813,220.74104,122.15518,699.92401,247.36565,199.69479,653.3399,297.8544,166.83128,639.03339,317.97861,124.35148,606.86414
672,5.592,176.52843,220.20137,633.21503,160.81561,170.59444,652.07178,192.24539,155.94376,676.27942,220.74104,122.15518,699.92401,247.35818,199.89651,652.72827,298.00937,166.6039,639.17737,318.10214,124.17198,606.98566
673,5.6,176.52843,220.20137,633.21503,160.81561,170.59444,652.07178,192.24539,155.94376,676.27942,220.74104,122.15518,699.92401,247.35818,199.89651,652.72827,298.00937,166.6039,639.17737,317.98672,123.89517,607.01202
674,5.608,176.52843,220.20137,633.21503,160.81561,170.59444,652.07178,192.24539,155.94376,676.27942,220.74104,122.15518,699.92401,247.35818,199.89651,652.72827,297.97256,166.80365,639.0304,318.19272,124.132,607.31512
675,5.617,176.52843,220.20137,633.21503,160.81561,170.59444,652.07178,192.24539,155.94376,676.27942,220.74104,122.15518,699.92401,247.35818,199.89651,652.72827,298.00937,166.6039,639.17737,318.12436,124.02595,607.40247
676,5.625,176.52843,220.20137,633.21503,160.81561,170.59444,652.07178,192.24539,155.94376,676.27942,220.74104,122.15518,699.92401,247.37257,199.49454,653.95135,297.44571,165.8958,639.08167,318.00357,123.84294,607.25549
677,5.633,176.52843,220.20137,633.21503,160.81561,170.59444,652.07178,192.07181,155.72859,676.44122,221.13037,123.42223,700.08881,247.37257,199.49454,653.95135,297.60074,165.66826,639.22571,318.00357,123.84294,607.25549
678,5.642,176.52843,220.20137,633.21503,160.81561,170.59444,652.07178,192.07181,155.72859,676.44122,220.74104,122.15518,699.92401,247.36565,199.69479,653.3399,297.60074,165.66826,639.22571,318.00357,123.84294,607.25549
679,5.65,176.52843,220.20137,633.21503,160.81561,170.59444,652.07178,191.85265,155.76123,676.4162,220.61412,122.20194,700.02527,247.3997,199.69441,652.86578,297.72165,166.14243,639.00812,317.98868,123.39185,607.38129
680,5.658,176.52843,220.20137,633.21503,160.81561,170.59444,652.07178,191.85265,155.76123,676.4162,220.36867,121.98498,700.0531,247.3997,199.69441,652.86578,297.87665,165.91501,639.15216,317.98868,123.39185,607.38129
681,5.667,176.52843,220.20137,633.21503,162.11871,169.80342,652.91113,192.07181,155.72859,676.44122,220.85429,123.17838,700.17352,247.22188,199.31816,652.9809,296.90897,165.55367,639.38721,317.98868,123.39185,607.38129
682,5.675,176.52843,220.20137,633.21503,162.11871,169.80342,652.91113,191.85265,155.76123,676.4162,220.38087,121.81013,700.11426,247.22937,199.11636,653.59259,297.05722,165.36243,639.5047,317.79184,123.48925,607.48688
683,5.683,176.52843,220.20137,633.21503,162.11871,169.80342,652.91113,191.85265,155.76123,676.4162,220.28899,121.88763,700.21161,246.81703,198.07686,653.62225,297.05722,165.36243,639.5047,317.79184,123.48925,607.48688
684,5.692,176.52843,220.20137,633.21503,162.11871,169.80342,652.91113,191.85265,155.76123,676.4162,220.15248,121.86694,700.21808,246.95924,198.28951,654.02008,297.05722,165.36243,639.5047,317.58368,123.24404,607.42926
685,5.7,176.52843,220.20137,633.21503,162.11871,169.80342,652.91113,191.24379,155.81178,676.25195,220.15102,121.72853,700.10706,246.95924,198.28951,654.02008,297.09769,165.14548,639.66449,317.5668,123.29623,607.18579
686,5.708,176.52843,220.20137,633.21503,162.11871,169.80342,652.91113,191.24379,155.81178,676.25195,220.70804,123.21434,700.0155,246.81703,198.07686,653.62225,297.05722,165.36243,639.5047,317.41525,123.16252,607.10443
687,5.717,176.52843,220.20137,633.21503,162.11871,169.80342,652.91113,191.24379,155.81178,676.25195,220.09419,121.80517,699.95508,246.81703,198.07686,653.62225,297.05722,165.36243,639.5047,317.94193,123.23017,607.03699
688,5.725,176.52843,220.20137,633.21503,162.11871,169.80342,652.91113,191.24379,155.81178,676.25195,220.24292,121.65102,700.0097,247.22188,199.31816,652.9809,296.96664,165.3215,639.3053,317.69479,123.04539,606.95575
689,5.733,176.52843,220.20137,633.21503,162.11871,169.80342,652.91113,191.85265,155.76123,676.4162,220.33479,121.57338,699.91248,246.96823,197.92308,653.70428,297.06216,165.29106,639.30914,317.55853,123.09023,607.02686
690,5.742,176.52843,220.20137,633.21503,162.11871,169.80342,652.91113,191.85265,155.76123,676.4162,220.67101,123.08847,699.62286,246.95924,198.28951,654.02008,297.68927,164.95993,639.2641,317.93283,122.97878,606.86383
691,5.75,176.52843,220.20137,633.21503,162.11871,169.80342,652.91113,191.85265,155.76123,676.4162,220.32744,121.81111,699.63068,247.10078,198.40396,653.28656,297.66675,164.95154,639.27527,317.78943,122.74545,606.74048
692,5.758,176.52843,220.20137,633.21503,160.81561,170.59444,652.07178,192.07181,155.72859,676.44122,220.23055,121.79809,699.60834,247.37169,198.90393,652.88379,297.66675,164.95154,639.27527,317.9198,122.83346,606.31927
693,5.767,176.52843,220.20137,633.21503,162.11871,169.80342,652.91113,192.24539,155.94376,676.27942,220.37851,121.98307,699.73022,247.55086,199.54082,652.94775,297.68927,164.95993,639.2641,318.04572,122.99746,606.49677
694,5.775,176.52843,220.20137,633.21503,162.11871,169.80342,652.91113,192.07181,155.72859,676.44122,220.42722,122.16769,699.69452,247.5495,199.28012,652.76868,297.66675,164.95154,639.27527,318.12198,123.40703,606.54364
695,5.783,176.52843,220.20137,633.21503,162.11871,169.80342,652.91113,192.64639,155.83344,676.0813,220.37851,121.98307,699.73022,247.55086,199.54082,652.94775,297.66675,164.95154,639.27527,318.11588,123.15934,606.36719
696,5.792,176.52843,220.20137,633.21503,162.11871,169.80342,652.91113,192.64639,155.83344,676.0813,220.57518,122.35268,699.81635,247.39832,199.43373,652.68671,297.9234,165.78798,638.99109,318.11588,123.15934,606.36719
697,5.8,176.52843,220.20137,633.21503,162.11871,169.80342,652.91113,192.64639,155.83344,676.0813,220.57518,122.35268,699.81635,247.55086,199.54082,652.94775,297.9234,165.78798,638.99109,318.12198,123.40703,606.54364
698,5.808,176.52843,220.20137,633.21503,162.11871,169.80342,652.91113,192.64639,155.83344,676.0813,220.37851,121.98307,699.73022,247.55086,199.54082,652.94775,297.66675,164.95154,639.27527,317.65521,123.28997,605.83685
699,5.817,176.52843,220.20137,633.21503,162.11871,169.80342,652.91113,192.64639,155.83344,676.0813,220.8987,122.12321,699.00153,247.55086,199.54082,652.94775,297.66699,165.0239,638.93152,317.65521,123.28997,605.83685
700,5.825,176.52843,220.20137,633.21503,162.11871,169.80342,652.91113,192.64639,155.83344,676.0813,220.65942,122.26508,699.51245,248.0032,198.90944,653.09808,297.92371,165.86014,638.64752,317.65521,123.28997,605.83685
701,5.833,176.69661,220.05022,633.25848,162.11871,169.80342,652.91113,192.85385,155.1429,675.8678,220.7507,121.93816,698.8797,248.0032,198.90944,653.09808,297.92371,165.86014,638.64752,317.65521,123.28997,605.83685
702,5.842,176.69661,220.05022,633.25848,162.11871,169.80342,652.91113,192.85385,155.1429,675.8678,220.7507,121.93816,698.8797,248.0032,198.90944,653.09808,297.92371,165.86014,638.64752,317.65521,123.28997,605.83685
703,5.85,176.69661,220.05022,633.25848,162.11871,169.80342,652.91113,192.85385,155.1429,675.8678,220.8987,122.12321,699.00153,248.0032,198.90944,653.09808,297.92371,165.86014,638.64752,317.65521,123.28997,605.83685
704,5.858,176.69661,220.05022,633.25848,162.11871,169.80342,652.91113,192.85385,155.1429,675.8678,220.7507,121.93816,698.8797,248.03618,198.41556,652.80365,297.92371,165.86014,638.64752,317.65521,123.28997,605.83685
705,5.867,176.69661,220.05022,633.25848,162.11871,169.80342,652.91113,192.85385,155.1429,675.8678,220.702,121.7536,698.91541,248.02467,198.73813,653.00848,297.66699,165.0239,638.93152,317.88815,123.00779,605.71417
706,5.875,176.69661,220.05022,633.25848,162.11871,169.80342,652.91113,192.85385,155.1429,675.8678,220.554,121.56856,698.79352,248.02467,198.73813,653.00848,297.66699,165.0239,638.93152,317.45648,122.93282,605.7641
707,5.883,176.69661,220.05022,633.25848,162.28673,169.7084,652.84613,192.85385,155.1429,675.8678,220.554,121.56856,698.79352,248.03618,198.41556,652.80365,297.92371,165.86014,638.64752,317.41336,122.90211,605.26532
708,5.892,176.69661,220.05022,633.25848,162.28673,169.7084,652.84613,192.85385,155.1429,675.8678,220.554,121.56856,698.79352,248.03618,198.41556,652.80365,297.92371,165.86014,638.64752,317.41336,122.90211,605.26532
709,5.9,176.69661,220.05022,633.25848,162.28673,169.7084,652.84613,192.85385,155.1429,675.8678,221.00391,123.17653,699.0108,248.03618,198.41556,652.80365,297.92371,165.86014,638.64752,317.41336,122.90211,605.26532
710,5.908,176.69661,220.05022,633.25848,162.28673,169.7084,652.84613,192.85385,155.1429,675.8678,220.554,121.56856,698.79352,248.03618,198.41556,652.80365,297.92371,165.86014,638.64752,317.41336,122.90211,605.26532
711,5.917,176.69661,220.05022,633.25848,162.11871,169.80342,652.91113,192.85385,155.1429,675.8678,220.554,121.56856,698.79352,247.86972,198.00841,652.91205,297.66699,165.0239,638.93152,316.71091,123.08136,605.3089
712,5.925,176.72583,219.69405,633.02734,162.11871,169.80342,652.91113,192.85385,155.1429,675.8678,220.94312,122.69,699.07996,247.53731,196.65375,653.56995,297.66699,165.0239,638.93152,316.71091,123.08136,605.3089
713,5.933,176.72583,219.69405,633.02734,162.28673,169.7084,652.84613,192.68028,154.92776,676.0296,221.00391,123.17653,699.0108,247.53731,196.65375,653.56995,297.66699,165.0239,638.93152,316.59329,122.66194,605.08807
714,5.942,176.55763,219.8452,632.98383,162.11871,169.80342,652.91113,192.85385,155.1429,675.8678,220.28313,120.55576,698.74188,247.63144,197.16942,653.12622,297.66699,165.0239,638.93152,316.59329,122.66194,605.08807
715,5.95,176.55763,219.8452,632.98383,162.11871,169.80342,652.91113,192.68028,154.92776,676.0296,220.28313,120.55576,698.74188,247.63144,197.16942,653.12622,297.54535,165.1976,638.8222,316.23901,123.08576,605.12634
716,5.958,176.55763,219.8452,632.98383,162.11871,169.80342,652.91113,192.68028,154.92776,676.0296,220.28313,120.55576,698.74188,247.63144,197.16942,653.12622,297.47205,164.89476,638.76208,316.04572,122.68629,605.05151
717,5.967,176.55763,219.8452,632.98383,162.11871,169.80342,652.91113,192.2733,154.94592,675.85858,220.16837,120.56293,698.53302,247.63144,197.16942,653.12622,297.38449,164.76038,638.88416,316.04572,122.68629,605.05151
718,5.975,176.55763,219.8452,632.98383,162.11871,169.80342,652.91113,192.05411,154.97861,675.8335,220.16837,120.56293,698.53302,247.53731,196.65375,653.56995,297.38449,164.76038,638.88416,315.69446,122.6906,605.07031
719,5.983,176.55763,219.8452,632.98383,162.11871,169.80342,652.91113,191.81419,154.89668,675.61548,220.02444,120.55466,698.53589,247.49319,196.49615,653.69269,297.38449,164.76038,638.88416,315.69446,122.6906,605.07031
720,5.992,176.55763,219.8452,632.98383,162.11871,169.80342,652.91113,191.21118,155.03969,675.82043,220.01859,120.66869,698.21796,247.53731,196.65375,653.56995,297.58963,164.69995,638.88855,315.81543,122.70334,605.04114
721,6,176.46838,219.73036,633.10095,162.11871,169.80342,652.91113,191.21118,155.03969,675.82043,220.02444,120.55466,698.53589,247.32413,196.69429,653.59521,297.58963,164.69995,638.88855,315.81543,122.70334,605.04114
722,6.008,176.46838,219.73036,633.10095,162.11871,169.80342,652.91113,191.21118,155.03969,675.82043,219.87466,120.66042,698.22083,247.32413,196.69429,653.59521,296.92078,164.59947,638.98157,315.81543,122.70334,605.04114
723,6.017,176.46838,219.73036,633.10095,162.11871,169.80342,652.91113,191.21118,155.03969,675.82043,219.87466,120.66042,698.22083,247.32413,196.69429,653.59521,297.10593,164.98573,638.84698,315.35977,122.97681,604.95184
724,6.025,176.46838,219.73036,633.10095,162.11871,169.80342,652.91113,190.81142,155.06924,676.30377,219.87466,120.66042,698.22083,247.31267,197.01672,653.79993,296.83517,164.63899,638.96869,315.33499,122.88972,605.02002
725,6.033,176.46838,219.73036,633.10095,162.11871,169.80342,652.91113,190.81142,155.06924,676.30377,219.87466,120.66042,698.22083,247.31267,197.01672,653.79993,296.86218,164.41876,639.13367,315.33499,122.88972,605.02002
726,6.042,176.28487,219.20512,633.11505,162.11871,169.80342,652.91113,190.81142,155.06924,676.30377,219.87466,120.66042,698.22083,247.31267,197.01672,653.79993,296.92078,164.59947,638.98157,315.35977,122.97681,604.95184
727,6.05,176.46838,219.73036,633.10095,162.11871,169.80342,652.91113,190.81142,155.06924,676.30377,219.87466,120.66042,698.22083,247.31267,197.01672,653.79993,296.86218,164.41876,639.13367,315.33499,122.88972,605.02002
728,6.058,176.28487,219.20512,633.11505,161.72308,170.02036,653.25861,190.81142,155.06924,676.30377,219.87466,120.66042,698.22083,247.32413,196.69429,653.59521,296.86218,164.41876,639.13367,315.33499,122.88972,605.02002
729,6.067,176.28487,219.20512,633.11505,162.11871,169.80342,652.91113,190.81142,155.06924,676.30377,219.87466,120.66042,698.22083,247.47366,197.27592,654.25378,296.86218,164.41876,639.13367,315.33499,122.88972,605.02002
730,6.075,176.28487,219.20512,633.11505,162.11871,169.80342,652.91113,191.00385,155.72986,676.03387,219.87466,120.66042,698.22083,247.47366,197.27592,654.25378,296.83517,164.63899,638.96869,315.33499,122.88972,605.02002
731,6.083,176.46838,219.73036,633.10095,161.72308,170.02036,653.25861,191.00385,155.72986,676.03387,219.87466,120.66042,698.22083,247.32413,196.69429,653.59521,296.86218,164.41876,639.13367,315.33499,122.88972,605.02002
732,6.092,176.46838,219.73036,633.10095,161.72308,170.02036,653.25861,191.00385,155.72986,676.03387,220.02444,120.55466,698.53589,247.47366,197.27592,654.25378,297.10593,164.98573,638.84698,315.35977,122.97681,604.95184
733,6.1,176.46838,219.73036,633.10095,162.11871,169.80342,652.91113,191.00385,155.72986,676.03387,220.02444,120.55466,698.53589,247.47366,197.27592,654.25378,297.00259,164.97687,638.87518,315.33499,122.88972,605.02002
734,6.108,176.46838,219.73036,633.10095,162.11871,169.80342,652.91113,191.00385,155.72986,676.03387,219.87466,120.66042,698.22083,247.47366,197.27592,654.25378,297.00259,164.97687,638.87518,315.37964,123.22893,605.23663
735,6.117,176.28487,219.20512,633.11505,162.11871,169.80342,652.91113,190.81142,155.06924,676.30377,220.40004,122.54927,698.48315,247.47366,197.27592,654.25378,297.00259,164.97687,638.87518,315.37964,123.22893,605.23663
736,6.125,176.28487,219.20512,633.11505,162.11871,169.80342,652.91113,191.00385,155.72986,676.03387,219.87466,120.66042,698.22083,247.31267,197.01672,653.79993,297.00259,164.97687,638.87518,315.83658,123.14735,605.18439
737,6.133,176.46838,219.73036,633.10095,162.11871,169.80342,652.91113,191.00385,155.72986,676.03387,220.02444,120.55466,698.53589,247.47366,197.27592,654.25378,297.07599,165.27972,638.93536,315.83658,123.14735,605.18439
738,6.142,176.21393,219.92458,633.26495,162.11871,169.80342,652.91113,191.24379,155.81178,676.25195,220.13922,120.54752,698.74475,247.47366,197.27592,654.25378,297.07599,165.27972,638.93536,315.83658,123.14735,605.18439
739,6.15,176.28487,219.20512,633.11505,162.11871,169.80342,652.91113,191.00385,155.72986,676.03387,220.13922,120.54752,698.74475,247.47366,197.27592,654.25378,297.07599,165.27972,638.93536,315.83658,123.14735,605.18439
740,6.158,176.46838,219.73036,633.10095,162.11871,169.80342,652.91113,191.24379,155.81178,676.25195,220.28313,120.55576,698.74188,247.47366,197.27592,654.25378,297.16354,165.41411,638.81329,315.83658,123.14735,605.18439
741,6.167,176.46838,219.73036,633.10095,162.11871,169.80342,652.91113,191.45111,155.12164,676.03845,220.28313,120.55576,698.74188,247.47366,197.27592,654.25378,297.07599,165.27972,638.93536,315.83658,123.14735,605.18439
742,6.175,176.46838,219.73036,633.10095,162.11871,169.80342,652.91113,192.06003,155.07092,676.20276,220.28313,120.55576,698.74188,247.47366,197.27592,654.25378,297.07599,165.27972,638.93536,315.83658,123.14735,605.18439
743,6.183,176.46838,219.73036,633.10095,162.11871,169.80342,652.91113,191.24379,155.81178,676.25195,220.28313,120.55576,698.74188,247.47366,197.27592,654.25378,297.16354,165.41411,638.81329,316.21594,123.60617,604.99872
744,6.192,176.18478,220.28069,633.49603,162.11871,169.80342,652.91113,191.24379,155.81178,676.25195,220.28313,120.55576,698.74188,247.49998,197.43684,654.1333,297.16354,165.41411,638.81329,316.21594,123.60617,604.99872
745,6.2,176.21393,219.92458,633.26495,162.11871,169.80342,652.91113,191.24379,155.81178,676.25195,220.28313,120.55576,698.74188,247.49998,197.43684,654.1333,297.16223,165.65401,638.70575,315.83658,123.14735,605.18439
746,6.208,176.21393,219.92458,633.26495,162.11871,169.80342,652.91113,191.67033,155.08916,676.06354,220.28313,120.55576,698.74188,247.49998,197.43684,654.1333,297.16354,165.41411,638.81329,315.77518,124.07404,604.74664
747,6.217,176.46838,219.73036,633.10095,162.11871,169.80342,652.91113,191.85265,155.76123,676.4162,220.28313,120.55576,698.74188,247.49998,197.43684,654.1333,297.16354,165.41411,638.81329,316.1777,124.01238,604.68854
748,6.225,176.21393,219.92458,633.26495,162.11871,169.80342,652.91113,191.82013,154.98906,675.98474,220.28313,120.55576,698.74188,247.49998,197.43684,654.1333,297.16354,165.41411,638.81329,316.21594,123.60617,604.99872
749,6.233,176.21393,219.92458,633.26495,162.11871,169.80342,652.91113,192.06003,155.07092,676.20276,220.28313,120.55576,698.74188,247.49998,197.43684,654.1333,297.16354,165.41411,638.81329,316.1777,124.01238,604.68854
750,6.242,176.43919,220.08653,633.33209,162.11871,169.80342,652.91113,191.45111,155.12164,676.03845,220.28313,120.55576,698.74188,247.49998,197.43684,654.1333,297.16354,165.41411,638.81329,316.1777,124.01238,604.68854
751,6.25,176.21393,219.92458,633.26495,162.11871,169.80342,652.91113,191.82013,154.98906,675.98474,220.28313,120.55576,698.74188,247.47366,197.27592,654.25378,297.16354,165.41411,638.81329,316.20081,123.49201,604.81616
752,6.258,176.21393,219.92458,633.26495,162.11871,169.80342,652.91113,191.43042,155.00722,675.84552,220.16837,120.56293,698.53302,247.6868,197.23538,654.22858,297.18335,165.30966,638.89001,315.72302,124.2096,604.65533
753,6.267,176.30208,219.74936,633.35681,162.11871,169.80342,652.91113,191.43042,155.00722,675.84552,220.28313,120.55576,698.74188,247.47366,197.27592,654.25378,297.16354,165.41411,638.81329,316.1777,124.01238,604.68854
754,6.275,176.46838,219.73036,633.10095,162.11871,169.80342,652.91113,191.43042,155.00722,675.84552,220.02444,120.55466,698.53589,247.37344,197.5098,654.28448,297.16354,165.41411,638.81329,315.37122,123.93376,604.47974
755,6.283,176.30208,219.74936,633.35681,161.94957,170.6178,652.21185,191.45111,155.12164,676.03845,220.28313,120.55576,698.74188,247.37344,197.5098,654.28448,297.16354,165.41411,638.81329,315.39429,123.41347,604.60736
756,6.292,176.30208,219.74936,633.35681,162.11871,169.80342,652.91113,191.21118,155.03969,675.82043,220.01859,120.66869,698.21796,247.37344,197.5098,654.28448,297.10593,164.98573,638.84698,315.2796,123.51847,604.54871
757,6.3,176.21393,219.92458,633.26495,161.72308,170.02036,653.25861,191.21118,155.03969,675.82043,219.87466,120.66042,698.22083,247.37344,197.5098,654.28448,297.09015,165.11127,638.75311,315.39429,123.41347,604.60736
758,6.308,176.21393,219.92458,633.26495,162.11871,169.80342,652.91113,191.21118,155.03969,675.82043,219.87466,120.66042,698.22083,247.05675,197.98761,654.21881,297.00259,164.97687,638.87518,315.39429,123.41347,604.60736
759,6.317,176.30208,219.74936,633.35681,161.72308,170.02036,653.25861,191.21118,155.03969,675.82043,219.87466,120.66042,698.22083,246.92131,198.14099,654.13409,297.00259,164.97687,638.87518,315.4325,123.00729,604.91754
760,6.325,176.30208,219.74936,633.35681,161.72308,170.02036,653.25861,191.01872,154.3788,676.09033,219.87466,120.66042,698.22083,247.05675,197.98761,654.21881,296.83517,164.63899,638.96869,315.4325,123.00729,604.91754
761,6.333,176.30208,219.74936,633.35681,160.12402,170.99619,652.21283,191.01872,154.3788,676.09033,219.87466,120.66042,698.22083,247.05675,197.98761,654.21881,297.00259,164.97687,638.87518,315.87943,122.07376,604.86694
762,6.342,176.30208,219.74936,633.35681,159.88702,171.1256,652.42291,191.21118,155.03969,675.82043,219.87466,120.66042,698.22083,247.05675,197.98761,654.21881,296.83517,164.63899,638.96869,315.87943,122.07376,604.86694
763,6.35,176.30208,219.74936,633.35681,161.72308,170.02036,653.25861,191.01872,154.3788,676.09033,219.57858,120.29099,697.97723,247.785,198.43306,654.74164,296.92078,164.59947,638.98157,315.92456,121.91167,604.98401
764,6.358,176.30208,219.74936,633.35681,161.72308,170.02036,653.25861,191.01872,154.3788,676.09033,219.59909,120.07788,698.12518,247.785,198.43306,654.74164,296.86218,164.41876,639.13367,315.78052,121.95521,604.96716
765,6.367,176.30208,219.74936,633.35681,162.11871,169.80342,652.91113,190.92563,154.1967,676.22748,219.62691,120.27879,698.21002,247.785,198.43306,654.74164,296.86218,164.41876,639.13367,315.78052,121.95521,604.96716
766,6.375,176.30208,219.74936,633.35681,161.72308,170.02036,653.25861,190.92563,154.1967,676.22748,219.44344,119.44662,697.79199,247.68983,198.26199,654.7309,296.86218,164.41876,639.13367,315.78052,121.95521,604.96716
767,6.383,176.30208,219.74936,633.35681,162.11871,169.80342,652.91113,190.92563,154.1967,676.22748,219.69385,119.29526,697.67365,247.05675,197.98761,654.21881,295.8327,164.67735,638.10669,316.09158,121.74802,604.8382
768,6.392,176.4463,219.64061,633.37921,162.11871,169.80342,652.91113,191.01872,154.3788,676.09033,219.70357,119.09924,697.81592,246.9576,197.88663,654.3103,296.03421,164.24939,638.42462,315.78052,121.95521,604.96716
769,6.4,176.83806,218.1109,633.17517,162.11871,169.80342,652.91113,190.92563,154.1967,676.22748,219.7184,118.83914,697.69855,246.9576,197.88663,654.3103,296.03421,164.24939,638.42462,316.0166,121.90863,604.72546
770,6.408,176.73007,219.0899,632.98419,162.11871,169.80342,652.91113,191.01872,154.3788,676.09033,219.72812,118.64307,697.84082,247.05536,197.72702,654.03992,296.03421,164.24939,638.42462,315.95123,121.65073,604.66339
771,6.417,176.83806,218.1109,633.17517,162.11871,169.80342,652.91113,190.92563,154.1967,676.22748,219.66231,118.08026,697.62921,247.05536,197.72702,654.03992,296.1825,164.08566,638.51385,316.0517,121.26395,604.49158
772,6.425,176.85655,217.81035,632.95984,161.94957,170.6178,652.21185,191.52885,154.05371,676.02252,219.71515,118.39915,697.77197,247.05536,197.72702,654.03992,296.63159,163.70264,638.65692,316.31738,121.20986,604.67249
773,6.433,176.73007,219.0899,632.98419,162.11871,169.80342,652.91113,191.84113,154.20305,675.9104,219.85184,118.41991,697.76544,247.05536,197.72702,654.03992,296.63159,163.70264,638.65692,316.36133,121.13254,604.52399
774,6.442,176.73007,219.0899,632.98419,162.11871,169.80342,652.91113,192.16925,153.97899,676.23676,219.85184,118.41991,697.76544,247.05536,197.72702,654.03992,296.34579,164.28535,638.2168,317.04282,121.41908,604.56665
775,6.45,176.73007,219.0899,632.98419,162.11871,169.80342,652.91113,192.16925,153.97899,676.23676,219.79901,118.10102,697.62268,247.05536,197.72702,654.03992,297.40604,164.01416,639.25494,316.80698,121.59993,604.45642
776,6.458,176.73007,219.0899,632.98419,162.11871,169.80342,652.91113,192.24821,154.18488,676.08154,219.79901,118.10102,697.62268,247.50749,197.09593,654.19037,297.57336,164.35205,639.16144,316.80698,121.59993,604.45642
777,6.467,176.85655,217.81035,632.95984,162.11871,169.80342,652.91113,192.59953,154.66759,676.59705,220.06541,118.61498,697.68958,247.65419,196.75537,654.14661,297.58963,164.69995,638.88855,317.04282,121.41908,604.56665
778,6.475,177.16858,218.91209,632.90002,162.11871,169.80342,652.91113,192.24821,154.18488,676.08154,220.11823,118.93388,697.83234,247.50749,197.09593,654.19037,297.58963,164.69995,638.88855,317.04282,121.41908,604.56665
779,6.483,177.16858,218.91209,632.90002,161.94957,170.6178,652.21185,192.24821,154.18488,676.08154,220.19206,118.50518,697.98059,247.94453,196.83368,654.35901,297.58963,164.69995,638.88855,317.13284,121.55247,604.32391
780,6.492,177.16858,218.91209,632.90002,162.11871,169.80342,652.91113,192.24821,154.18488,676.08154,220.19206,118.50518,697.98059,248.39658,196.20122,654.50995,297.58963,164.69995,638.88855,317.04282,121.41908,604.56665
781,6.5,177.16858,218.91209,632.90002,162.11871,169.80342,652.91113,192.24821,154.18488,676.08154,220.06541,118.61498,697.68958,247.94453,196.83368,654.35901,297.58963,164.69995,638.88855,317.04282,121.41908,604.56665
782,6.508,177.16858,218.91209,632.90002,162.11871,169.80342,652.91113,192.48808,154.26672,676.2995,220.06541,118.61498,697.68958,247.94321,196.57303,654.1803,297.58963,164.69995,638.88855,317.04282,121.41908,604.56665
783,6.517,177.16858,218.91209,632.90002,162.11871,169.80342,652.91113,192.66168,154.48203,676.1377,220.11823,118.93388,697.83234,248.44899,196.08882,654.21442,297.58963,164.69995,638.88855,317.04282,121.41908,604.56665
784,6.525,177.16858,218.91209,632.90002,161.94957,170.6178,652.21185,192.24821,154.18488,676.08154,220.06541,118.61498,697.68958,248.39658,196.20122,654.50995,297.68451,164.43524,639.07397,316.98175,121.58109,604.45135
785,6.533,177.16858,218.91209,632.90002,162.11871,169.80342,652.91113,192.64948,154.07489,675.88336,220.19206,118.50518,697.98059,247.94453,196.83368,654.35901,297.58963,164.69995,638.88855,317.04282,121.41908,604.56665
786,6.542,177.16858,218.91209,632.90002,162.11871,169.80342,652.91113,192.64948,154.07489,675.88336,220.19206,118.50518,697.98059,248.39658,196.20122,654.50995,297.58963,164.69995,638.88855,317.04282,121.41908,604.56665
787,6.55,177.16858,218.91209,632.90002,161.94957,170.6178,652.21185,192.81519,154.06023,675.67273,220.67952,120.52533,697.87738,248.39525,195.94069,654.33118,297.68451,164.43524,639.07397,317.06088,121.66709,604.24554
788,6.558,177.16858,218.91209,632.90002,161.94957,170.6178,652.21185,192.5753,153.97832,675.45471,220.06541,118.61498,697.68958,248.39525,195.94069,654.33118,297.58963,164.69995,638.88855,317.04282,121.41908,604.56665
789,6.567,177.16858,218.91209,632.90002,162.11871,169.80342,652.91113,192.64948,154.07489,675.88336,220.03726,118.1918,697.80475,248.39525,195.94069,654.33118,297.68451,164.43524,639.07397,316.98175,121.58109,604.45135
790,6.575,177.16858,218.91209,632.90002,162.11871,169.80342,652.91113,192.99016,153.88693,676.02875,219.79901,118.10102,697.62268,248.39525,195.94069,654.33118,297.68451,164.43524,639.07397,316.98175,121.58109,604.45135
791,6.583,177.16858,218.91209,632.90002,161.94957,170.6178,652.21185,192.24821,154.18488,676.08154,219.59612,118.21384,697.54657,248.39525,195.94069,654.33118,297.57336,164.35205,639.16144,316.98175,121.58109,604.45135
792,6.592,177.07516,218.83681,632.99036,161.94957,170.6178,652.21185,192.24821,154.18488,676.08154,219.59335,117.45773,697.5921,248.39525,195.94069,654.33118,297.58963,164.69995,638.88855,317.04282,121.41908,604.56665
793,6.6,177.07516,218.83681,632.99036,162.11871,169.80342,652.91113,192.24821,154.18488,676.08154,219.89745,117.56799,698.02869,248.39525,195.94069,654.33118,297.57336,164.35205,639.16144,317.0278,121.15997,604.39337
794,6.608,177.16858,218.91209,632.90002,162.11871,169.80342,652.91113,192.24821,154.18488,676.08154,219.8244,117.7683,697.55304,248.39658,196.20122,654.50995,297.57336,164.35205,639.16144,317.0278,121.15997,604.39337
795,6.617,177.07516,218.83681,632.99036,161.94957,170.6178,652.21185,192.16925,153.97899,676.23676,219.8244,117.7683,697.55304,248.39658,196.20122,654.50995,297.40604,164.01416,639.25494,316.80698,121.59993,604.45642
796,6.625,176.89174,218.31137,633.00452,161.77429,170.04623,652.30957,192.16925,153.97899,676.23676,219.92563,117.99122,697.91357,248.39658,196.20122,654.50995,297.40604,164.01416,639.25494,316.80698,121.59993,604.45642
797,6.633,176.99428,217.96817,633.06097,162.11871,169.80342,652.91113,192.16925,153.97899,676.23676,219.59335,117.45773,697.5921,248.39525,195.94069,654.33118,296.63159,163.70264,638.65692,316.98175,121.58109,604.45135
798,6.642,176.99428,217.96817,633.06097,162.11871,169.80342,652.91113,192.16925,153.97899,676.23676,219.79622,117.34502,697.66821,247.95805,196.20311,654.16248,296.63159,163.70264,638.65692,316.98175,121.58109,604.45135
799,6.65,176.89174,218.31137,633.00452,162.11871,169.80342,652.91113,192.16925,153.97899,676.23676,219.77084,117.67772,697.73779,248.29602,195.83972,654.42279,296.63159,163.70264,638.65692,316.70804,121.48141,604.55664
800,6.658,176.66695,217.36392,632.9707,162.11871,169.80342,652.91113,192.16925,153.97899,676.23676,219.79622,117.34502,697.66821,248.39525,195.94069,654.33118,296.63159,163.70264,638.65692,316.62088,121.18723,604.5119
801,6.667,177.10405,216.85718,633.04022,162.11871,169.80342,652.91113,192.24785,153.73917,676.41815,219.92281,117.23532,697.95905,247.8588,196.10214,654.25403,296.4675,164.06493,638.40631,316.94595,121.10165,604.54047
802,6.675,176.76486,217.07224,633.02673,162.11871,169.80342,652.91113,192.16925,153.97899,676.23676,219.77084,117.67772,697.73779,247.8588,196.10214,654.25403,296.63159,163.70264,638.65692,316.66687,120.76611,604.45398
803,6.683,176.66695,217.36392,632.9707,162.11871,169.80342,652.91113,192.16925,153.97899,676.23676,219.79622,117.34502,697.66821,247.50612,196.83527,654.0116,296.63159,163.70264,638.65692,316.62088,121.18723,604.5119
804,6.692,176.66695,217.36392,632.9707,162.11871,169.80342,652.91113,192.24785,153.73917,676.41815,219.77084,117.67772,697.73779,247.40691,196.7343,654.10315,296.63159,163.70264,638.65692,316.66687,120.76611,604.45398
805,6.7,176.4028,216.71808,633.12909,162.11871,169.80342,652.91113,192.16925,153.97899,676.23676,219.77084,117.67772,697.73779,247.8588,196.10214,654.25403,296.65765,163.44897,638.47467,316.66687,120.76611,604.45398
806,6.708,176.39038,217.46255,633.22693,162.11871,169.80342,652.91113,192.16925,153.97899,676.23676,219.77084,117.67772,697.73779,247.57651,196.5849,654.48969,296.63159,163.70264,638.65692,316.66687,120.76611,604.45398
807,6.717,176.50072,216.42625,633.18512,162.11871,169.80342,652.91113,192.16925,153.97899,676.23676,219.77084,117.67772,697.73779,247.8588,196.10214,654.25403,296.63159,163.70264,638.65692,316.62292,120.8434,604.60242
808,6.725,176.76486,217.07224,633.02673,162.11871,169.80342,652.91113,192.16925,153.97899,676.23676,219.77084,117.67772,697.73779,247.8588,196.10214,654.25403,296.65765,163.44897,638.47467,316.66687,120.76611,604.45398
809,6.733,176.64908,218.22147,633.05481,162.11871,169.80342,652.91113,192.16925,153.97899,676.23676,219.77084,117.67772,697.73779,247.6593,196.05934,653.96722,296.65765,163.44897,638.47467,316.66687,120.76611,604.45398
810,6.742,176.54657,218.56456,632.99835,162.11871,169.80342,652.91113,192.16925,153.97899,676.23676,219.79622,117.34502,697.66821,247.57651,196.5849,654.48969,296.65765,163.44897,638.47467,316.66687,120.76611,604.45398
811,6.75,176.54657,218.56456,632.99835,162.11871,169.80342,652.91113,192.16925,153.97899,676.23676,219.79622,117.34502,697.66821,247.40691,196.7343,654.10315,296.65765,163.44897,638.47467,316.66687,120.76611,604.45398
812,6.758,176.76486,217.07224,633.02673,162.11871,169.80342,652.91113,192.16925,153.97899,676.23676,219.79622,117.34502,697.66821,247.95805,196.20311,654.16248,296.65765,163.44897,638.47467,316.66687,120.76611,604.45398
813,6.767,176.99428,217.96817,633.06097,162.11871,169.80342,652.91113,192.16925,153.97899,676.23676,219.79622,117.34502,697.66821,248.12767,196.0537,654.54907,296.65765,163.44897,638.47467,316.66687,120.76611,604.45398
814,6.775,177.10405,216.85718,633.04022,162.11871,169.80342,652.91113,192.16925,153.97899,676.23676,219.79622,117.34502,697.66821,248.19576,195.89793,654.04443,296.65765,163.44897,638.47467,316.66687,120.76611,604.45398
815,6.783,176.99428,217.96817,633.06097,162.11871,169.80342,652.91113,192.24785,153.73917,676.41815,219.79622,117.34502,697.66821,248.46375,195.86009,654.62524,296.68378,163.19518,638.29254,316.94061,120.86584,604.34863
816,6.792,176.99428,217.96817,633.06097,162.11871,169.80342,652.91113,192.24785,153.73917,676.41815,219.79622,117.34502,697.66821,248.26427,195.8174,654.3385,296.65765,163.44897,638.47467,316.76581,120.88467,604.3537
817,6.8,176.99428,217.96817,633.06097,162.11871,169.80342,652.91113,192.24785,153.73917,676.41815,219.59335,117.45773,697.5921,248.46375,195.86009,654.62524,296.65765,163.44897,638.47467,316.94061,120.86584,604.34863
818,6.808,177.08769,218.04355,632.97064,162.11871,169.80342,652.91113,192.6492,153.62915,676.21991,219.92281,117.23532,697.95905,248.26427,195.8174,654.3385,296.68378,163.19518,638.29254,316.94061,120.86584,604.34863
819,6.817,177.08769,218.04355,632.97064,162.11871,169.80342,652.91113,193.10686,153.92984,676.71417,220.12973,117.18325,697.96289,248.28473,195.97693,654.47388,296.8822,163.3275,638.22729,317.01178,120.63842,604.51208
820,6.825,177.27113,218.56905,632.95648,162.11871,169.80342,652.91113,193.10686,153.92984,676.71417,220.12973,117.18325,697.96289,248.28473,195.97693,654.47388,297.15768,162.82133,638.30597,317.01178,120.63842,604.51208
821,6.833,177.27113,218.56905,632.95648,162.11871,169.80342,652.91113,192.88904,153.71098,676.43781,220.84003,116.94196,697.2561,248.46375,195.86009,654.62524,297.15768,162.82133,638.30597,317.38632,120.47094,604.56464
822,6.842,177.27113,218.56905,632.95648,162.11871,169.80342,652.91113,193.16417,154.19606,676.51178,220.81415,116.83963,697.97638,248.28473,195.97693,654.47388,298.4017,163.22385,638.75891,317.69525,120.52285,604.54907
823,6.85,177.61632,218.31613,632.96259,162.11871,169.80342,652.91113,193.11209,153.92358,676.27759,221.10851,116.78355,697.40558,248.26427,195.8174,654.3385,298.4017,163.22385,638.75891,317.78525,120.65624,604.30634
824,6.858,177.75104,218.13185,633.04291,162.11871,169.80342,652.91113,193.4778,153.66765,676.40503,221.0808,117.35374,698.0434,248.46375,195.86009,654.62524,298.4017,163.22385,638.75891,317.78525,120.65624,604.30634
825,6.867,177.75104,218.13185,633.04291,162.11871,169.80342,652.91113,193.17305,154.18431,676.08099,220.85626,117.50277,698.19672,248.41779,195.73697,654.36731,298.68417,163.05681,638.65826,317.69525,120.52285,604.54907
826,6.875,177.61632,218.31613,632.96259,162.7291,170.07103,652.8996,193.37135,154.40364,676.34351,221.4353,117.25002,697.96783,248.53261,196.01961,654.38098,298.68417,163.05681,638.65826,317.69525,120.52285,604.54907
827,6.883,177.61632,218.31613,632.96259,162.11871,169.80342,652.91113,193.37135,154.40364,676.34351,221.20895,117.37193,697.91528,248.53261,196.01961,654.38098,298.68417,163.05681,638.65826,317.78525,120.65624,604.30634
828,6.892,177.61632,218.31613,632.96259,162.11871,169.80342,652.91113,194.09059,154.29395,676.55518,221.56418,117.36565,697.91199,248.79289,195.84729,654.25507,298.68417,163.05681,638.65826,318.11734,121.15704,604.42377
829,6.9,177.61632,218.31613,632.96259,162.74947,170.97554,652.40118,193.37135,154.40364,676.34351,221.20895,117.37193,697.91528,248.63193,195.58824,653.8009,298.68417,163.05681,638.65826,317.78525,120.65624,604.30634
830,6.908,177.75104,218.13185,633.04291,162.11871,169.80342,652.91113,193.37135,154.40364,676.34351,220.85626,117.50277,698.19672,248.43622,196.10391,654.05353,298.68417,163.05681,638.65826,318.02734,121.02364,604.66644
831,6.917,177.80447,218.06906,632.77234,162.7291,170.07103,652.8996,193.37135,154.40364,676.34351,220.85626,117.50277,698.19672,248.23238,196.21892,654.02362,298.68417,163.05681,638.65826,318.02734,121.02364,604.66644
832,6.925,177.61632,218.31613,632.96259,162.11871,169.80342,652.91113,193.33548,154.12866,676.5506,221.4353,117.25002,697.96783,248.39114,195.7449,653.47705,298.72549,163.35313,638.87225,318.02734,121.02364,604.66644
833,6.933,177.61632,218.31613,632.96259,162.11871,169.80342,652.91113,193.33548,154.12866,676.5506,221.19853,117.33068,698.20349,248.55208,196.00415,653.93115,298.72549,163.35313,638.87225,318.02734,121.02364,604.66644
834,6.942,177.61632,218.31613,632.96259,162.11871,169.80342,652.91113,193.37135,154.40364,676.34351,220.64035,117.56406,698.48083,248.23238,196.21892,654.02362,298.56393,163.73207,638.74384,318.02734,121.02364,604.66644
835,6.95,177.27113,218.56905,632.95648,162.11871,169.80342,652.91113,193.37135,154.40364,676.34351,220.96164,117.41079,698.43909,248.18832,196.06126,654.14636,297.99081,164.15067,638.94153,317.96149,121.48695,604.69482
836,6.958,177.27113,218.56905,632.95648,162.28673,169.7084,652.84613,193.37135,154.40364,676.34351,220.96164,117.41079,698.43909,248.07141,195.95978,653.56952,298.32736,164.00519,638.85974,318.06418,121.83309,605.06812
837,6.967,177.08769,218.04355,632.97064,162.28673,169.7084,652.84613,193.53879,153.92839,676.20844,220.98911,118.06219,698.65149,248.30672,195.87616,653.81628,297.97824,164.42517,639.13678,318.06418,121.83309,605.06812
838,6.975,177.27113,218.56905,632.95648,162.28673,169.7084,652.84613,193.53879,153.92839,676.20844,220.98911,118.06219,698.65149,248.30672,195.87616,653.81628,297.97824,164.42517,639.13678,318.40356,121.88003,605.65387
839,6.983,177.27113,218.56905,632.95648,162.28673,169.7084,652.84613,193.53879,153.92839,676.20844,221.21182,119.16327,698.69232,248.44899,196.08882,654.21442,298.3121,165.5856,638.89563,318.60556,122.45343,605.87817
840,6.992,177.16858,218.91209,632.90002,162.28673,169.7084,652.84613,193.37135,154.40364,676.34351,221.17485,119.22087,698.45111,248.0598,196.28241,653.77411,298.3121,165.5856,638.89563,318.60556,122.45343,605.87817
841,7,177.16858,218.91209,632.90002,162.28673,169.7084,652.84613,193.22,154.62407,676.18982,221.17485,119.22087,698.45111,248.22078,196.54153,654.22815,298.3121,165.5856,638.89563,318.60556,122.45343,605.87817
842,7.008,177.16858,218.91209,632.90002,162.28673,169.7084,652.84613,193.22,154.62407,676.18982,220.8163,119.85007,698.61554,248.0598,196.28241,653.77411,298.3121,165.5856,638.89563,318.99268,123.3234,605.57452
843,7.017,176.82349,219.16522,632.89386,162.28673,169.7084,652.84613,193.06288,154.37193,675.93945,221.38976,119.99121,698.71686,246.96686,197.66249,653.52533,297.92371,165.86014,638.64752,318.99667,123.85367,605.39032
844,7.025,176.79422,219.52158,633.12488,162.28673,169.7084,652.84613,193.22,154.62407,676.18982,221.09868,119.52818,698.67944,247.86972,198.00841,652.91205,297.90479,166.15486,638.50116,319.10516,124.44704,605.94067
845,7.033,176.79422,219.52158,633.12488,162.28673,169.7084,652.84613,192.85385,155.1429,675.8678,220.82529,120.53817,698.73969,247.37305,199.16455,653.06281,297.77548,166.68065,638.53455,318.91553,124.64416,606.06329
846,7.042,176.79422,219.52158,633.12488,162.11871,169.80342,652.91113,192.9269,155.62817,676.18317,220.94669,120.79905,698.93445,248.02467,198.73813,653.00848,297.85699,166.40099,638.73419,318.61707,124.98986,606.1153
847,7.05,176.55763,219.8452,632.98383,160.81561,170.59444,652.07178,192.9269,155.62817,676.18317,220.75194,121.59054,698.99567,247.67146,198.53212,653.02167,297.70197,166.62833,638.59021,318.61707,124.98986,606.1153
848,7.058,176.55763,219.8452,632.98383,160.81561,170.59444,652.07178,192.85385,155.1429,675.8678,220.63051,121.32964,698.8009,247.22188,199.31816,652.9809,297.70197,166.62833,638.59021,318.61707,124.98986,606.1153
849,7.067,176.55763,219.8452,632.98383,160.3925,170.85284,651.81262,192.85385,155.1429,675.8678,220.63051,121.32964,698.8009,246.99483,198.45316,653.5072,297.70197,166.62833,638.59021,318.11896,125.23844,605.85297
850,7.075,176.46838,219.73036,633.10095,160.3925,170.85284,651.81262,192.20702,155.07918,675.47864,220.53084,121.34724,698.60992,247.18036,199.52026,652.84332,297.70197,166.62833,638.59021,318.11896,125.23844,605.85297
851,7.083,176.55763,219.8452,632.98383,160.3925,170.85284,651.81262,192.20702,155.07918,675.47864,220.53084,121.34724,698.60992,247.02049,199.99487,652.77374,297.70197,166.62833,638.59021,317.96545,125.67125,605.78455
852,7.092,176.55763,219.8452,632.98383,160.3925,170.85284,651.81262,191.5089,156.46376,675.79004,220.64943,121.89798,698.43011,247.38118,199.35219,652.79816,297.32031,166.84465,638.58124,317.96545,125.67125,605.78455
853,7.1,176.55763,219.8452,632.98383,160.3925,170.85284,651.81262,190.8374,155.79124,675.50458,220.12009,121.88183,698.01892,247.02049,199.99487,652.77374,297.32031,166.84465,638.58124,317.96545,125.67125,605.78455
854,7.108,176.55763,219.8452,632.98383,160.3925,170.85284,651.81262,190.8374,155.79124,675.50458,220.26482,122.09157,698.20435,247.02049,199.99487,652.77374,297.32031,166.84465,638.58124,317.52637,126.26819,605.62708
855,7.117,176.52843,220.20137,633.21503,160.37085,171.27393,651.60516,190.8374,155.79124,675.50458,219.9756,121.85392,697.8197,247.02049,199.99487,652.77374,297.32031,166.84465,638.58124,317.89014,126.06914,605.60645
856,7.125,176.52843,220.20137,633.21503,160.37085,171.27393,651.60516,190.8374,155.79124,675.50458,220.13803,122.20164,697.91302,247.19833,200.37112,652.65869,297.16531,167.07208,638.43726,317.52637,126.26819,605.62708
857,7.133,176.57458,220.57944,633.11053,160.37085,171.27393,651.60516,190.8374,155.79124,675.50458,220.20326,122.45804,698.05084,247.19833,200.37112,652.65869,297.16531,167.07208,638.43726,317.52637,126.26819,605.62708
858,7.142,176.57458,220.57944,633.11053,160.37085,171.27393,651.60516,190.8374,155.79124,675.50458,220.13803,122.20164,697.91302,247.19833,200.37112,652.65869,297.32898,167.28505,638.58295,317.52637,126.26819,605.62708
859,7.15,176.57458,220.57944,633.11053,160.37085,171.27393,651.60516,190.8374,155.79124,675.50458,220.20326,122.45804,698.05084,247.19833,200.37112,652.65869,297.32898,167.28505,638.58295,317.45099,126.66615,605.44891
860,7.158,176.57458,220.57944,633.11053,160.37085,171.27393,651.60516,190.8374,155.79124,675.50458,220.20326,122.45804,698.05084,247.19833,200.37112,652.65869,297.32898,167.28505,638.58295,317.45099,126.66615,605.44891
861,7.167,176.57458,220.57944,633.11053,160.37085,171.27393,651.60516,191.27831,156.83618,675.61572,220.33978,122.47878,698.04431,247.14685,201.38921,652.58777,297.80258,167.51492,638.17267,317.45099,126.66615,605.44891
862,7.175,176.57458,220.57944,633.11053,160.46121,171.62082,651.43475,191.69873,155.63429,675.3111,220.34773,122.48595,698.25,247.23129,201.65984,652.6333,297.97287,166.87581,638.68695,317.47827,126.90932,605.26312
863,7.183,176.57458,220.57944,633.11053,160.46121,171.62082,651.43475,192.12086,156.77515,675.62897,220.52847,122.80423,698.1098,247.23129,201.65984,652.6333,297.71051,167.06883,638.59186,318.05524,125.95444,605.87604
864,7.192,176.57458,220.57944,633.11053,160.88423,171.36287,651.69379,192.10565,155.61649,675.48212,220.89938,122.70459,698.79126,247.23129,201.65984,652.6333,298.23141,167.0219,638.80859,317.68204,126.72034,605.58429
865,7.2,176.57458,220.57944,633.11053,160.88423,171.36287,651.69379,192.52759,156.75722,675.79993,220.89938,122.70459,698.79126,247.51421,202.20108,652.81879,298.30362,167.60641,638.2865,318.62756,125.83616,605.83087
866,7.208,176.83308,221.33792,632.93848,161.29002,171.7505,651.66174,192.52759,156.75722,675.79993,221.02798,122.82001,698.73547,247.51421,202.20108,652.81879,298.52505,167.74809,638.77783,318.62756,125.83616,605.83087
867,7.217,176.83308,221.33792,632.93848,161.29002,171.7505,651.66174,192.82835,156.89223,676.18091,221.18781,122.58218,698.82562,247.51421,202.20108,652.81879,298.52505,167.74809,638.77783,318.91681,125.3083,605.82806
868,7.225,176.97745,221.6254,633.09491,161.29002,171.7505,651.66174,192.64639,155.83344,676.0813,221.18781,122.58218,698.82562,247.51421,202.20108,652.81879,298.52505,167.74809,638.77783,318.91681,125.3083,605.82806
869,7.233,177.24931,222.00125,633.25262,161.29002,171.7505,651.66174,192.64639,155.83344,676.0813,221.30121,122.71456,698.76068,247.51421,202.20108,652.81879,298.52505,167.74809,638.77783,318.91681,125.3083,605.82806
870,7.242,176.98413,221.36815,632.85834,161.29002,171.7505,651.66174,192.64639,155.83344,676.0813,221.30121,122.71456,698.76068,247.67569,202.07233,652.8924,298.23141,167.0219,638.80859,318.91681,125.3083,605.82806
871,7.25,177.12849,221.65561,633.01477,161.29002,171.7505,651.66174,192.85385,155.1429,675.8678,221.30121,122.71456,698.76068,247.83278,201.66182,652.95624,298.6196,166.74744,639.05652,318.91681,125.3083,605.82806
872,7.258,177.12849,221.65561,633.01477,162.65637,170.93501,652.18164,192.85385,155.1429,675.8678,221.30121,122.71456,698.76068,247.83278,201.66182,652.95624,298.6196,166.74744,639.05652,318.91681,125.3083,605.82806
873,7.267,177.1277,221.22652,632.90466,162.65637,170.93501,652.18164,192.85385,155.1429,675.8678,221.30121,122.71456,698.76068,247.83278,201.66182,652.95624,298.69165,167.33226,638.53424,318.92688,124.84475,606.19031
874,7.275,177.1277,221.22652,632.90466,162.65637,170.93501,652.18164,192.85385,155.1429,675.8678,221.30121,122.71456,698.76068,247.74835,201.3912,652.91077,299.04626,167.31345,638.54431,318.92688,124.84475,606.19031
875,7.283,177.47253,220.97374,632.91077,162.65637,170.93501,652.18164,192.85385,155.1429,675.8678,221.30121,122.71456,698.76068,247.74835,201.3912,652.91077,299.1582,166.98116,639.30457,319.11655,124.64762,606.06775
876,7.292,177.47253,220.97374,632.91077,162.65637,170.93501,652.18164,192.85385,155.1429,675.8678,221.18781,122.58218,698.82562,248.1833,201.16466,653.07513,298.6196,166.74744,639.05652,319.11655,124.64762,606.06775
877,7.3,177.21414,220.2151,633.08282,162.58902,170.56914,652.49634,192.85385,155.1429,675.8678,221.18781,122.58218,698.82562,247.52031,199.74767,652.80463,298.6196,166.74744,639.05652,319.11655,124.64762,606.06775
878,7.308,177.21414,220.2151,633.08282,162.90149,170.58794,652.44647,192.85385,155.1429,675.8678,221.18781,122.58218,698.82562,247.95547,199.22549,652.79388,298.74893,166.22154,639.02319,319.11655,124.64762,606.06775
879,7.317,177.08766,220.17545,633.16016,162.90149,170.58794,652.44647,192.85385,155.1429,675.8678,220.87053,122.14136,698.81586,247.95679,199.48619,652.97296,298.74893,166.22154,639.02319,319.10516,124.44704,605.94067
880,7.325,177.08766,220.17545,633.16016,162.7291,170.07103,652.8996,192.85385,155.1429,675.8678,221.05919,122.46677,698.88141,247.98608,199.01854,652.93707,298.74893,166.22154,639.02319,319.1012,123.91668,606.12482
881,7.333,177.08766,220.17545,633.16016,162.7291,170.07103,652.8996,192.85385,155.1429,675.8678,220.99916,122.25677,698.76013,247.98608,199.01854,652.93707,298.74893,166.22154,639.02319,318.86411,123.37534,606.34491
882,7.342,177.08766,220.17545,633.16016,162.7291,170.07103,652.8996,192.85385,155.1429,675.8678,221.07857,122.07507,699.16571,247.98608,199.01854,652.93707,298.49045,166.07549,638.90161,318.71405,123.04636,606.42841
883,7.35,177.08766,220.17545,633.16016,162.7291,170.07103,652.8996,192.85385,155.1429,675.8678,221.20721,122.19052,699.10992,247.98608,199.01854,652.93707,298.57382,165.67493,639.37561,318.61163,122.70096,606.05469
884,7.358,177.08766,220.17545,633.16016,162.7291,170.07103,652.8996,192.85385,155.1429,675.8678,221.1144,121.69226,699.07288,248.23567,198.99382,653.2066,298.66406,165.48172,639.44604,318.61163,122.70096,606.05469
885,7.367,177.18533,219.64676,633.02649,162.7291,170.07103,652.8996,193.25494,155.03281,675.66956,220.88995,121.7497,699.10022,248.15973,199.82468,653.16888,298.66406,165.48172,639.44604,318.60556,122.45343,605.87817
886,7.375,177.13927,219.26848,633.13104,162.7291,170.07103,652.8996,192.85385,155.1429,675.8678,221.00615,121.15388,699.15088,247.98608,199.01854,652.93707,298.66406,165.48172,639.44604,319.1134,124.0513,605.42627
887,7.383,177.13927,219.26848,633.13104,162.7291,170.07103,652.8996,193.25494,155.03281,675.66956,221.0847,120.95825,699.03906,248.43854,198.3871,653.08746,298.66406,165.48172,639.44604,319.09714,124.27707,605.59546
888,7.392,177.13927,219.26848,633.13104,162.7291,170.07103,652.8996,193.25494,155.03281,675.66956,221.00615,121.15388,699.15088,248.43724,198.12634,652.90851,298.37659,165.47987,639.22327,318.61163,122.70096,606.05469
889,7.4,177.13927,219.26848,633.13104,162.7291,170.07103,652.8996,193.25494,155.03281,675.66956,221.0847,120.95825,699.03906,248.43724,198.12634,652.90851,298.37659,165.47987,639.22327,318.91409,122.25745,606.09583
890,7.408,177.13927,219.26848,633.13104,162.7291,170.07103,652.8996,193.25494,155.03281,675.66956,221.08116,120.07901,699.17889,248.38608,199.42694,653.01355,298.65491,165.40456,639.18762,318.91409,122.25745,606.09583
891,7.417,177.16858,218.91209,632.90002,162.7291,170.07103,652.8996,193.25494,155.03281,675.66956,221.49237,119.87276,699.18707,248.89696,197.29187,653.67151,298.12006,164.64317,639.50757,318.91409,122.25745,606.09583
892,7.425,177.16858,218.91209,632.90002,162.7291,170.07103,652.8996,193.06288,154.37193,675.93945,221.08116,120.07901,699.17889,248.48444,196.25203,653.70129,298.39832,164.56781,639.47192,318.91409,122.25745,606.09583
893,7.433,177.48436,219.01569,633.13715,162.7291,170.07103,652.8996,193.06288,154.37193,675.93945,221.49237,119.87276,699.18707,248.76228,196.37679,653.78601,298.39832,164.56781,639.47192,318.91409,122.25745,606.09583
894,7.442,177.27113,218.56905,632.95648,162.7291,170.07103,652.8996,194.03793,154.06679,676.23126,221.49237,119.87276,699.18707,248.71172,197.11801,653.17438,298.39832,164.56781,639.47192,318.91409,122.25745,606.09583
895,7.45,177.51372,218.65929,632.90613,162.7291,170.07103,652.8996,194.03793,154.06679,676.23126,221.49237,119.87276,699.18707,248.98822,196.98216,653.08026,298.65491,165.40456,639.18762,318.91409,122.25745,606.09583
896,7.458,177.61632,218.31613,632.96259,163.09186,170.03664,652.88898,194.14812,153.87895,676.37274,221.49237,119.87276,699.18707,249.16249,196.90852,653.10022,298.65491,165.40456,639.18762,318.91409,122.25745,606.09583
897,7.467,177.61632,218.31613,632.96259,162.7291,170.07103,652.8996,194.14812,153.87895,676.37274,221.49237,119.87276,699.18707,249.16249,196.90852,653.10022,298.39832,164.56781,639.47192,318.93857,122.15022,606.37982
898,7.475,177.61632,218.31613,632.96259,162.7291,170.07103,652.8996,193.7823,154.13504,676.24536,221.49237,119.87276,699.18707,248.58333,195.7403,653.72217,298.39832,164.56781,639.47192,318.91409,122.25745,606.09583
899,7.483,177.61632,218.31613,632.96259,162.7291,170.07103,652.8996,194.14812,153.87895,676.37274,221.49237,119.87276,699.18707,248.93526,196.04247,653.6272,298.39832,164.56781,639.47192,318.91409,122.25745,606.09583
900,7.492,177.61632,218.31613,632.96259,163.09186,170.03664,652.88898,194.14812,153.87895,676.37274,221.08116,120.07901,699.17889,248.75761,195.66661,653.74219,298.77621,164.71817,639.60443,318.91409,122.25745,606.09583
901,7.5,177.61632,218.31613,632.96259,162.7291,170.07103,652.8996,194.14812,153.87895,676.37274,221.49237,119.87276,699.18707,249.34016,197.28432,652.98523,298.77621,164.71817,639.60443,318.91409,122.25745,606.09583
902,7.508,177.51372,218.65929,632.90613,162.7291,170.07103,652.8996,193.67213,154.32285,676.10382,221.68095,120.19806,699.2525,249.34016,197.28432,652.98523,299.03293,165.55499,639.32007,318.91409,122.25745,606.09583
903,7.517,177.51372,218.65929,632.90613,162.7291,170.07103,652.8996,193.42862,154.11603,676.06689,221.26968,120.40429,699.24438,249.16592,197.35797,652.96527,298.65491,165.40456,639.18762,318.91409,122.25745,606.09583
904,7.525,177.16858,218.91209,632.90002,162.7291,170.07103,652.8996,193.06288,154.37193,675.93945,221.49237,119.87276,699.18707,248.89078,197.75449,653.23822,298.96854,165.66074,638.99243,318.91409,122.25745,606.09583
905,7.533,177.16858,218.91209,632.90002,163.09186,170.03664,652.88898,193.25494,155.03281,675.66956,221.08116,120.07901,699.17889,248.71486,198.25137,652.99341,298.96854,165.66074,638.99243,318.91409,122.25745,606.09583
906,7.542,177.13927,219.26848,633.13104,162.7291,170.07103,652.8996,193.25494,155.03281,675.66956,221.19215,120.89258,699.30957,248.89827,197.55249,653.85034,298.77621,164.71817,639.60443,318.91409,122.25745,606.09583
907,7.55,177.13927,219.26848,633.13104,162.7291,170.07103,652.8996,193.25494,155.03281,675.66956,221.49602,120.7518,699.04718,248.89078,197.75449,653.23822,298.32407,164.88716,639.29602,318.92014,122.50497,606.27228
908,7.558,177.13927,219.26848,633.13104,162.7291,170.07103,652.8996,193.25494,155.03281,675.66956,221.49602,120.7518,699.04718,248.23567,198.99382,653.2066,298.66406,165.48172,639.44604,319.02252,122.85035,606.646
909,7.567,177.13927,219.26848,633.13104,162.7291,170.07103,652.8996,193.25494,155.03281,675.66956,221.27327,121.28355,699.10455,248.23567,198.99382,653.2066,299.01016,165.82198,639.4035,319.15265,124.59737,605.94208
910,7.575,177.10999,219.62469,633.36212,162.7291,170.07103,652.8996,193.25494,155.03281,675.66956,221.30298,122.01762,699.13837,248.23567,198.99382,653.2066,299.01016,165.82198,639.4035,319.16534,124.78885,606.03821
911,7.583,177.15605,220.00296,633.25763,162.7291,170.07103,652.8996,193.25494,155.03281,675.66956,221.30298,122.01762,699.13837,247.9874,199.27922,653.11609,298.79013,165.70401,639.29962,319.16534,124.78885,606.03821
912,7.592,177.08766,220.17545,633.16016,162.7291,170.07103,652.8996,193.25494,155.03281,675.66956,221.07857,122.07507,699.16571,248.21797,199.23051,653.37836,299.01016,165.82198,639.4035,319.2735,125.0342,606.00208
913,7.6,177.08766,220.17545,633.16016,161.22131,170.98207,652.03973,192.85385,155.1429,675.8678,221.07857,122.07507,699.16571,247.9874,199.27922,653.11609,298.78137,167.01764,639.06519,319.40585,125.19663,606.20758
914,7.608,176.74275,220.42833,633.15399,161.22131,170.98207,652.03973,192.85385,155.1429,675.8678,221.20364,122.49519,699.08069,247.55086,199.54082,652.94775,298.36108,166.60136,638.93494,318.55551,123.46235,606.64801
915,7.617,176.74275,220.42833,633.15399,160.81561,170.59444,652.07178,192.85385,155.1429,675.8678,221.05919,122.46677,698.88141,247.55086,199.54082,652.94775,298.36108,166.60136,638.93494,318.68982,124.30321,606.41046
916,7.625,176.57458,220.57944,633.11053,160.79391,171.01584,651.86426,192.64639,155.83344,676.0813,221.05919,122.46677,698.88141,247.55086,199.54082,652.94775,297.97287,166.87581,638.68695,318.55954,123.99256,606.46393
917,7.633,176.57458,220.57944,633.11053,160.37085,171.27393,651.60516,192.64639,155.83344,676.0813,220.87053,122.14136,698.81586,247.55086,199.54082,652.94775,297.97287,166.87581,638.68695,318.15732,124.15611,606.45648
918,7.642,176.57458,220.57944,633.11053,160.37085,171.27393,651.60516,191.69873,155.63429,675.3111,220.57422,122.35847,698.73224,247.35818,199.89651,652.72827,297.97287,166.87581,638.68695,318.15732,124.15611,606.45648
919,7.65,176.57458,220.57944,633.11053,160.37085,171.27393,651.60516,191.68022,155.73044,675.51776,220.57422,122.35847,698.73224,247.35818,199.89651,652.72827,297.8544,166.83128,639.03339,317.95847,124.38362,606.30719
920,7.658,176.57458,220.57944,633.11053,160.37085,171.27393,651.60516,190.8374,155.79124,675.50458,220.38264,122.45351,698.63867,247.35818,199.89651,652.72827,297.8544,166.83128,639.03339,317.88699,124.27499,606.39673
921,7.667,176.57458,220.57944,633.11053,160.46121,171.62082,651.43475,190.8374,155.79124,675.50458,220.4763,123.88484,699.31659,247.19833,200.37112,652.65869,297.211,166.88657,638.95093,317.69006,124.37243,606.50238
922,7.675,176.37723,220.71446,632.88239,160.46121,171.62082,651.43475,191.01994,156.85025,675.60425,220.22972,123.93222,698.94385,247.19833,200.37112,652.65869,297.211,166.88657,638.95093,317.5365,124.80533,606.43396
923,7.683,176.37723,220.71446,632.88239,160.46121,171.62082,651.43475,190.93199,157.32674,675.79785,219.57716,123.00853,699.0116,247.19833,200.37112,652.65869,297.211,166.88657,638.95093,316.8956,125.41105,606.29211
924,7.692,176.37723,220.71446,632.88239,160.46121,171.62082,651.43475,190.93199,157.32674,675.79785,219.36836,123.17007,698.68365,247.19833,200.37112,652.65869,297.211,166.88657,638.95093,316.78287,125.3923,606.65875
925,7.7,176.37723,220.71446,632.88239,160.46121,171.62082,651.43475,190.93199,157.32674,675.79785,219.56371,123.02531,698.97638,247.19833,200.37112,652.65869,297.211,166.88657,638.95093,316.64569,125.55756,606.80029
926,7.708,175.90987,221.01645,632.71448,159.70522,172.0573,651.61383,190.93199,157.32674,675.79785,219.36836,123.17007,698.68365,247.19833,200.37112,652.65869,297.211,166.88657,638.95093,316.64569,125.55756,606.80029
927,7.717,175.90987,221.01645,632.71448,159.70522,172.0573,651.61383,190.93199,157.32674,675.79785,219.72108,122.89344,699.63318,247.19833,200.37112,652.65869,296.77823,167.46391,638.86163,316.66263,125.50526,607.04395
928,7.725,175.90987,221.01645,632.71448,159.49097,172.57912,651.35626,190.93199,157.32674,675.79785,219.68501,122.89335,699.41199,247.19833,200.37112,652.65869,297.00519,167.82047,638.88306,316.38599,125.50301,606.81232
929,7.733,175.90987,221.01645,632.71448,159.49097,172.57912,651.35626,190.93199,157.32674,675.79785,219.36836,123.17007,698.68365,247.19833,200.37112,652.65869,296.94193,167.67686,639.00726,316.38599,125.50301,606.81232
930,7.742,175.90987,221.01645,632.71448,159.49097,172.57912,651.35626,190.9386,157.55193,675.62817,219.94893,124.31327,699.16797,246.76195,200.63303,652.49036,296.84149,167.60751,638.73743,316.05841,125.99017,606.61353
931,7.75,175.90987,221.01645,632.71448,159.49097,172.57912,651.35626,190.93199,157.32674,675.79785,219.30634,123.29237,698.61835,246.76195,200.63303,652.49036,296.84149,167.60751,638.73743,316.60013,125.89845,606.68591
932,7.758,175.90987,221.01645,632.71448,159.49097,172.57912,651.35626,190.93199,157.32674,675.79785,219.14789,123.33761,698.72784,246.76195,200.63303,652.49036,297.00519,167.82047,638.88306,316.05841,125.99017,606.61353
933,7.767,175.90987,221.01645,632.71448,159.07486,172.83794,651.00275,190.9386,157.55193,675.62817,219.64064,124.49627,699.37714,246.84415,200.94585,652.53351,297.00519,167.82047,638.88306,316.15717,126.1087,606.51343
934,7.775,175.90987,221.01645,632.71448,159.07486,172.83794,651.00275,190.9386,157.55193,675.62817,219.34323,123.19283,699.02057,246.79643,201.88681,652.46887,297.00519,167.82047,638.88306,316.60013,125.89845,606.68591
935,7.783,175.90987,221.01645,632.71448,159.07486,172.83794,651.00275,190.9386,157.55193,675.62817,219.27946,123.34868,698.2489,246.5755,200.88078,653.23877,297.00519,167.82047,638.88306,316.70575,126.30696,606.97302
936,7.792,175.71271,221.32947,632.88672,158.94835,173.14618,650.85071,190.9386,157.55193,675.62817,219.15155,123.34552,698.93036,246.52478,202.00652,652.55371,297.15796,168.09741,639.10828,316.26288,126.51723,606.8006
937,7.8,175.71271,221.32947,632.88672,158.94835,173.14618,650.85071,190.9386,157.55193,675.62817,219.12582,123.67733,699.00024,246.3876,202.14557,652.46808,297.15796,168.09741,639.10828,316.90277,126.71876,606.88873
938,7.808,175.71271,221.32947,632.88672,159.49097,172.57912,651.35626,190.9386,157.55193,675.62817,219.31406,123.69328,699.02374,246.3876,202.14557,652.46808,297.15796,168.09741,639.10828,317.16251,126.7734,606.87665
939,7.817,175.97134,222.08748,632.71484,158.94835,173.14618,650.85071,190.9386,157.55193,675.62817,219.41992,124.03617,698.61456,246.80779,202.54768,652.7392,297.1087,168.19728,639.26575,317.16251,126.7734,606.87665
940,7.825,176.16852,221.7746,632.54266,158.94835,173.14618,650.85071,190.9386,157.55193,675.62817,219.31406,123.69328,699.02374,246.67064,202.68671,652.6535,297.15796,168.09741,639.10828,317.16251,126.7734,606.87665
941,7.833,175.71271,221.32947,632.88672,159.18549,173.01682,650.64038,190.9386,157.55193,675.62817,219.50943,123.54852,699.31653,247.07939,202.42804,652.65436,297.15796,168.09741,639.10828,317.16251,126.7734,606.87665
942,7.842,175.69565,221.51073,632.76312,159.22301,173.38893,650.30548,190.9386,157.55193,675.62817,219.28836,124.02518,699.09363,246.65924,202.02594,652.38318,297.15796,168.09741,639.10828,317.16251,126.7734,606.87665
943,7.85,175.84013,221.79822,632.91962,159.18549,173.01682,650.64038,190.9386,157.55193,675.62817,219.52744,124.1992,698.88678,246.65924,202.02594,652.38318,297.15796,168.09741,639.10828,317.08713,127.17152,606.69849
944,7.858,176.09883,222.55611,632.7478,159.18549,173.01682,650.64038,190.9386,157.55193,675.62817,219.52744,124.1992,698.88678,246.94221,202.56711,652.56873,297.37042,168.26566,639.22229,317.08713,127.17152,606.69849
945,7.867,176.09883,222.55611,632.7478,159.18549,173.01682,650.64038,190.9386,157.55193,675.62817,219.72284,124.05435,699.17963,246.94221,202.56711,652.56873,297.48285,168.65515,639.01801,317.26154,127.15269,606.69336
946,7.875,176.09883,222.55611,632.7478,159.60156,172.75835,650.9939,191.25455,157.9129,676.05243,219.52744,124.1992,698.88678,246.94221,202.56711,652.56873,297.48285,168.65515,639.01801,317.26154,127.15269,606.69336
947,7.883,176.09883,222.55611,632.7478,159.60156,172.75835,650.9939,191.25455,157.9129,676.05243,219.72284,124.05435,699.17963,247.37701,202.34027,652.73309,297.48285,168.65515,639.01801,317.08713,127.17152,606.69849
948,7.892,176.09883,222.55611,632.7478,159.38794,173.8867,650.92493,191.25455,157.9129,676.05243,219.52744,124.1992,698.88678,246.94221,202.56711,652.56873,297.37042,168.26566,639.22229,317.26154,127.15269,606.69336
949,7.9,176.09883,222.55611,632.7478,159.38794,173.8867,650.92493,191.00851,158.20872,676.03412,219.65903,124.21021,698.40765,247.37701,202.34027,652.73309,297.37042,168.26566,639.22229,317.08713,127.17152,606.69849
950,7.908,176.09883,222.55611,632.7478,159.36446,172.88774,651.20422,191.00851,158.20872,676.03412,219.62434,124.07236,699.3703,247.37701,202.34027,652.73309,297.37042,168.26566,639.22229,317.26154,127.15269,606.69336
951,7.917,176.09883,222.55611,632.7478,159.36446,172.88774,651.20422,191.2422,158.66785,676.45245,219.43356,124.12531,699.46118,247.37701,202.34027,652.73309,297.37042,168.26566,639.22229,317.26154,127.15269,606.69336
952,7.925,176.09883,222.55611,632.7478,159.36446,172.88774,651.20422,191.2422,158.66785,676.45245,219.6534,123.97527,699.7063,247.37701,202.34027,652.73309,297.48285,168.65515,639.01801,317.08713,127.17152,606.69849
953,7.933,176.09883,222.55611,632.7478,159.36446,172.88774,651.20422,191.2422,158.66785,676.45245,219.6534,123.97527,699.7063,247.37701,202.34027,652.73309,297.43359,168.75504,639.17548,317.08713,127.17152,606.69849
954,7.942,176.09883,222.55611,632.7478,159.36446,172.88774,651.20422,191.2422,158.66785,676.45245,219.43356,124.12531,699.46118,246.94221,202.56711,652.56873,297.48285,168.65515,639.01801,317.08713,127.17152,606.69849
955,7.95,176.11586,222.37502,632.87134,159.36446,172.88774,651.20422,191.2422,158.66785,676.45245,220.08269,125.44434,699.19952,247.37701,202.34027,652.73309,297.37042,168.26566,639.22229,317.26154,127.15269,606.69336
956,7.958,175.84013,221.79822,632.91962,159.49097,172.57912,651.35626,191.2422,158.66785,676.45245,219.31406,123.69328,699.02374,247.37701,202.34027,652.73309,297.15796,168.09741,639.10828,317.16251,126.7734,606.87665
957,7.967,175.71271,221.32947,632.88672,159.49097,172.57912,651.35626,190.9386,157.55193,675.62817,219.41093,123.56649,699.5072,246.65924,202.02594,652.38318,297.15796,168.09741,639.10828,317.16251,126.7734,606.87665
958,7.975,175.90987,221.01645,632.71448,159.30554,172.99379,650.86938,190.9386,157.55193,675.62817,219.35318,123.36745,699.11084,247.09409,201.79907,652.54761,297.15796,168.09741,639.10828,317.16251,126.7734,606.87665
959,7.983,175.90987,221.01645,632.71448,159.49097,172.57912,651.35626,190.9386,157.55193,675.62817,219.36514,123.02857,698.88416,247.09409,201.79907,652.54761,297.15796,168.09741,639.10828,316.90277,126.71876,606.88873
960,7.992,175.90987,221.01645,632.71448,159.49097,172.57912,651.35626,190.93199,157.32674,675.79785,219.71489,122.72643,699.34186,247.23129,201.65984,652.6333,297.15796,168.09741,639.10828,316.60013,125.89845,606.68591
961,8,175.90987,221.01645,632.71448,159.49097,172.57912,651.35626,190.93199,157.32674,675.79785,219.7767,122.51844,699.58057,247.55765,201.30972,652.8858,297.15796,168.09741,639.10828,316.76114,125.83451,606.77393
962,8.008,175.90987,221.01645,632.71448,159.70522,172.0573,651.61383,190.93199,157.32674,675.79785,219.6998,123.08987,699.43079,247.28047,200.68394,652.70178,297.15796,168.09741,639.10828,316.63922,125.91075,607.17676
963,8.017,175.90987,221.01645,632.71448,159.70522,172.0573,651.61383,190.93199,157.32674,675.79785,219.52989,122.6875,699.31439,247.19833,200.37112,652.65869,297.00519,167.82047,638.88306,316.89893,125.96534,607.16467
964,8.025,175.90987,221.01645,632.71448,160.46121,171.62082,651.43475,190.93199,157.32674,675.79785,219.69157,122.72981,699.53461,247.19833,200.37112,652.65869,297.16016,167.59309,639.02704,316.77805,125.7822,607.01764
965,8.033,176.37723,220.71446,632.88239,160.37085,171.27393,651.60516,190.93199,157.32674,675.79785,219.69157,122.72981,699.53461,247.19833,200.37112,652.65869,297.16016,167.59309,639.02704,316.78351,125.68838,607.19098
966,8.042,176.37723,220.71446,632.88239,160.37085,171.27393,651.60516,190.93199,157.32674,675.79785,219.69157,122.72981,699.53461,247.19833,200.37112,652.65869,297.211,166.88657,638.95093,317.08472,124.96075,606.95782
967,8.05,176.37723,220.71446,632.88239,160.46121,171.62082,651.43475,190.93199,157.32674,675.79785,220.00525,122.62851,699.64813,247.19833,200.37112,652.65869,297.37463,167.09952,639.0965,317.22186,124.79561,606.81635
968,8.058,176.37723,220.71446,632.88239,160.37085,171.27393,651.60516,190.93199,157.32674,675.79785,219.87782,122.72594,699.12634,247.19833,200.37112,652.65869,297.211,166.88657,638.95093,316.65189,125.25247,606.40613
969,8.067,176.37723,220.71446,632.88239,160.37085,171.27393,651.60516,190.74947,156.26755,675.69818,220.00525,122.62851,699.64813,247.19833,200.37112,652.65869,297.211,166.88657,638.95093,316.65189,125.25247,606.40613
970,8.075,176.37723,220.71446,632.88239,160.37085,171.27393,651.60516,190.74947,156.26755,675.69818,220.00525,122.62851,699.64813,247.19833,200.37112,652.65869,297.211,166.88657,638.95093,316.86026,124.7236,606.48041
971,8.083,176.57458,220.57944,633.11053,160.37085,171.27393,651.60516,190.8374,155.79124,675.50458,220.00525,122.62851,699.64813,247.02049,199.99487,652.77374,297.69083,166.61833,638.88782,317.26498,123.89567,607.01263
972,8.092,176.57458,220.57944,633.11053,160.37085,171.27393,651.60516,190.8374,155.79124,675.50458,219.89836,122.01781,699.82208,247.02049,199.99487,652.77374,297.35818,165.76143,639.20374,317.07263,123.91175,607.03229
973,8.1,176.57458,220.57944,633.11053,160.37085,171.27393,651.60516,190.70294,155.59433,675.65277,219.89836,122.01781,699.82208,247.18036,199.52026,652.84332,297.38898,165.28531,639.32404,317.40384,123.73757,606.52454
974,8.108,176.52843,220.20137,633.21503,160.37085,171.27393,651.60516,190.70294,155.59433,675.65277,219.89836,122.01781,699.82208,247.22188,199.31816,652.9809,297.53729,165.09395,639.44153,317.30002,123.69202,606.51801
975,8.117,176.52843,220.20137,633.21503,160.37085,171.27393,651.60516,191.00385,155.72986,676.03387,219.98259,121.9302,699.51819,247.67416,198.68698,653.13116,297.64526,166.01822,638.83252,317.75449,123.4999,606.64227
976,8.125,176.52843,220.20137,633.21503,160.37085,171.27393,651.60516,191.00385,155.72986,676.03387,219.98259,121.9302,699.51819,247.67416,198.68698,653.13116,297.58896,164.88721,639.30353,317.47351,123.44356,606.36249
977,8.133,176.52843,220.20137,633.21503,160.3925,170.85284,651.81262,191.00385,155.72986,676.03387,219.98259,121.9302,699.51819,247.40176,197.92644,653.35486,297.58896,164.88721,639.30353,317.10574,123.09407,606.31158
978,8.142,176.52843,220.20137,633.21503,160.3925,170.85284,651.81262,191.00385,155.72986,676.03387,219.71077,121.47533,699.59845,247.26913,197.44562,653.77258,297.57782,164.87694,639.60138,316.96069,123.00902,606.18365
979,8.15,176.55763,219.8452,632.98383,160.3925,170.85284,651.81262,191.00385,155.72986,676.03387,219.86302,121.36575,699.29456,247.26913,197.44562,653.77258,297.58896,164.88721,639.30353,316.65021,122.40527,605.88751
980,8.158,176.55763,219.8452,632.98383,160.3925,170.85284,651.81262,191.00385,155.72986,676.03387,219.76202,120.75526,699.35901,247.23116,197.2971,653.8866,297.20706,165.10382,639.29456,316.10168,122.64465,605.74738
981,8.167,176.55763,219.8452,632.98383,160.3925,170.85284,651.81262,190.70294,155.59433,675.65277,219.74828,121.37289,699.08569,247.23116,197.2971,653.8866,297.26474,164.87158,639.21259,316.10168,122.64465,605.74738
982,8.175,176.55763,219.8452,632.98383,160.3925,170.85284,651.81262,191.00385,155.72986,676.03387,219.35217,120.76149,699.30872,247.4068,197.53246,653.35632,297.26474,164.87158,639.21259,316.1561,122.65384,605.99097
983,8.183,176.55763,219.8452,632.98383,160.3925,170.85284,651.81262,191.00385,155.72986,676.03387,219.67313,121.28799,699.2522,247.31267,197.01672,653.79993,297.082,164.61044,639.52252,316.10168,122.64465,605.74738
984,8.192,176.55763,219.8452,632.98383,160.02061,170.1411,651.65063,191.00385,155.72986,676.03387,219.2751,120.95597,699.44617,247.31267,197.01672,653.79993,297.03601,164.70369,639.66937,316.10168,122.64465,605.74738
985,8.2,176.55763,219.8452,632.98383,160.02061,170.1411,651.65063,191.00385,155.72986,676.03387,219.42735,120.84644,699.14221,247.31267,197.01672,653.79993,296.75281,164.46048,639.50378,316.10168,122.64465,605.74738
986,8.208,176.55763,219.8452,632.98383,160.02061,170.1411,651.65063,190.70294,155.59433,675.65277,219.14774,121.05307,698.9248,247.31267,197.01672,653.79993,296.75281,164.46048,639.50378,315.8938,122.78531,605.44171
987,8.217,176.55763,219.8452,632.98383,160.3925,170.85284,651.81262,191.00385,155.72986,676.03387,219.22484,120.85867,698.78735,247.31267,197.01672,653.79993,296.87427,164.89165,639.55713,315.62561,122.90594,605.53198
988,8.225,176.55763,219.8452,632.98383,160.02061,170.1411,651.65063,190.70294,155.59433,675.65277,219.32397,121.74874,698.69373,247.31267,197.01672,653.79993,296.75281,164.46048,639.50378,315.73907,123.02981,605.28687
989,8.233,176.55763,219.8452,632.98383,160.3925,170.85284,651.81262,190.70294,155.59433,675.65277,219.69043,121.50926,698.70447,247.19688,197.00558,653.83728,296.69513,164.69263,639.58569,315.47086,123.15044,605.3772
990,8.242,176.29518,219.83992,633.08948,160.02061,170.1411,651.65063,190.70294,155.59433,675.65277,219.51662,120.81024,698.31659,247.19688,197.00558,653.83728,296.99365,165.10124,639.47034,315.73907,123.02981,605.28687
991,8.25,176.36256,219.95422,632.98114,160.02061,170.1411,651.65063,190.70294,155.59433,675.65277,219.5406,121.61508,698.3894,247.35789,197.26477,654.29114,296.93594,165.33342,639.55225,315.73907,123.02981,605.28687
992,8.258,176.29518,219.83992,633.08948,160.3925,170.85284,651.81262,190.70294,155.59433,675.65277,219.20549,121.0642,698.41199,247.35789,197.26477,654.29114,296.81659,165.12381,639.63904,315.73907,123.02981,605.28687
993,8.267,176.29518,219.83992,633.08948,159.85184,171.58105,651.57397,190.70294,155.59433,675.65277,219.52322,121.54132,698.04309,247.35789,197.26477,654.29114,296.78958,165.34407,639.474,315.11142,123.34953,605.3269
994,8.275,176.29518,219.83992,633.08948,159.50131,170.44844,651.61938,190.70294,155.59433,675.65277,219.673,121.43541,698.35822,247.35789,197.26477,654.29114,296.78958,165.34407,639.474,315.11142,123.34953,605.3269
995,8.283,176.29518,219.83992,633.08948,159.47968,170.86926,651.41187,190.70294,155.59433,675.65277,219.52322,121.54132,698.04309,247.06728,198.03598,654.10242,296.90897,165.55367,639.38721,314.90289,123.87827,605.25275
996,8.292,176.29518,219.83992,633.08948,159.47968,170.86926,651.41187,190.70294,155.59433,675.65277,219.59589,121.62971,698.49567,247.13647,197.84944,654.21692,296.90897,165.55367,639.38721,314.90289,123.87827,605.25275
997,8.3,175.83521,220.17749,633.08124,159.47968,170.86926,651.41187,190.70294,155.59433,675.65277,219.52322,121.54132,698.04309,246.90627,197.77692,653.64862,296.90897,165.55367,639.38721,314.90289,123.87827,605.25275
998,8.308,175.80611,220.53362,633.31238,159.47968,170.86926,651.41187,190.70294,155.59433,675.65277,219.56305,121.98911,697.85754,247.06728,198.03598,654.10242,296.87827,166.02972,639.26685,314.87979,124.39872,605.12512
999,8.317,175.83521,220.17749,633.08124,159.47968,170.86926,651.41187,190.70294,155.59433,675.65277,219.56305,121.98911,697.85754,247.06728,198.03598,654.10242,296.90897,165.55367,639.38721,314.97726,124.5162,605.02271
1000,8.325,176.04076,220.03404,633.25342,159.47968,170.86926,651.41187,190.70294,155.59433,675.65277,219.71283,121.88311,698.17273,247.06728,198.03598,654.10242,296.90897,165.55367,639.38721,315.24561,124.39551,604.93237
1001,8.333,176.04076,220.03404,633.25342,159.85184,171.58105,651.57397,190.70294,155.59433,675.65277,219.56305,121.98911,697.85754,247.06728,198.03598,654.10242,296.87827,166.02972,639.26685,315.24561,124.39551,604.93237
1002,8.342,176.10814,220.14836,633.14514,159.85184,171.58105,651.57397,190.70294,155.59433,675.65277,219.56305,121.98911,697.85754,247.07819,198.21147,653.97546,296.87827,166.02972,639.26685,315.24561,124.39551,604.93237
1003,8.35,176.10814,220.14836,633.14514,159.85184,171.58105,651.57397,190.70294,155.59433,675.65277,219.70128,121.92332,697.75385,247.20963,198.25772,653.90948,296.87827,166.02972,639.26685,315.42456,124.79388,605.18127
1004,8.358,176.10814,220.14836,633.14514,159.85184,171.58105,651.57397,190.70294,155.59433,675.65277,219.70128,121.92332,697.75385,247.18689,198.0636,654.05249,296.87827,166.02972,639.26685,315.95554,124.93756,605.31952
1005,8.367,176.04076,220.03404,633.25342,160.37085,171.27393,651.60516,190.70294,155.59433,675.65277,219.70128,121.92332,697.75385,247.48134,198.96806,654.14398,297.211,166.88657,638.95093,315.97824,125.19274,605.43817
1006,8.375,176.10814,220.14836,633.14514,160.37085,171.27393,651.60516,190.70294,155.59433,675.65277,219.92105,121.83943,697.76172,247.20963,198.25772,653.90948,296.96579,166.16412,639.14478,316.17978,125.10889,605.37494
1007,8.383,176.30318,220.03944,633.14783,160.37085,171.27393,651.60516,190.8374,155.79124,675.50458,219.92105,121.83943,697.76172,247.20963,198.25772,653.90948,296.96579,166.16412,639.14478,316.17978,125.10889,605.37494
1008,8.392,176.36256,219.95422,632.98114,160.37085,171.27393,651.60516,190.8374,155.79124,675.50458,219.92105,121.83943,697.76172,247.21005,198.33557,653.96332,296.81076,166.39174,639.00079,316.64929,125.48863,605.59912
1009,8.4,176.27402,220.39557,633.37897,160.37085,171.27393,651.60516,190.8374,155.79124,675.50458,219.92105,121.83943,697.76172,247.21005,198.33557,653.96332,296.96579,166.16412,639.14478,317.07053,125.28715,605.49469
1010,8.408,176.52843,220.20137,633.21503,160.37085,171.27393,651.60516,190.8374,155.79124,675.50458,219.92105,121.83943,697.76172,247.48723,198.96184,654.14734,297.211,166.88657,638.95093,316.87302,125.33608,605.49084
1011,8.417,176.52843,220.20137,633.21503,160.37085,171.27393,651.60516,190.8374,155.79124,675.50458,219.92105,121.83943,697.76172,247.03493,199.59303,653.99677,297.211,166.88657,638.95093,317.26483,125.79015,605.34241
1012,8.425,176.55763,219.8452,632.98383,160.37085,171.27393,651.60516,190.8374,155.79124,675.50458,219.92105,121.83943,697.76172,247.21272,199.96927,653.88165,297.211,166.88657,638.95093,317.07053,125.28715,605.49469
1013,8.433,176.52843,220.20137,633.21503,160.37085,171.27393,651.60516,190.8374,155.79124,675.50458,219.92105,121.83943,697.76172,247.03493,199.59303,653.99677,297.211,166.88657,638.95093,317.07053,125.28715,605.49469
1014,8.442,176.55763,219.8452,632.98383,160.37085,171.27393,651.60516,190.8374,155.79124,675.50458,219.92105,121.83943,697.76172,246.79941,198.7645,653.95038,296.96579,166.16412,639.14478,317.07053,125.28715,605.49469
1015,8.45,176.55763,219.8452,632.98383,160.3925,170.85284,651.81262,190.8374,155.79124,675.50458,219.92105,121.83943,697.76172,246.95924,198.28951,654.02008,296.96579,166.16412,639.14478,317.6098,124.71732,605.8681
1016,8.458,176.55763,219.8452,632.98383,160.3925,170.85284,651.81262,191.00385,155.72986,676.03387,219.92105,121.83943,697.76172,246.95924,198.28951,654.02008,296.96579,166.16412,639.14478,317.75418,124.03306,605.76312
1017,8.467,176.55763,219.8452,632.98383,160.3925,170.85284,651.81262,191.00385,155.72986,676.03387,219.78015,120.78103,698.0119,247.23634,198.91602,654.20404,297.211,166.88657,638.95093,317.75418,124.03306,605.76312
1018,8.475,176.55763,219.8452,632.98383,160.3925,170.85284,651.81262,191.00385,155.72986,676.03387,219.88124,121.39157,697.94733,247.19841,198.76758,654.31799,297.15417,166.27641,639.1933,317.75418,124.03306,605.76312
1019,8.483,176.46838,219.73036,633.10095,160.3925,170.85284,651.81262,191.00385,155.72986,676.03387,219.78015,120.78103,698.0119,246.92131,198.14099,654.13409,296.99649,165.68811,639.26514,317.75418,124.03306,605.76312
1020,8.492,176.46838,219.73036,633.10095,160.3925,170.85284,651.81262,191.00385,155.72986,676.03387,219.78015,120.78103,698.0119,246.92131,198.14099,654.13409,296.90897,165.55367,639.38721,316.90021,123.62496,605.71936
1021,8.5,176.46838,219.73036,633.10095,160.3925,170.85284,651.81262,191.21118,155.03969,675.82043,219.89322,120.79253,698.27686,246.92131,198.14099,654.13409,296.90897,165.55367,639.38721,316.52646,123.24669,605.21729
1022,8.508,176.46838,219.73036,633.10095,160.3925,170.85284,651.81262,191.21118,155.03969,675.82043,219.81451,120.90901,698.0824,246.92131,198.14099,654.13409,296.96664,165.3215,639.3053,315.83658,123.14735,605.18439
1023,8.517,176.46838,219.73036,633.10095,160.3925,170.85284,651.81262,191.21118,155.03969,675.82043,219.81451,120.90901,698.0824,246.92131,198.14099,654.13409,296.96664,165.3215,639.3053,316.78143,122.97,605.72302
1024,8.525,176.28487,219.20512,633.11505,160.3925,170.85284,651.81262,191.21118,155.03969,675.82043,219.76256,120.27914,698.00171,246.81564,198.11403,654.17352,296.90897,165.55367,639.38721,316.42081,122.97151,605.79388
1025,8.533,176.28487,219.20512,633.11505,160.02061,170.1411,651.65063,191.01872,154.3788,676.09033,219.82794,120.53601,698.13922,246.81564,198.11403,654.17352,296.96664,165.3215,639.3053,316.32193,122.85299,605.89398
1026,8.542,176.11166,219.3147,633.10358,160.02061,170.1411,651.65063,191.00385,155.72986,676.03387,219.89322,120.79253,698.27686,246.81564,198.11403,654.17352,296.90897,165.55367,639.38721,315.73907,123.02981,605.28687
1027,8.55,176.14084,218.95836,632.87256,160.02061,170.1411,651.65063,191.01872,154.3788,676.09033,219.89322,120.79253,698.27686,246.81564,198.11403,654.17352,296.99365,165.10124,639.47034,315.73907,123.02981,605.28687
1028,8.558,175.85292,218.5562,633.27563,160.02061,170.1411,651.65063,191.01872,154.3788,676.09033,219.89322,120.79253,698.27686,246.81564,198.11403,654.17352,296.93594,165.33342,639.55225,316.32193,122.85299,605.89398
1029,8.567,175.85292,218.5562,633.27563,160.02061,170.1411,651.65063,191.01872,154.3788,676.09033,219.68661,120.84484,698.27301,246.71318,198.03839,654.24756,296.99365,165.10124,639.47034,315.73907,123.02981,605.28687
1030,8.575,175.85292,218.5562,633.27563,160.02061,170.1411,651.65063,190.81142,155.06924,676.30377,219.68661,120.84484,698.27301,246.81564,198.11403,654.17352,296.81659,165.12381,639.63904,315.73907,123.02981,605.28687
1031,8.583,175.85719,219.5089,633.26758,160.02061,170.1411,651.65063,191.01872,154.3788,676.09033,219.42024,120.33106,698.20612,246.81564,198.11403,654.17352,296.69513,164.69263,639.58569,315.73907,123.02981,605.28687
1032,8.592,176.11166,219.3147,633.10358,160.02061,170.1411,651.65063,191.00385,155.72986,676.03387,219.60791,120.96127,698.07855,246.81564,198.11403,654.17352,296.99365,165.10124,639.47034,315.73907,123.02981,605.28687
1033,8.6,176.11166,219.3147,633.10358,160.02061,170.1411,651.65063,191.21118,155.03969,675.82043,219.60791,120.96127,698.07855,246.81564,198.11403,654.17352,296.87427,164.89165,639.55713,315.73907,123.02981,605.28687
1034,8.608,176.11166,219.3147,633.10358,160.02061,170.1411,651.65063,191.00385,155.72986,676.03387,219.68661,120.84484,698.27301,246.81564,198.11403,654.17352,296.78958,165.34407,639.474,315.73907,123.02981,605.28687
1035,8.617,176.11166,219.3147,633.10358,160.02061,170.1411,651.65063,191.01872,154.3788,676.09033,219.60791,120.96127,698.07855,246.81564,198.11403,654.17352,296.99365,165.10124,639.47034,315.73907,123.02981,605.28687
1036,8.625,176.11166,219.3147,633.10358,160.02061,170.1411,651.65063,191.00385,155.72986,676.03387,219.68661,120.84484,698.27301,246.81564,198.11403,654.17352,296.99365,165.10124,639.47034,316.32193,122.85299,605.89398
1037,8.633,176.11166,219.3147,633.10358,160.02061,170.1411,651.65063,191.21118,155.03969,675.82043,219.89322,120.79253,698.27686,246.81564,198.11403,654.17352,296.90897,165.55367,639.38721,315.73907,123.02981,605.28687
1038,8.642,176.11166,219.3147,633.10358,160.02061,170.1411,651.65063,191.00385,155.72986,676.03387,219.81451,120.90901,698.0824,246.81564,198.11403,654.17352,297.01828,165.51193,639.01733,316.32193,122.85299,605.89398
1039,8.65,176.46838,219.73036,633.10095,160.3925,170.85284,651.81262,191.00385,155.72986,676.03387,219.89322,120.79253,698.27686,246.92131,198.14099,654.13409,297.01828,165.51193,639.01733,316.32193,122.85299,605.89398
1040,8.658,176.46838,219.73036,633.10095,160.3925,170.85284,651.81262,191.21118,155.03969,675.82043,219.89322,120.79253,698.27686,246.92131,198.14099,654.13409,297.26352,166.23459,638.82355,317.09509,123.51796,605.92627
1041,8.667,176.46838,219.73036,633.10095,160.3925,170.85284,651.81262,191.21118,155.03969,675.82043,219.81451,120.90901,698.0824,246.92131,198.14099,654.13409,297.01828,165.51193,639.01733,317.23029,123.89548,605.72638
1042,8.675,176.46838,219.73036,633.10095,160.3925,170.85284,651.81262,191.21118,155.03969,675.82043,219.81451,120.90901,698.0824,246.92131,198.14099,654.13409,297.01828,165.51193,639.01733,316.52646,123.24669,605.21729
1043,8.683,176.46838,219.73036,633.10095,160.3925,170.85284,651.81262,191.21118,155.03969,675.82043,219.81451,120.90901,698.0824,246.92131,198.14099,654.13409,297.01828,165.51193,639.01733,317.21542,123.44461,605.85205
1044,8.692,176.55763,219.8452,632.98383,160.3925,170.85284,651.81262,191.81419,154.89668,675.61548,219.81451,120.90901,698.0824,246.92131,198.14099,654.13409,297.48764,165.42984,638.90424,316.89584,123.54026,605.30908
1045,8.7,176.55763,219.8452,632.98383,160.3925,170.85284,651.81262,191.81419,154.89668,675.61548,219.89322,120.79253,698.27686,246.92131,198.14099,654.13409,297.45782,165.06323,638.94434,317.75418,124.03306,605.76312
1046,8.708,176.55763,219.8452,632.98383,160.3925,170.85284,651.81262,191.51328,154.76114,675.23425,219.81451,120.90901,698.0824,246.92131,198.14099,654.13409,297.79053,165.92027,638.62848,317.25616,124.19531,605.25146
1047,8.717,176.55763,219.8452,632.98383,160.3925,170.85284,651.81262,191.87471,154.77872,675.18237,219.81451,120.90901,698.0824,247.22188,199.31816,652.9809,297.79053,165.92027,638.62848,317.58395,123.72466,605.6991
1048,8.725,176.55763,219.8452,632.98383,160.3925,170.85284,651.81262,191.94858,155.09358,675.46722,219.74922,120.65249,697.94476,246.81703,198.07686,653.62225,297.79053,165.92027,638.62848,317.58395,123.72466,605.6991
1049,8.733,176.58687,219.48886,632.75281,160.3925,170.85284,651.81262,192.20702,155.07918,675.47864,219.86546,120.2439,697.94305,247.11046,198.13573,654.10211,297.54535,165.1976,638.8222,317.27917,123.67484,605.37903
1050,8.742,176.58687,219.48886,632.75281,160.3925,170.85284,651.81262,192.20702,155.07918,675.47864,219.86546,120.2439,697.94305,247.05675,197.98761,654.21881,297.54535,165.1976,638.8222,317.38748,122.52652,605.11707
1051,8.75,176.58687,219.48886,632.75281,160.3925,170.85284,651.81262,191.87471,154.77872,675.18237,219.86546,120.2439,697.94305,247.05675,197.98761,654.21881,297.54535,165.1976,638.8222,317.38748,122.52652,605.11707
1052,8.758,176.58687,219.48886,632.75281,160.3925,170.85284,651.81262,192.09395,154.74603,675.2074,219.86546,120.2439,697.94305,247.05675,197.98761,654.21881,297.70044,164.97006,638.96631,317.63379,122.70976,605.34717
1053,8.767,176.58687,219.48886,632.75281,160.3709,170.87582,651.54846,192.03339,154.864,675.6405,219.86546,120.2439,697.94305,246.91451,197.77496,653.82098,297.70044,164.97006,638.96631,317.63379,122.70976,605.34717
1054,8.775,176.58687,219.48886,632.75281,160.3709,170.87582,651.54846,192.09395,154.74603,675.2074,219.86546,120.2439,697.94305,247.05675,197.98761,654.21881,297.70044,164.97006,638.96631,317.63379,122.70976,605.34717
1055,8.783,176.58687,219.48886,632.75281,160.3925,170.85284,651.81262,192.03339,154.864,675.6405,220.49745,121.83862,698.05688,247.05536,197.72702,654.03992,297.70044,164.97006,638.96631,317.63379,122.70976,605.34717
1056,8.792,176.58687,219.48886,632.75281,160.3925,170.85284,651.81262,192.20702,155.07918,675.47864,219.94402,120.04828,697.83112,247.05536,197.72702,654.03992,297.70044,164.97006,638.96631,317.63379,122.70976,605.34717
1057,8.8,176.7551,219.33769,632.79633,160.3925,170.85284,651.81262,192.20702,155.07918,675.47864,220.08064,120.06902,697.82458,247.05536,197.72702,654.03992,297.70044,164.97006,638.96631,317.54288,122.33556,604.99359
1058,8.808,176.82349,219.16522,632.89386,160.3925,170.85284,651.81262,192.44038,154.8459,675.81165,220.15938,119.95253,698.0191,247.05536,197.72702,654.03992,297.70044,164.97006,638.96631,317.63379,122.70976,605.34717
1059,8.817,176.82349,219.16522,632.89386,160.3709,170.87582,651.54846,192.61395,155.06105,675.64972,220.18396,119.49648,698.04401,247.05536,197.72702,654.03992,297.62714,164.66721,638.90613,317.54288,122.33556,604.99359
1060,8.825,176.82349,219.16522,632.89386,160.75385,170.64076,651.80804,192.6077,154.96222,675.25403,220.13116,119.17773,697.90118,246.96686,197.66249,653.52533,297.70044,164.97006,638.96631,317.54288,122.33556,604.99359
1061,8.833,176.82349,219.16522,632.89386,160.75385,170.64076,651.80804,192.44038,154.8459,675.81165,220.13116,119.17773,697.90118,247.05536,197.72702,654.03992,297.70044,164.97006,638.96631,317.36069,122.04813,604.82813
1062,8.842,176.82349,219.16522,632.89386,160.75385,170.64076,651.80804,192.61395,155.06105,675.64972,220.13116,119.17773,697.90118,246.91177,197.2536,653.4632,297.58963,164.69995,638.88855,317.7002,122.13429,605.12781
1063,8.85,176.82349,219.16522,632.89386,160.75385,170.64076,651.80804,192.77094,154.87672,676.43036,220.13116,119.17773,697.90118,247.70981,196.59035,653.81927,297.70044,164.97006,638.96631,317.36069,122.04813,604.82813
1064,8.858,176.82349,219.16522,632.89386,160.81561,170.59444,652.07178,192.73195,154.64647,675.9397,220.13116,119.17773,697.90118,247.70981,196.59035,653.81927,297.68451,164.43524,639.07397,317.37552,121.8641,604.6972
1065,8.867,176.63998,218.63992,632.90802,160.81561,170.59444,652.07178,192.73195,154.64647,675.9397,220.11823,118.93388,697.83234,248.18832,196.06126,654.14636,297.68451,164.43524,639.07397,317.68497,121.73288,604.72955
1066,8.875,176.82349,219.16522,632.89386,160.81561,170.59444,652.07178,193.04865,154.41505,676.35657,219.59612,118.21384,697.54657,248.18832,196.06126,654.14636,297.68451,164.43524,639.07397,317.75076,121.69183,604.56372
1067,8.883,177.08769,218.04355,632.97064,160.81561,170.59444,652.07178,193.04865,154.41505,676.35657,219.79901,118.10102,697.62268,248.02733,195.80212,653.69232,297.68451,164.43524,639.07397,317.75076,121.69183,604.56372
1068,8.892,177.08769,218.04355,632.97064,160.81561,170.59444,652.07178,193.04865,154.41505,676.35657,219.8244,117.7683,697.55304,248.18832,196.06126,654.14636,297.68976,164.15863,638.88177,317.75076,121.69183,604.56372
1069,8.9,177.08769,218.04355,632.97064,162.11871,169.80342,652.91113,193.09967,154.3978,675.65759,219.59335,117.45773,697.5921,248.02733,195.80212,653.69232,297.60217,164.42543,638.69318,318.02734,121.02364,604.66644
1070,8.908,177.08769,218.04355,632.97064,162.11871,169.80342,652.91113,193.22,154.62407,676.18982,220.12973,117.18325,697.96289,248.18832,196.06126,654.14636,298.00348,163.87593,638.74634,318.02734,121.02364,604.66644
1071,8.917,177.08769,218.04355,632.97064,162.11871,169.80342,652.91113,193.37135,154.40364,676.34351,220.00314,117.29295,697.67206,248.18832,196.06126,654.14636,297.99081,164.15067,638.94153,318.02734,121.02364,604.66644
1072,8.925,177.01712,217.03754,632.95258,162.11871,169.80342,652.91113,193.17305,154.18431,676.08099,219.93575,117.43324,696.99792,248.19576,195.89793,654.04443,298.24008,163.6028,638.63043,318.02734,121.02364,604.66644
1073,8.933,177.01712,217.03754,632.95258,162.11871,169.80342,652.91113,193.37135,154.40364,676.34351,220.86525,117.04183,696.53564,248.18832,196.06126,654.14636,298.52261,163.43573,638.52985,318.02734,121.02364,604.66644
1074,8.942,177.62106,217.54346,632.7865,162.11871,169.80342,652.91113,193.37135,154.40364,676.34351,220.81415,116.83963,697.97638,248.07141,195.95978,653.56952,298.68417,163.05681,638.65826,318.11734,121.15704,604.42377
1075,8.95,177.62106,217.54346,632.7865,162.11871,169.80342,652.91113,194.09059,154.29395,676.55518,220.472,117.01174,697.96967,248.07141,195.95978,653.56952,298.68417,163.05681,638.65826,318.11734,121.15704,604.42377
1076,8.958,177.85173,217.36143,632.62994,162.11871,169.80342,652.91113,194.09059,154.29395,676.55518,220.95346,116.99656,697.63245,248.82303,195.21602,654.28662,298.68417,163.05681,638.65826,318.11734,121.15704,604.42377
1077,8.967,177.85173,217.36143,632.62994,162.11871,169.80342,652.91113,194.09059,154.29395,676.55518,220.94234,116.85787,697.84839,248.79289,195.84729,654.25507,298.68417,163.05681,638.65826,318.34998,120.97163,604.70081
1078,8.975,177.85173,217.36143,632.62994,162.11871,169.80342,652.91113,194.09059,154.29395,676.55518,221.54184,118.74831,698.0531,248.76556,195.07675,653.99524,298.68417,163.05681,638.65826,318.20389,120.83937,604.17877
1079,8.983,177.59306,216.60229,632.80225,162.11871,169.80342,652.91113,194.09059,154.29395,676.55518,220.94234,116.85787,697.84839,248.66206,194.95671,653.83246,299.00107,162.90004,638.54211,318.61646,120.9342,604.49365
1080,8.992,177.72781,216.41782,632.88263,162.11871,169.80342,652.91113,194.05479,154.01883,676.76227,220.94234,116.85787,697.84839,248.72868,195.11835,653.70123,299.00107,162.90004,638.54211,318.61646,120.9342,604.49365
1081,9,177.72781,216.41782,632.88263,162.11871,169.80342,652.91113,194.31516,153.04333,676.4328,221.16861,116.73595,697.90094,248.88962,195.37764,654.1554,299.00107,162.90004,638.54211,318.51971,120.61674,604.46753
1082,9.008,177.98647,217.17708,632.71033,162.48152,169.76903,652.90057,194.49001,152.82993,676.58008,221.07121,116.97356,697.79254,248.7664,196.24931,654.41675,299.00107,162.90004,638.54211,318.61646,120.9342,604.49365
1083,9.017,177.98647,217.17708,632.71033,162.48152,169.76903,652.90057,194.49001,152.82993,676.58008,221.07121,116.97356,697.79254,248.66206,194.95671,653.83246,299.00107,162.90004,638.54211,318.20389,120.83937,604.17877
1084,9.025,177.98647,217.17708,632.71033,162.48152,169.76903,652.90057,194.49001,152.82993,676.58008,221.29752,116.85163,697.84503,248.61954,196.20103,653.58704,299.00107,162.90004,638.54211,318.61646,120.9342,604.49365
1085,9.033,177.98647,217.17708,632.71033,162.48152,169.76903,652.90057,194.49001,152.82993,676.58008,221.07121,116.97356,697.79254,248.7664,196.24931,654.41675,299.00107,162.90004,638.54211,318.61646,120.9342,604.49365
1086,9.042,177.72781,216.41782,632.88263,161.76701,169.21329,652.26898,194.31516,153.04333,676.4328,221.8788,118.70231,698.05847,248.61954,196.20103,653.58704,299.00107,162.90004,638.54211,318.51971,120.61674,604.46753
1087,9.05,177.72781,216.41782,632.88263,162.48152,169.76903,652.90057,194.31516,153.04333,676.4328,221.18486,117.10625,697.72748,248.61954,196.20103,653.58704,299.00107,162.90004,638.54211,318.61646,120.9342,604.49365
1088,9.058,177.72781,216.41782,632.88263,162.48152,169.76903,652.90057,194.31516,153.04333,676.4328,221.34309,117.06045,697.57257,248.61954,196.20103,653.58704,299.00107,162.90004,638.54211,318.30066,121.15685,604.2049
1089,9.067,177.98647,217.17708,632.71033,162.48152,169.76903,652.90057,194.49001,152.82993,676.58008,221.56941,116.93852,697.62506,248.61954,196.20103,653.58704,299.00107,162.90004,638.54211,318.30066,121.15685,604.2049
1090,9.075,177.98647,217.17708,632.71033,162.48152,169.76903,652.90057,194.20175,152.58009,675.89886,222.1274,118.75076,697.85895,248.61954,196.20103,653.58704,299.00107,162.90004,638.54211,318.61646,120.9342,604.49365
1091,9.083,177.98647,217.17708,632.71033,162.05956,169.06291,652.45557,194.49001,152.82993,676.58008,221.34309,117.06045,697.57257,248.61954,196.20103,653.58704,299.00107,162.90004,638.54211,318.30066,121.15685,604.2049
1092,9.092,177.98647,217.17708,632.71033,162.48152,169.76903,652.90057,194.02686,152.79329,675.75153,221.34309,117.06045,697.57257,248.61954,196.20103,653.58704,299.00107,162.90004,638.54211,318.30066,121.15685,604.2049
1093,9.1,177.98647,217.17708,632.71033,162.48152,169.76903,652.90057,194.49001,152.82993,676.58008,221.34309,117.06045,697.57257,248.61954,196.20103,653.58704,299.00107,162.90004,638.54211,318.30066,121.15685,604.2049
1094,9.108,177.72781,216.41782,632.88263,162.48152,169.76903,652.90057,194.20175,152.58009,675.89886,221.34309,117.06045,697.57257,248.61954,196.20103,653.58704,299.00107,162.90004,638.54211,318.30066,121.15685,604.2049
1095,9.117,177.85173,217.36143,632.62994,162.48152,169.76903,652.90057,194.50241,153.09804,676.37952,221.83603,117.45248,697.69202,248.61954,196.20103,653.58704,299.04236,163.19638,638.7561,318.61646,120.9342,604.49365
1096,9.125,177.98647,217.17708,632.71033,162.48152,169.76903,652.90057,194.06268,153.06842,675.54437,221.67781,117.49828,697.84692,248.72868,195.11835,653.70123,299.04236,163.19638,638.7561,318.45096,121.52438,604.01935
1097,9.133,177.98647,217.17708,632.71033,162.48152,169.76903,652.90057,194.06268,153.06842,675.54437,221.67781,117.49828,697.84692,248.72868,195.11835,653.70123,299.13733,164.41206,638.34344,318.45096,121.52438,604.01935
1098,9.142,177.85173,217.36143,632.62994,162.11871,169.80342,652.91113,194.06268,153.06842,675.54437,221.60963,117.57439,697.63947,248.59503,195.62978,653.50696,299.13733,164.41206,638.34344,318.38507,121.98776,604.04773
1099,9.15,177.85173,217.36143,632.62994,162.11871,169.80342,652.91113,193.80241,154.04411,675.87421,221.60963,117.57439,697.63947,248.59503,195.62978,653.50696,298.88074,163.57538,638.62769,318.38507,121.98776,604.04773
1100,9.158,177.50647,217.61452,632.62384,162.11871,169.80342,652.91113,193.80241,154.04411,675.87421,221.67781,117.49828,697.84692,248.39114,195.7449,653.47705,298.88074,163.57538,638.62769,318.66782,122.48609,604.0614
1101,9.167,177.50647,217.61452,632.62384,162.11871,169.80342,652.91113,193.80241,154.04411,675.87421,222.17531,119.38628,697.83661,248.07141,195.95978,653.56952,298.88074,163.57538,638.62769,318.87482,122.89275,603.91071
1102,9.175,177.50647,217.61452,632.62384,162.11871,169.80342,652.91113,193.80241,154.04411,675.87421,220.98096,117.77403,697.91583,248.07141,195.95978,653.56952,298.56393,163.73207,638.74384,318.66782,122.48609,604.0614
1103,9.183,177.18237,217.72113,632.87073,162.11871,169.80342,652.91113,193.25105,154.17749,675.81128,221.32327,117.60196,697.92255,248.07141,195.95978,653.56952,298.58405,164.84174,638.5755,318.66782,122.48609,604.0614
1104,9.192,176.99428,217.96817,633.06097,162.11871,169.80342,652.91113,193.25105,154.17749,675.81128,221.44644,117.38871,697.75189,248.02733,195.80212,653.69232,297.92371,165.86014,638.64752,318.8526,122.70215,604.18469
1105,9.2,177.10405,216.85718,633.04022,160.81561,170.59444,652.07178,193.25105,154.17749,675.81128,221.76434,119.57388,698.07043,248.02733,195.80212,653.69232,297.84631,165.53624,638.60449,318.95529,123.04875,604.55811
1106,9.208,176.99428,217.96817,633.06097,160.81561,170.59444,652.07178,193.25105,154.17749,675.81128,220.88087,117.89153,697.92389,248.02733,195.80212,653.69232,297.94556,165.69289,638.77246,318.52267,122.7403,604.19226
1107,9.217,176.64908,218.22147,633.05481,160.81561,170.59444,652.07178,193.09967,154.3978,675.65759,220.55078,118.01015,698.20575,247.54884,196.33112,653.3653,297.66699,165.0239,638.93152,318.8526,122.70215,604.18469
1108,9.225,176.39038,217.46255,633.22693,160.81561,170.59444,652.07178,193.09967,154.3978,675.65759,220.42429,118.1204,697.91479,247.49319,196.49615,653.69269,297.66699,165.0239,638.93152,318.66943,122.7024,604.40338
1109,9.233,176.54657,218.56456,632.99835,160.81561,170.59444,652.07178,193.09967,154.3978,675.65759,220.52539,118.34285,698.27539,247.49319,196.49615,653.69269,297.66699,165.0239,638.93152,318.67953,123.48023,604.39575
1110,9.242,176.54657,218.56456,632.99835,160.81561,170.59444,652.07178,192.92828,154.18887,675.82434,220.19206,118.50518,697.98059,247.49319,196.49615,653.69269,297.70044,164.97006,638.96631,318.38315,123.21925,604.26099
1111,9.25,176.54657,218.56456,632.99835,160.3925,170.85284,651.81262,192.92828,154.18887,675.82434,220.06541,118.61498,697.68958,247.49319,196.49615,653.69269,297.94556,165.69289,638.77246,318.0831,123.60205,604.4021
1112,9.258,176.54657,218.56456,632.99835,160.44392,169.88278,651.90985,192.92828,154.18887,675.82434,220.06541,118.61498,697.68958,247.49319,196.49615,653.69269,297.79053,165.92027,638.62848,318.0831,123.60205,604.4021
1113,9.267,176.54657,218.56456,632.99835,160.02061,170.1411,651.65063,192.92828,154.18887,675.82434,220.06541,118.61498,697.68958,247.49319,196.49615,653.69269,297.79053,165.92027,638.62848,318.57422,123.82193,604.32837
1114,9.275,176.66695,217.36392,632.9707,160.02061,170.1411,651.65063,192.92828,154.18887,675.82434,220.07835,118.8588,697.75842,247.49319,196.49615,653.69269,297.79053,165.92027,638.62848,318.57422,123.82193,604.32837
1115,9.283,176.54657,218.56456,632.99835,160.02061,170.1411,651.65063,193.09967,154.3978,675.65759,220.05243,119.29424,697.7066,247.64272,197.07779,654.35126,297.54535,165.1976,638.8222,318.26514,123.95324,604.29602
1116,9.292,176.40228,218.67342,632.97595,160.3925,170.85284,651.81262,193.09967,154.3978,675.65759,219.9996,118.9753,697.56384,247.48172,196.8186,653.8974,297.54404,165.43753,638.71472,318.26514,123.95324,604.29602
1117,9.3,176.54657,218.56456,632.99835,160.3925,170.85284,651.81262,192.92828,154.18887,675.82434,220.20502,118.74899,698.04944,247.49319,196.49615,653.69269,297.78918,166.16011,638.52094,318.26514,123.95324,604.29602
1118,9.308,176.52478,217.4565,632.94641,160.81561,170.59444,652.07178,192.73195,154.64647,675.9397,220.05243,119.29424,697.7066,247.64272,197.07779,654.35126,297.78918,166.16011,638.52094,318.271,124.14305,604.15253
1119,9.317,176.54657,218.56456,632.99835,160.3925,170.85284,651.81262,192.73195,154.64647,675.9397,219.9996,118.9753,697.56384,247.48172,196.8186,653.8974,297.78918,166.16011,638.52094,318.26514,123.95324,604.29602
1120,9.325,176.54657,218.56456,632.99835,160.81561,170.59444,652.07178,193.09967,154.3978,675.65759,219.9996,118.9753,697.56384,247.52582,196.9762,653.77472,297.88116,166.60635,638.10162,318.29276,124.83677,604.362
1121,9.333,176.73007,219.0899,632.98419,160.81561,170.59444,652.07178,193.25554,155.14934,675.41058,220.18118,119.40982,697.65076,247.6868,197.23538,654.22858,297.90479,166.15486,638.50116,318.88657,123.88712,604.245
1122,9.342,176.73007,219.0899,632.98419,160.81561,170.59444,652.07178,193.25554,155.14934,675.41058,221.05849,121.68246,697.65588,247.6868,197.23538,654.22858,297.90479,166.15486,638.50116,318.88657,123.88712,604.245
1123,9.35,176.82349,219.16522,632.89386,160.81561,170.59444,652.07178,193.25554,155.14934,675.41058,220.68086,119.78696,697.69611,247.69827,196.91296,654.02386,297.90479,166.15486,638.50116,318.88657,123.88712,604.245
1124,9.358,176.82349,219.16522,632.89386,160.81561,170.59444,652.07178,193.25554,155.14934,675.41058,220.29837,119.69084,697.18597,247.69827,196.91296,654.02386,297.90479,166.15486,638.50116,318.88657,123.88712,604.245
1125,9.367,176.82349,219.16522,632.89386,162.11871,169.80342,652.91113,193.25554,155.14934,675.41058,221.26509,121.32764,698.04785,247.96996,197.62381,654.25836,297.97687,166.7394,637.97894,318.98929,124.23392,604.61835
1126,9.375,176.82349,219.16522,632.89386,162.11871,169.80342,652.91113,193.25554,155.14934,675.41058,220.71982,119.12257,697.28558,248.49236,197.2525,654.46265,297.97687,166.7394,637.97894,319.06961,123.88683,604.02643
1127,9.383,177.16858,218.91209,632.90002,162.11871,169.80342,652.91113,193.25554,155.14934,675.41058,221.50806,119.26838,697.5517,248.48082,197.57494,654.6673,297.97687,166.7394,637.97894,319.17233,124.23369,604.3999
1128,9.392,177.16858,218.91209,632.90002,162.11871,169.80342,652.91113,193.25554,155.14934,675.41058,221.29924,118.98632,699.08234,248.64709,197.98213,654.55884,298.25534,166.66409,637.94324,319.17233,124.23369,604.3999
1129,9.4,177.16858,218.91209,632.90002,162.7291,170.07103,652.8996,193.37582,155.37566,675.94269,221.03651,118.84844,698.01324,248.64709,197.98213,654.55884,298.1832,166.07954,638.46545,319.17233,124.23369,604.3999
1130,9.408,177.16858,218.91209,632.90002,162.7291,170.07103,652.8996,193.37582,155.37566,675.94269,221.40482,118.77849,697.29913,248.65865,197.65962,654.35419,298.1832,166.07954,638.46545,319.16629,123.98566,604.22333
1131,9.417,177.16858,218.91209,632.90002,162.7291,170.07103,652.8996,193.37582,155.37566,675.94269,221.40482,118.77849,697.29913,248.65865,197.65962,654.35419,298.57153,165.80505,638.71356,319.16629,123.98566,604.22333
1132,9.425,177.4064,218.74115,632.74896,162.7291,170.07103,652.8996,193.37582,155.37566,675.94269,221.16801,118.8596,697.53491,248.65865,197.65962,654.35419,298.1832,166.07954,638.46545,319.06961,123.88683,604.02643
1133,9.433,177.16858,218.91209,632.90002,162.7291,170.07103,652.8996,193.37582,155.37566,675.94269,221.25772,118.51511,697.39423,248.49236,197.2525,654.46265,298.57153,165.80505,638.71356,319.06357,123.63895,603.84979
1134,9.442,177.16858,218.91209,632.90002,162.7291,170.07103,652.8996,193.22,154.62407,676.18982,222.69392,117.66245,697.90399,248.58875,197.16812,654.78998,298.57153,165.80505,638.71356,319.06357,123.63895,603.84979
1135,9.45,177.16858,218.91209,632.90002,162.7291,170.07103,652.8996,193.22,154.62407,676.18982,221.36633,118.08374,697.39569,248.31715,196.45724,654.55554,298.57153,165.80505,638.71356,319.06357,123.63895,603.84979
1136,9.458,177.16858,218.91209,632.90002,162.11871,169.80342,652.91113,193.22,154.62407,676.18982,221.36191,118.06615,697.51923,248.31715,196.45724,654.55554,298.59045,165.51028,638.85992,318.69171,122.89304,604.12939
1137,9.467,177.16858,218.91209,632.90002,162.11871,169.80342,652.91113,193.42862,154.11603,676.06689,221.29784,117.8123,699.24854,248.51749,196.00829,654.50848,298.3338,164.67374,639.1441,318.69171,122.89304,604.12939
1138,9.475,177.16858,218.91209,632.90002,162.11871,169.80342,652.91113,193.22,154.62407,676.18982,221.25273,117.95116,697.46075,248.31715,196.45724,654.55554,298.2565,164.34982,639.10114,318.20184,121.98798,604.26648
1139,9.483,177.27113,218.56905,632.95648,162.11871,169.80342,652.91113,193.22,154.62407,676.18982,221.07324,118.00429,697.68896,248.32877,196.13466,654.35107,298.05554,164.7491,639.17975,318.20184,121.98798,604.26648
1140,9.492,177.27113,218.56905,632.95648,162.11871,169.80342,652.91113,193.37135,154.40364,676.34351,221.11945,117.818,697.64014,248.31715,196.45724,654.55554,298.2565,164.34982,639.10114,318.20184,121.98798,604.26648
1141,9.5,177.27113,218.56905,632.95648,162.11871,169.80342,652.91113,193.37135,154.40364,676.34351,221.10902,117.77671,697.92834,248.28473,195.97693,654.47388,298.32736,164.00519,638.85974,318.05151,121.62035,604.45215
1142,9.508,177.27113,218.56905,632.95648,162.11871,169.80342,652.91113,193.37135,154.40364,676.34351,221.02702,118.07571,697.38757,248.28473,195.97693,654.47388,298.56393,163.73207,638.74384,318.05151,121.62035,604.45215
1143,9.517,177.08769,218.04355,632.97064,162.11871,169.80342,652.91113,193.10686,153.92984,676.71417,221.10902,117.77671,697.92834,248.28473,195.97693,654.47388,298.22745,163.8775,638.82562,318.05151,121.62035,604.45215
1144,9.525,177.2758,217.79649,632.7804,162.11871,169.80342,652.91113,193.17305,154.18431,676.08099,220.42314,117.03627,697.96869,248.26427,195.8174,654.3385,298.56393,163.73207,638.74384,318.11734,121.15704,604.42377
1145,9.533,177.2758,217.79649,632.7804,162.11871,169.80342,652.91113,193.37135,154.40364,676.34351,220.25616,117.07307,698.25372,248.28473,195.97693,654.47388,298.22745,163.8775,638.82562,318.11734,121.15704,604.42377
1146,9.542,177.2758,217.79649,632.7804,162.11871,169.80342,652.91113,193.37135,154.40364,676.34351,220.25616,117.07307,698.25372,248.28473,195.97693,654.47388,298.4017,163.22385,638.75891,318.11734,121.15704,604.42377
1147,9.55,177.2758,217.79649,632.7804,162.11871,169.80342,652.91113,193.10686,153.92984,676.71417,221.05084,116.75894,697.74084,248.41832,195.46552,654.66833,298.68417,163.05681,638.65826,318.11734,121.15704,604.42377
1148,9.558,177.2758,217.79649,632.7804,162.11871,169.80342,652.91113,193.10686,153.92984,676.71417,220.472,117.01174,697.96967,248.41832,195.46552,654.66833,298.68417,163.05681,638.65826,317.93051,120.70617,604.64032
1149,9.567,177.2758,217.79649,632.7804,162.11871,169.80342,652.91113,193.10686,153.92984,676.71417,220.25616,117.07307,698.25372,248.41832,195.46552,654.66833,297.53494,162.58064,638.086,317.69525,120.52285,604.54907
1150,9.575,177.01712,217.03754,632.95258,162.11871,169.80342,652.91113,193.10686,153.92984,676.71417,220.25616,117.07307,698.25372,248.41832,195.46552,654.66833,297.53494,162.58064,638.086,317.69525,120.52285,604.54907
1151,9.583,177.36246,216.78435,632.95874,162.11871,169.80342,652.91113,193.10686,153.92984,676.71417,220.25616,117.07307,698.25372,248.25726,195.20654,654.21423,297.53494,162.58064,638.086,317.69525,120.52285,604.54907
1152,9.592,177.36246,216.78435,632.95874,162.11871,169.80342,652.91113,193.10686,153.92984,676.71417,220.6951,116.89677,698.37207,248.41832,195.46552,654.66833,297.53494,162.58064,638.086,317.69525,120.52285,604.54907
1153,9.6,177.49722,216.59987,633.03912,162.11871,169.80342,652.91113,193.10686,153.92984,676.71417,220.25616,117.07307,698.25372,248.41832,195.46552,654.66833,297.79239,162.33183,638.211,317.70331,120.46047,604.59515
1154,9.608,177.49722,216.59987,633.03912,162.11871,169.80342,652.91113,193.10686,153.92984,676.71417,220.25616,117.07307,698.25372,248.25726,195.20654,654.21423,297.79239,162.33183,638.211,317.65109,120.31904,604.70752
1155,9.617,177.7558,217.35912,632.86682,162.11871,169.80342,652.91113,193.10686,153.92984,676.71417,221.05084,116.75894,697.74084,248.16151,196.27737,654.06036,297.53494,162.58064,638.086,317.69525,120.52285,604.54907
1156,9.625,177.7558,217.35912,632.86682,162.11871,169.80342,652.91113,193.10686,153.92984,676.71417,220.12973,117.18325,697.96289,248.3739,196.16591,653.66901,297.53494,162.58064,638.086,317.69525,120.52285,604.54907
1157,9.633,177.7558,217.35912,632.86682,162.11871,169.80342,652.91113,193.10686,153.92984,676.71417,220.12973,117.18325,697.96289,248.59373,196.03049,653.98431,297.53494,162.58064,638.086,317.69525,120.52285,604.54907
1158,9.642,177.49722,216.59987,633.03912,161.69661,169.09729,652.466,193.82628,153.82016,676.9259,220.81415,116.83963,697.97638,248.59373,196.03049,653.98431,297.79239,162.33183,638.211,317.65109,120.31904,604.70752
1159,9.65,177.49722,216.59987,633.03912,162.11871,169.80342,652.91113,192.81491,153.61469,676.00922,220.472,117.01174,697.96967,248.408,196.01704,653.85419,297.83804,162.4127,637.96393,317.69525,120.52285,604.54907
1160,9.658,177.72781,216.41782,632.88263,161.69661,169.09729,652.466,193.79822,152.5946,675.91516,220.58611,116.95442,697.97192,248.55269,196.06517,653.70758,297.83804,162.4127,637.96393,317.8786,120.52273,604.33014
1161,9.667,177.98647,217.17708,632.71033,162.11871,169.80342,652.91113,193.79822,152.5946,675.91516,220.81415,116.83963,697.97638,248.55269,196.06517,653.70758,297.83804,162.4127,637.96393,317.8786,120.52273,604.33014
1162,9.675,177.98647,217.17708,632.71033,162.11871,169.80342,652.91113,193.79822,152.5946,675.91516,220.81415,116.83963,697.97638,248.46072,195.96642,653.80505,297.83804,162.4127,637.96393,317.8786,120.52273,604.33014
1163,9.683,177.98647,217.17708,632.71033,162.11871,169.80342,652.91113,193.79822,152.5946,675.91516,221.05084,116.75894,697.74084,248.55269,196.06517,653.70758,297.83804,162.4127,637.96393,317.8786,120.52273,604.33014
1164,9.692,177.98647,217.17708,632.71033,162.11871,169.80342,652.91113,194.20175,152.58009,675.89886,221.05084,116.75894,697.74084,248.7361,196.0228,653.69989,297.83804,162.4127,637.96393,317.8786,120.52273,604.33014
1165,9.7,177.98647,217.17708,632.71033,162.48152,169.76903,652.90057,194.20175,152.58009,675.89886,221.05084,116.75894,697.74084,248.55269,196.06517,653.70758,297.83804,162.4127,637.96393,317.8786,120.52273,604.33014
1166,9.708,177.98647,217.17708,632.71033,162.48152,169.76903,652.90057,194.20175,152.58009,675.89886,221.05084,116.75894,697.74084,248.67809,195.88049,653.82361,297.83804,162.4127,637.96393,317.8786,120.52273,604.33014
1167,9.717,177.98647,217.17708,632.71033,163.09186,170.03664,652.88898,194.20175,152.58009,675.89886,221.05084,116.75894,697.74084,248.7361,196.0228,653.69989,297.83804,162.4127,637.96393,317.8786,120.52273,604.33014
1168,9.725,177.98647,217.17708,632.71033,163.09186,170.03664,652.88898,194.20175,152.58009,675.89886,221.05084,116.75894,697.74084,249.03117,194.8228,653.83405,297.83804,162.4127,637.96393,317.8786,120.52273,604.33014
1169,9.733,177.98647,217.17708,632.71033,161.70561,170.88319,651.84784,194.20175,152.58009,675.89886,221.16861,116.73595,697.90094,248.91719,195.9514,653.71545,297.83804,162.4127,637.96393,317.9686,120.65604,604.08746
1170,9.742,178.16989,217.70279,632.69611,161.95441,170.62419,651.9765,194.20175,152.58009,675.89886,221.16861,116.73595,697.90094,248.91719,195.9514,653.71545,298.04556,162.19254,637.81671,317.9686,120.65604,604.08746
1171,9.75,178.16989,217.70279,632.69611,161.70561,170.88319,651.84784,194.20175,152.58009,675.89886,220.82457,116.88087,697.68829,249.08739,195.7574,653.56946,297.83804,162.4127,637.96393,317.9686,120.65604,604.08746
1172,9.758,178.16989,217.70279,632.69611,161.95441,170.62419,651.9765,194.20175,152.58009,675.89886,221.16313,116.72476,697.58502,248.91719,195.9514,653.71545,298.04556,162.19254,637.81671,317.9686,120.65604,604.08746
1173,9.767,178.16989,217.70279,632.69611,161.95441,170.62419,651.9765,194.20175,152.58009,675.89886,221.16313,116.72476,697.58502,249.08739,195.7574,653.56946,297.83804,162.4127,637.96393,317.9686,120.65604,604.08746
1174,9.775,178.16989,217.70279,632.69611,161.70561,170.88319,651.84784,194.20175,152.58009,675.89886,221.16313,116.72476,697.58502,249.08739,195.7574,653.56946,298.24899,162.09386,637.62189,317.9686,120.65604,604.08746
1175,9.783,178.16989,217.70279,632.69611,161.95441,170.62419,651.9765,194.20175,152.58009,675.89886,221.32689,116.69023,697.74597,249.08739,195.7574,653.56946,298.04556,162.19254,637.81671,317.9686,120.65604,604.08746
1176,9.792,178.16989,217.70279,632.69611,161.95441,170.62419,651.9765,194.20175,152.58009,675.89886,221.16313,116.72476,697.58502,249.08739,195.7574,653.56946,298.04556,162.19254,637.81671,317.9686,120.65604,604.08746
1177,9.8,177.98647,217.17708,632.71033,162.36006,171.01151,651.94452,194.20175,152.58009,675.89886,220.92392,116.60294,697.46368,249.08739,195.7574,653.56946,298.04556,162.19254,637.81671,317.9686,120.65604,604.08746
1178,9.808,178.18399,217.04243,632.93866,162.36006,171.01151,651.94452,194.20175,152.58009,675.89886,220.92392,116.60294,697.46368,249.08739,195.7574,653.56946,298.04556,162.19254,637.81671,317.9686,120.65604,604.08746
1179,9.817,178.18399,217.04243,632.93866,164.49236,169.46815,653.49457,194.20175,152.58009,675.89886,221.31395,116.44653,697.67719,249.2928,195.14824,653.67743,298.04556,162.19254,637.81671,318.24216,120.59258,603.95099
1180,9.825,178.18399,217.04243,632.93866,164.186,169.90147,653.16339,194.0468,151.21553,675.65356,221.24606,116.52327,697.46967,249.2928,195.14824,653.67743,298.33582,161.86809,637.54462,318.05405,120.47422,603.91388
1181,9.833,178.18399,217.04243,632.93866,164.49236,169.46815,653.49457,194.33528,151.46579,676.33527,221.32689,116.69023,697.74597,249.2928,195.14824,653.67743,298.13235,161.9668,637.7395,318.07193,120.17158,604.32825
1182,9.842,178.18399,217.04243,632.93866,162.49411,170.68571,652.10577,194.0468,151.21553,675.65356,221.1006,116.81216,697.69348,249.2596,195.04686,653.76367,298.13235,161.9668,637.7395,318.07193,120.17158,604.32825
1183,9.85,178.18399,217.04243,632.93866,162.49411,170.68571,652.10577,194.33528,151.46579,676.33527,221.31395,116.44653,697.67719,249.20784,195.06725,653.75922,298.04556,162.19254,637.81671,318.07193,120.17158,604.32825
1184,9.858,178.27504,216.81157,633.13403,161.95441,170.62419,651.9765,194.0468,151.21553,675.65356,221.32689,116.69023,697.74597,249.13652,195.26059,653.62445,298.04556,162.19254,637.81671,317.97867,120.19275,604.45007
1185,9.867,178.18399,217.04243,632.93866,162.08852,170.29842,652.13776,194.0468,151.21553,675.65356,221.1006,116.81216,697.69348,249.07419,194.89961,653.5,298.13235,161.9668,637.7395,318.07193,120.17158,604.32825
1186,9.875,178.18399,217.04243,632.93866,161.87646,169.68825,651.93597,194.33528,151.46579,676.33527,221.66,118.42141,697.85931,249.0042,195.06488,653.80615,298.04556,162.19254,637.81671,317.97867,120.19275,604.45007
1187,9.883,177.04103,213.9129,633.59491,161.87646,169.68825,651.93597,193.82405,151.06244,675.78271,221.15567,116.49227,697.83215,249.18781,194.70235,653.6286,298.13235,161.9668,637.7395,317.97867,120.19275,604.45007
1188,9.892,177.23883,213.77756,633.82367,161.69661,169.09729,652.466,193.82405,151.06244,675.78271,220.9294,116.61416,697.7796,249.0213,194.79973,653.5896,297.86972,161.44826,637.52753,317.97867,120.19275,604.45007
1189,9.9,177.23883,213.77756,633.82367,162.53427,169.27115,652.44641,194.11258,151.31267,676.46442,221.15567,116.49227,697.83215,248.84224,194.81793,653.61523,298.04453,161.24738,637.63916,318.03409,119.9433,604.63202
1190,9.908,177.14766,214.00908,633.62823,161.69661,169.09729,652.466,194.11258,151.31267,676.46442,221.03787,116.51525,697.67206,248.73422,194.50069,653.60651,298.77127,161.42227,638.23657,317.97867,120.19275,604.45007
1191,9.917,177.23883,213.77756,633.82367,161.87537,167.96918,653.01776,193.05186,149.34427,675.98584,221.05084,116.75894,697.74084,248.60522,194.65981,654.0293,298.77499,161.36847,638.27747,318.03409,119.9433,604.63202
1192,9.925,178.22964,216.66939,633.47394,161.69661,169.09729,652.466,193.05186,149.34427,675.98584,221.54401,118.16583,697.88983,248.40305,194.59348,654.05463,298.65186,161.3037,638.35309,318.03409,119.9433,604.63202
1193,9.933,177.81886,216.1869,633.07794,161.34161,167.36287,652.70459,193.05186,149.34427,675.98584,221.22343,118.02876,698.13458,248.43839,194.44469,653.88318,298.65186,161.3037,638.35309,317.77469,119.88886,604.6441
1194,9.942,178.01649,216.05199,633.30646,161.25888,168.43808,652.07196,193.05186,149.34427,675.98584,221.03787,116.51525,697.67206,248.40305,194.59348,654.05463,298.48837,161.51401,638.50104,318.03409,119.9433,604.63202
1195,9.95,177.58829,216.36896,633.23444,161.34161,167.36287,652.70459,193.05186,149.34427,675.98584,220.81161,116.63714,697.61951,248.34309,194.01071,654.29431,298.48837,161.51401,638.50104,317.82928,119.70535,604.77661
1196,9.958,177.58829,216.36896,633.23444,161.34161,167.36287,652.70459,193.05186,149.34427,675.98584,220.77759,115.87086,697.70007,248.43839,194.44469,653.88318,298.48837,161.51401,638.50104,317.77469,119.88886,604.6441
1197,9.967,177.67928,216.13834,633.42981,161.23628,167.43703,652.35187,193.05186,149.34427,675.98584,220.34445,116.47639,697.58142,248.43839,194.44469,653.88318,298.5647,161.64647,638.38263,317.48636,120.14094,604.68457
1198,9.975,177.67928,216.13834,633.42981,161.16264,168.49092,652.15271,193.05186,149.34427,675.98584,220.0089,115.89966,697.84338,248.40305,194.59348,654.05463,298.48837,161.51401,638.50104,317.62271,119.95991,604.60718
1199,9.983,177.63707,216.00575,633.3454,161.34161,167.36287,652.70459,192.68102,150.18213,676.1687,219.88171,115.99615,697.32269,248.33197,194.5517,653.83197,298.23343,161.65155,638.61945,317.4682,119.98791,604.80194
1200,9.992,177.52612,215.93866,633.43652,161.34161,167.36287,652.70459,193.05186,149.34427,675.98584,219.79266,116.03247,698.14709,248.34309,194.01071,654.29431,298.23343,161.65155,638.61945,317.4682,119.98791,604.80194
1201,10,177.43941,216.14064,633.11688,161.34161,167.36287,652.70459,192.33131,149.45401,675.77368,220.37436,115.66003,697.85406,248.30777,194.15948,654.4657,298.23343,161.65155,638.61945,317.4682,119.98791,604.80194
1202,10.008,177.61716,215.70792,633.63202,161.34161,167.36287,652.70459,192.07083,150.23128,676.00403,219.88171,115.99615,697.32269,248.21785,193.39185,654.34656,298.23343,161.65155,638.61945,317.4458,119.75512,604.91083
1203,10.017,177.61716,215.70792,633.63202,161.34161,167.36287,652.70459,191.92892,150.36601,675.90186,219.63519,116.16335,697.05695,248.18404,193.52473,654.50922,298.23343,161.65155,638.61945,317.4682,119.98791,604.80194
1204,10.025,177.61716,215.70792,633.63202,161.16264,168.49092,652.15271,191.83122,150.14941,675.78625,219.42303,116.22244,697.82465,247.99034,193.49706,654.4693,298.1123,161.22026,638.56622,317.4458,119.75512,604.91083
1205,10.033,177.61716,215.70792,633.63202,161.16264,168.49092,652.15271,192.07083,150.23128,676.00403,219.27676,116.31786,697.82037,247.99034,193.49706,654.4693,298.1123,161.22026,638.56622,317.39166,120.2646,604.7196
1206,10.042,177.61716,215.70792,633.63202,161.34161,167.36287,652.70459,191.6893,150.28415,675.68402,219.66411,116.07175,697.5733,247.76247,193.53137,654.4834,298.15683,161.19452,638.61945,317.39166,120.2646,604.7196
1207,10.05,177.61716,215.70792,633.63202,160.91965,166.82681,652.20648,191.77728,149.80745,675.49048,220.14594,115.76851,697.07056,247.99034,193.49706,654.4693,298.1123,161.22026,638.56622,317.39166,120.2646,604.7196
1208,10.058,177.61716,215.70792,633.63202,161.03476,167.5477,652.52472,191.91922,149.6727,675.59271,219.16827,116.41377,696.78326,247.99034,193.49706,654.4693,298.1123,161.22026,638.56622,317.34436,120.38895,604.61133
1209,10.067,177.57643,215.58733,633.7345,161.05743,168.54869,652.24475,191.83122,150.14941,675.78625,219.77621,116.01947,696.67194,247.98126,194.23187,654.33234,298.1123,161.22026,638.56622,317.26108,120.63389,604.79657
1210,10.075,177.61716,215.70792,633.63202,161.03476,167.5477,652.52472,192.32249,149.55678,675.82269,219.99651,115.93565,696.67987,247.66469,193.79129,654.25073,298.23343,161.65155,638.61945,317.06473,120.6272,604.83362
1211,10.083,177.61716,215.70792,633.63202,161.03476,167.5477,652.52472,192.18056,149.69156,675.72046,219.77621,116.01947,696.67194,247.64404,195.276,654.63812,298.1123,161.22026,638.56622,317.26108,120.63389,604.79657
1212,10.092,177.57643,215.58733,633.7345,161.03476,167.5477,652.52472,192.18056,149.69156,675.72046,219.85187,115.9649,696.90686,248.16476,193.28062,654.54651,298.23343,161.65155,638.61945,317.26108,120.63389,604.79657
1213,10.1,177.61716,215.70792,633.63202,161.03476,167.5477,652.52472,191.83122,150.14941,675.78625,220.0089,115.89966,697.84338,248.38342,193.28392,654.60199,298.1123,161.22026,638.56622,317.26108,120.63389,604.79657
1214,10.108,177.61716,215.70792,633.63202,161.05743,168.54869,652.24475,192.07083,150.23128,676.00403,220.12541,115.83659,697.32983,248.42532,193.10805,654.42047,298.23343,161.65155,638.61945,317.26108,120.63389,604.79657
1215,10.117,177.61716,215.70792,633.63202,161.34161,167.36287,652.70459,192.32249,149.55678,675.82269,219.78641,116.05332,697.52661,248.12288,193.45647,654.72809,298.23343,161.65155,638.61945,317.51068,120.31834,604.40381
1216,10.125,177.61716,215.70792,633.63202,161.34161,167.36287,652.70459,192.32249,149.55678,675.82269,218.91162,116.61475,697.81097,248.23094,194.53152,654.56012,298.23343,161.65155,638.61945,317.4274,120.56333,604.58905
1217,10.133,177.61716,215.70792,633.63202,161.34161,167.36287,652.70459,192.24815,149.45979,675.39331,218.91162,116.61475,697.81097,248.23094,194.53152,654.56012,298.23343,161.65155,638.61945,317.51068,120.31834,604.40381
1218,10.142,177.80031,215.52016,633.48047,161.34161,167.36287,652.70459,192.24815,149.45979,675.39331,220.12541,115.83659,697.32983,248.38342,193.28392,654.60199,298.23343,161.65155,638.61945,317.49994,120.63777,604.36768
1219,10.15,177.80031,215.52016,633.48047,161.16264,168.49092,652.15271,192.10619,149.5945,675.29108,220.12541,115.83659,697.32983,248.38342,193.28392,654.60199,298.23343,161.65155,638.61945,317.58322,120.39277,604.18243
1220,10.158,177.80031,215.52016,633.48047,161.34161,167.36287,652.70459,192.24815,149.45979,675.39331,220.12541,115.83659,697.32983,248.38342,193.28392,654.60199,298.48837,161.51401,638.50104,317.49994,120.63777,604.36768
1221,10.167,177.80031,215.52016,633.48047,161.34161,167.36287,652.70459,192.24815,149.45979,675.39331,218.91162,116.61475,697.81097,248.38342,193.28392,654.60199,298.48837,161.51401,638.50104,317.58322,120.39277,604.18243
1222,10.175,177.80031,215.52016,633.48047,161.16264,168.49092,652.15271,192.24815,149.45979,675.39331,220.3889,115.60251,699.40472,248.38342,193.28392,654.60199,298.48837,161.51401,638.50104,317.49994,120.63777,604.36768
1223,10.183,177.80031,215.52016,633.48047,161.16264,168.49092,652.15271,192.24815,149.45979,675.39331,220.37117,115.67022,697.54388,248.38342,193.28392,654.60199,298.23343,161.65155,638.61945,317.49994,120.63777,604.36768
1224,10.192,177.61716,215.70792,633.63202,161.34161,167.36287,652.70459,191.84486,149.57564,675.16333,220.36977,115.67446,697.41095,248.38342,193.28392,654.60199,298.23343,161.65155,638.61945,317.49994,120.63777,604.36768
1225,10.2,177.75957,215.39957,633.58301,161.34161,167.36287,652.70459,192.24815,149.45979,675.39331,220.36977,115.67446,697.41095,248.12288,193.45647,654.72809,298.23343,161.65155,638.61945,317.49994,120.63777,604.36768
1226,10.208,177.57643,215.58733,633.7345,161.34161,167.36287,652.70459,192.10619,149.5945,675.29108,220.3889,115.60251,699.40472,248.38342,193.28392,654.60199,298.23343,161.65155,638.61945,317.58322,120.39277,604.18243
1227,10.217,177.57643,215.58733,633.7345,161.34161,167.36287,652.70459,191.7029,149.71033,675.06104,220.16856,115.68636,699.39679,248.21707,193.9724,654.28387,298.23343,161.65155,638.61945,317.4274,120.56333,604.58905
1228,10.225,177.37871,215.7224,633.50598,161.34161,167.36287,652.70459,191.7029,149.71033,675.06104,219.77621,116.01947,696.67194,248.12288,193.45647,654.72809,298.23343,161.65155,638.61945,317.4274,120.56333,604.58905
1229,10.233,177.37871,215.7224,633.50598,161.34161,167.36287,652.70459,191.7029,149.71033,675.06104,220.23654,115.69751,696.86865,247.93681,193.60431,654.67047,298.23343,161.65155,638.61945,317.4274,120.56333,604.58905
1230,10.242,177.37871,215.7224,633.50598,161.16264,168.49092,652.15271,191.7029,149.71033,675.06104,220.25916,115.61542,699.19476,247.93681,193.60431,654.67047,298.17566,161.88383,638.70135,317.4274,120.56333,604.58905
1231,10.25,177.37871,215.7224,633.50598,161.34161,167.36287,652.70459,191.7029,149.71033,675.06104,219.65672,116.06615,697.31677,247.93681,193.60431,654.67047,298.23343,161.65155,638.61945,317.31161,120.78143,604.44714
1232,10.258,177.37871,215.7224,633.50598,161.34161,167.36287,652.70459,191.61493,150.18709,675.2547,219.86682,115.94847,696.47003,247.78531,193.82542,654.55231,297.70718,161.97862,638.53064,317.02905,120.78819,604.48718
1233,10.267,177.37871,215.7224,633.50598,161.34161,167.36287,652.70459,191.7029,149.71033,675.06104,219.53755,115.65512,697.52637,247.93681,193.60431,654.67047,297.70718,161.97862,638.53064,317.4274,120.56333,604.58905
1234,10.275,177.37871,215.7224,633.50598,161.34161,167.36287,652.70459,191.61493,150.18709,675.2547,219.51364,116.15147,697.62274,247.58588,195.67693,653.89044,297.64938,162.21094,638.61261,317.26883,120.78499,604.45148
1235,10.283,177.37871,215.7224,633.50598,161.16264,168.49092,652.15271,191.61493,150.18709,675.2547,219.74586,115.52409,696.61902,247.68591,195.60626,654.19958,297.64938,162.21094,638.61261,316.87051,121.0097,604.34967
1236,10.292,177.03314,215.97592,633.49976,161.34161,167.36287,652.70459,191.61493,150.18709,675.2547,219.67813,115.47189,696.7218,247.58588,195.67693,653.89044,297.564,162.27295,638.724,316.9133,121.00616,604.34528
1237,10.3,177.03314,215.97592,633.49976,161.16264,168.49092,652.15271,191.61493,150.18709,675.2547,218.96523,115.95547,697.52502,247.6888,193.9099,654.22449,297.564,162.27295,638.724,316.75046,121.22819,604.20825
1238,10.308,177.03314,215.97592,633.49976,161.05606,167.77458,651.57239,191.61493,150.18709,675.2547,219.35249,115.70938,697.27795,247.78531,193.82542,654.55231,297.34552,162.35675,638.70422,316.75046,121.22819,604.20825
1239,10.317,176.85117,216.43732,633.10901,161.05606,167.77458,651.57239,191.61493,150.18709,675.2547,219.27992,118.1111,697.44666,247.6888,193.9099,654.22449,297.34552,162.35675,638.70422,316.75046,121.22819,604.20825
1240,10.325,176.9422,216.20647,633.30432,161.16264,168.49092,652.15271,191.27286,150.16386,674.95764,218.82649,116.02498,696.82599,247.58588,195.67693,653.89044,297.34552,162.35675,638.70422,316.75046,121.22819,604.20825
1241,10.333,176.9422,216.20647,633.30432,161.05606,167.77458,651.57239,191.27286,150.16386,674.95764,218.94145,115.96526,696.18329,247.58588,195.67693,653.89044,297.34552,162.35675,638.70422,316.75046,121.22819,604.20825
1242,10.342,176.9422,216.20647,633.30432,159.69717,169.37384,651.43024,191.61493,150.18709,675.2547,219.0499,115.86932,697.22021,247.58588,195.67693,653.89044,297.34552,162.35675,638.70422,316.75046,121.22819,604.20825
1243,10.35,176.85117,216.43732,633.10901,159.58159,168.65273,651.11151,191.27286,150.16386,674.95764,218.82649,116.02498,696.82599,247.58588,195.67693,653.89044,297.34552,162.35675,638.70422,316.75046,121.22819,604.20825
1244,10.358,176.85117,216.43732,633.10901,159.69717,169.37384,651.43024,191.27286,150.16386,674.95764,218.82649,116.02498,696.82599,247.6888,193.9099,654.22449,297.34552,162.35675,638.70422,316.75046,121.22819,604.20825
1245,10.367,176.85117,216.43732,633.10901,159.69717,169.37384,651.43024,191.27286,150.16386,674.95764,218.82649,116.02498,696.82599,247.6888,193.9099,654.22449,297.34552,162.35675,638.70422,316.75046,121.22819,604.20825
1246,10.375,176.89194,216.55777,633.00653,159.69717,169.37384,651.43024,191.27286,150.16386,674.95764,219.16179,116.32536,697.61102,247.58588,195.67693,653.89044,297.34552,162.35675,638.70422,316.75046,121.22819,604.20825
1247,10.383,176.89194,216.55777,633.00653,161.16264,168.49092,652.15271,191.61493,150.18709,675.2547,219.16179,116.32536,697.61102,247.58588,195.67693,653.89044,297.34552,162.35675,638.70422,316.81848,121.33899,604.1156
1248,10.392,176.89194,216.55777,633.00653,161.05606,167.77458,651.57239,191.61493,150.18709,675.2547,218.93834,116.481,697.21674,247.68591,195.60626,654.19958,297.34552,162.35675,638.70422,316.81848,121.33899,604.1156
1249,10.4,176.89194,216.55777,633.00653,161.05606,167.77458,651.57239,191.61493,150.18709,675.2547,219.54912,116.07926,697.36395,247.7831,194.42535,653.78052,297.34552,162.35675,638.70422,317.21674,121.1144,604.21741
1250,10.408,176.89194,216.55777,633.00653,161.16264,168.49092,652.15271,191.40703,150.8784,675.46826,219.27676,116.31786,697.82037,247.7831,194.42535,653.78052,297.34552,162.35675,638.70422,317.21674,121.1144,604.21741
1251,10.417,176.89194,216.55777,633.00653,161.16264,168.49092,652.15271,191.40703,150.8784,675.46826,219.77621,116.01947,696.67194,247.87953,194.34116,654.10822,297.564,162.27295,638.724,317.37009,120.92554,604.33148
1252,10.425,176.89194,216.55777,633.00653,161.16264,168.49092,652.15271,191.61493,150.18709,675.2547,219.27676,116.31786,697.82037,247.68591,195.60626,654.19958,297.564,162.27295,638.724,317.21674,121.1144,604.21741
1253,10.433,176.89194,216.55777,633.00653,161.16264,168.49092,652.15271,191.61493,150.18709,675.2547,219.16827,116.41377,696.78326,247.87953,194.34116,654.10822,297.564,162.27295,638.724,317.21674,121.1144,604.21741
1254,10.442,176.89194,216.55777,633.00653,161.16264,168.49092,652.15271,191.61493,150.18709,675.2547,219.16827,116.41377,696.78326,247.87953,194.34116,654.10822,297.564,162.27295,638.724,317.28925,121.18877,603.99603
1255,10.45,176.89194,216.55777,633.00653,161.16264,168.49092,652.15271,191.40703,150.8784,675.46826,220.25833,117.92965,697.04425,247.87953,194.34116,654.10822,298.14996,162.70276,639.15369,317.21674,121.1144,604.21741
1256,10.458,176.89194,216.55777,633.00653,161.16264,168.49092,652.15271,191.40703,150.8784,675.46826,220.14944,115.7583,697.40302,247.87953,194.34116,654.10822,298.14996,162.70276,639.15369,317.32114,120.90475,604.35474
1257,10.467,177.23737,216.30449,633.0127,161.59319,168.23012,652.46472,191.40703,150.8784,675.46826,220.16856,115.68636,699.39679,247.87953,194.34116,654.10822,298.23535,162.64078,639.0423,317.44263,120.99993,604.11011
1258,10.475,177.23737,216.30449,633.0127,161.16264,168.49092,652.15271,191.61493,150.18709,675.2547,220.16856,115.68636,699.39679,248.15741,195.1142,654.6123,298.23535,162.64078,639.0423,317.28925,121.18877,603.99603
1259,10.483,177.23737,216.30449,633.0127,161.59319,168.23012,652.46472,191.61493,150.18709,675.2547,219.77621,116.01947,696.67194,247.87953,194.34116,654.10822,297.94965,162.0304,638.80621,317.54263,120.78847,604.24963
1260,10.492,177.23737,216.30449,633.0127,161.16264,168.49092,652.15271,191.40703,150.8784,675.46826,219.77621,116.01947,696.67194,247.87953,194.34116,654.10822,297.94965,162.0304,638.80621,317.22739,121.04979,604.34088
1261,10.5,177.23737,216.30449,633.0127,161.16264,168.49092,652.15271,191.61493,150.18709,675.2547,220.16856,115.68636,699.39679,247.81219,196.03984,654.25342,297.86426,162.09242,638.9176,317.591,120.80876,604.68121
1262,10.508,177.23737,216.30449,633.0127,161.16264,168.49092,652.15271,191.61493,150.18709,675.2547,220.16856,115.68636,699.39679,248.0406,194.60019,654.56238,298.4614,162.49423,638.9375,317.30377,120.78465,604.67853
1263,10.517,177.23737,216.30449,633.0127,161.16264,168.49092,652.15271,191.61493,150.18709,675.2547,219.77621,116.01947,696.67194,247.70628,195.28021,654.59625,298.23535,162.64078,639.0423,317.37631,120.85913,604.45715
1264,10.525,177.23737,216.30449,633.0127,161.16264,168.49092,652.15271,191.61493,150.18709,675.2547,219.77621,116.01947,696.67194,247.70628,195.28021,654.59625,298.4614,162.49423,638.9375,317.30377,120.78465,604.67853
1265,10.533,177.34833,216.37154,632.92157,161.16264,168.49092,652.15271,191.61493,150.18709,675.2547,219.16827,116.41377,696.78326,247.60631,196.43819,654.29395,298.17566,161.88383,638.70135,317.26108,120.63389,604.79657
1266,10.542,177.34833,216.37154,632.92157,161.16264,168.49092,652.15271,191.61493,150.18709,675.2547,219.16827,116.41377,696.78326,247.68369,193.91212,654.48041,298.17566,161.88383,638.70135,317.26108,120.63389,604.79657
1267,10.55,177.34833,216.37154,632.92157,161.16264,168.49092,652.15271,191.61493,150.18709,675.2547,219.90512,115.92041,697.3219,247.73071,195.29312,654.70557,298.17566,161.88383,638.70135,317.39166,120.2646,604.7196
1268,10.558,177.34833,216.37154,632.92157,161.16264,168.49092,652.15271,191.61493,150.18709,675.2547,220.16856,115.68636,699.39679,247.68369,193.91212,654.48041,298.17566,161.88383,638.70135,317.39166,120.2646,604.7196
1269,10.567,177.34833,216.37154,632.92157,161.16264,168.49092,652.15271,192.02956,149.39398,675.12732,219.66411,116.07175,697.5733,248.00423,194.93224,654.05157,298.17566,161.88383,638.70135,317.39166,120.2646,604.7196
1270,10.575,177.34833,216.37154,632.92157,161.16264,168.49092,652.15271,191.61493,150.18709,675.2547,219.77621,116.01947,696.67194,247.81648,194.39294,654.06226,298.17566,161.88383,638.70135,317.39166,120.2646,604.7196
1271,10.583,177.34833,216.37154,632.92157,161.05606,167.77458,651.57239,191.61493,150.18709,675.2547,219.27676,116.31786,697.82037,247.81648,194.39294,654.06226,298.17566,161.88383,638.70135,317.39166,120.2646,604.7196
1272,10.592,177.34833,216.37154,632.92157,161.16264,168.49092,652.15271,191.61493,150.18709,675.2547,219.16827,116.41377,696.78326,247.82355,194.19191,654.6745,298.21634,161.8456,638.98218,317.39166,120.2646,604.7196
1273,10.6,177.34833,216.37154,632.92157,161.05606,167.77458,651.57239,191.61493,150.18709,675.2547,219.27676,116.31786,697.82037,247.68369,193.91212,654.48041,297.94965,162.0304,638.80621,317.39166,120.2646,604.7196
1274,10.608,177.34833,216.37154,632.92157,161.05606,167.77458,651.57239,191.61493,150.18709,675.2547,219.15424,116.5935,697.46814,247.68369,193.91212,654.48041,298.21634,161.8456,638.98218,317.39166,120.2646,604.7196
1275,10.617,177.34833,216.37154,632.92157,161.05606,167.77458,651.57239,191.61493,150.18709,675.2547,219.0459,116.21251,697.34454,247.68369,193.91212,654.48041,297.99036,161.99214,639.08698,317.39166,120.2646,604.7196
1276,10.625,177.34833,216.37154,632.92157,161.05606,167.77458,651.57239,191.61493,150.18709,675.2547,219.29375,116.24962,696.86047,247.68369,193.91212,654.48041,297.99036,161.99214,639.08698,317.54361,120.19359,604.75653
1277,10.633,177.34833,216.37154,632.92157,161.16264,168.49092,652.15271,191.61493,150.18709,675.2547,219.78087,115.85276,697.83081,247.81648,194.39294,654.06226,297.90494,162.05414,639.19836,317.58127,120.14717,604.9502
1278,10.642,177.34833,216.37154,632.92157,161.05606,167.77458,651.57239,191.61493,150.18709,675.2547,219.48764,115.99969,697.82501,247.81648,194.39294,654.06226,297.99036,161.99214,639.08698,317.54361,120.19359,604.75653
1279,10.65,177.34833,216.37154,632.92157,161.05606,167.77458,651.57239,192.02956,149.39398,675.12732,219.48764,115.99969,697.82501,247.87953,194.34116,654.10822,297.99036,161.99214,639.08698,317.80304,120.24802,604.74445
1280,10.658,177.23737,216.30449,633.0127,161.05606,167.77458,651.57239,192.02956,149.39398,675.12732,219.36111,116.10938,697.5343,247.78531,193.82542,654.55231,297.90494,162.05414,639.19836,317.73322,120.07611,604.98712
1281,10.667,177.23737,216.30449,633.0127,161.16264,168.49092,652.15271,191.61493,150.18709,675.2547,219.36111,116.10938,697.5343,247.68369,193.91212,654.48041,297.90494,162.05414,639.19836,317.73322,120.07611,604.98712
1282,10.675,177.23737,216.30449,633.0127,161.05606,167.77458,651.57239,191.61493,150.18709,675.2547,219.73297,115.95396,697.34955,247.68369,193.91212,654.48041,297.90494,162.05414,639.19836,317.73322,120.07611,604.98712
1283,10.683,177.23737,216.30449,633.0127,161.05606,167.77458,651.57239,191.61493,150.18709,675.2547,219.614,115.88954,698.11572,247.81648,194.39294,654.06226,297.90494,162.05414,639.19836,317.73322,120.07611,604.98712
1284,10.692,177.23737,216.30449,633.0127,161.05606,167.77458,651.57239,191.40703,150.8784,675.46826,219.36111,116.10938,697.5343,247.81648,194.39294,654.06226,297.90494,162.05414,639.19836,317.99261,120.13053,604.97504
1285,10.7,176.27922,213.509,633.46722,161.05606,167.77458,651.57239,191.61493,150.18709,675.2547,219.62694,116.13342,698.18457,247.81648,194.39294,654.06226,298.19067,162.6644,639.43439,317.99261,120.13053,604.97504
1286,10.708,176.16829,212.33144,633.64307,161.05606,167.77458,651.57239,191.40703,150.8784,675.46826,219.36111,116.10938,697.5343,247.81648,194.39294,654.06226,298.19067,162.6644,639.43439,317.73322,120.07611,604.98712
1287,10.717,177.34833,216.37154,632.92157,161.05606,167.77458,651.57239,191.40703,150.8784,675.46826,219.50056,116.24358,697.89386,247.81648,194.39294,654.06226,298.19067,162.6644,639.43439,317.99261,120.13053,604.97504
1288,10.725,177.34833,216.37154,632.92157,161.16264,168.49092,652.15271,191.40703,150.8784,675.46826,219.50056,116.24358,697.89386,247.81648,194.39294,654.06226,297.90494,162.05414,639.19836,317.99261,120.13053,604.97504
1289,10.733,176.57327,212.28055,633.20117,161.05606,167.77458,651.57239,191.76985,150.37143,675.45764,219.73729,116.16369,697.65839,247.87953,194.34116,654.10822,297.90494,162.05414,639.19836,317.99261,120.13053,604.97504
1290,10.742,176.57327,212.28055,633.20117,161.05606,167.77458,651.57239,191.40703,150.8784,675.46826,219.63397,116.99751,697.57513,247.81648,194.39294,654.06226,298.14996,162.70276,639.15369,317.99261,120.13053,604.97504
1291,10.75,176.57327,212.28055,633.20117,161.16264,168.49092,652.15271,191.40703,150.8784,675.46826,220.2198,118.39226,698.06781,247.9503,194.84343,654.0907,298.14996,162.70276,639.15369,317.99261,120.13053,604.97504
1292,10.758,176.57327,212.28055,633.20117,160.03918,168.38206,651.17194,191.58885,151.93895,675.56818,219.76054,116.88779,697.86591,247.9503,194.84343,654.0907,298.14996,162.70276,639.15369,317.99261,120.13053,604.97504
1293,10.767,176.57327,212.28055,633.20117,160.03918,168.38206,651.17194,191.61493,150.18709,675.2547,219.76054,116.88779,697.86591,247.9503,194.84343,654.0907,298.14996,162.70276,639.15369,317.80304,120.24802,604.74445
1294,10.775,176.28508,211.03404,633.48022,160.03918,168.38206,651.17194,191.76985,150.37143,675.45764,219.88695,116.7776,698.15674,247.99635,194.85524,654.1582,298.14996,162.70276,639.15369,317.80304,120.24802,604.74445
1295,10.783,176.57327,212.28055,633.20117,160.15463,169.10323,651.4906,191.61493,150.18709,675.2547,219.04918,117.12405,698.57257,247.81648,194.39294,654.06226,298.14996,162.70276,639.15369,317.99261,120.13053,604.97504
1296,10.792,176.57327,212.28055,633.20117,160.15463,169.10323,651.4906,191.79684,151.24788,675.35468,219.63397,116.99751,697.57513,247.9503,194.84343,654.0907,298.14996,162.70276,639.15369,317.80304,120.24802,604.74445
1297,10.8,176.57327,212.28055,633.20117,160.03918,168.38206,651.17194,191.40703,150.8784,675.46826,220.006,116.84208,697.39026,247.9503,194.84343,654.0907,298.14996,162.70276,639.15369,317.99261,120.13053,604.97504
1298,10.808,176.57327,212.28055,633.20117,160.03918,168.38206,651.17194,191.58885,151.93895,675.56818,219.92281,117.23532,697.95905,247.9503,194.84343,654.0907,298.14996,162.70276,639.15369,318.19247,120.31792,605.06708
1299,10.817,176.57327,212.28055,633.20117,160.03918,168.38206,651.17194,191.58885,151.93895,675.56818,219.88695,116.7776,698.15674,247.9503,194.84343,654.0907,298.14996,162.70276,639.15369,318.19247,120.31792,605.06708
1300,10.825,176.57327,212.28055,633.20117,160.15463,169.10323,651.4906,191.61493,150.18709,675.2547,219.76054,116.88779,697.86591,247.9503,194.84343,654.0907,297.36758,162.51379,638.49579,318.19247,120.31792,605.06708
1301,10.833,176.57327,212.28055,633.20117,160.03918,168.38206,651.17194,191.79684,151.24788,675.35468,220.17116,116.68194,697.87402,247.88179,194.92389,653.79651,297.36758,162.51379,638.49579,318.19247,120.31792,605.06708
1302,10.842,176.57327,212.28055,633.20117,159.96663,168.43488,650.90063,191.92558,151.73703,675.70331,219.21133,117.47165,698.66577,248.06053,195.1947,653.98022,297.36758,162.51379,638.49579,318.41577,120.26069,604.87958
1303,10.85,176.57327,212.28055,633.20117,160.15463,169.10323,651.4906,191.79684,151.24788,675.35468,220.25616,117.07307,698.25372,248.0352,195.1528,653.91895,297.36758,162.51379,638.49579,318.19247,120.31792,605.06708
1304,10.858,176.57327,212.28055,633.20117,159.96663,168.43488,650.90063,191.79684,151.24788,675.35468,220.04922,117.12515,698.24988,248.15852,194.78804,653.70239,297.36758,162.51379,638.49579,318.41577,120.26069,604.87958
1305,10.867,176.57327,212.28055,633.20117,160.08212,169.15611,651.21942,191.58885,151.93895,675.56818,219.92281,117.23532,697.95905,248.0352,195.1528,653.91895,297.36758,162.51379,638.49579,318.41577,120.26069,604.87958
1306,10.875,177.7558,217.35912,632.86682,160.08212,169.15611,651.21942,191.58885,151.93895,675.56818,220.35585,118.6599,698.15424,248.0352,195.1528,653.91895,297.36758,162.51379,638.49579,318.50278,120.55488,604.92426
1307,10.883,177.7558,217.35912,632.86682,159.96663,168.43488,650.90063,191.92558,151.73703,675.70331,220.1683,117.18958,697.48334,248.15691,195.11046,654.3078,297.36758,162.51379,638.49579,318.28326,120.69173,605.42059
1308,10.892,176.57327,212.28055,633.20117,161.82742,167.31345,651.98303,191.58885,151.93895,675.56818,220.26506,117.06383,697.96582,248.10368,195.07231,654.21307,297.34143,162.76758,638.67786,318.27954,120.61211,605.11176
1309,10.9,177.34833,216.37154,632.92157,159.96663,168.43488,650.90063,191.58885,151.93895,675.56818,220.00314,117.29295,697.67206,248.10368,195.07231,654.21307,297.34143,162.76758,638.67786,318.3703,120.986,605.46527
1310,10.908,177.34833,216.37154,632.92157,159.96663,168.43488,650.90063,191.76985,150.37143,675.45764,219.92281,117.23532,697.95905,248.15691,195.11046,654.3078,297.34143,162.76758,638.67786,318.3703,120.986,605.46527
1311,10.917,177.34833,216.37154,632.92157,160.86774,167.90503,651.01935,191.58885,151.93895,675.56818,219.79622,117.34502,697.66821,248.10368,195.07231,654.21307,297.36758,162.51379,638.49579,318.3703,120.986,605.46527
1312,10.925,175.93347,213.76282,633.461,160.86774,167.90503,651.01935,191.58885,151.93895,675.56818,220.22435,118.77543,697.87878,247.9503,194.84343,654.0907,297.36758,162.51379,638.49579,318.27954,120.61211,605.11176
1313,10.933,177.02032,216.9303,633.07281,160.03918,168.38206,651.17194,191.58885,151.93895,675.56818,219.79622,117.34502,697.66821,247.9503,194.84343,654.0907,297.34143,162.76758,638.67786,318.27954,120.61211,605.11176
1314,10.942,176.89194,216.55777,633.00653,159.96663,168.43488,650.90063,191.92558,151.73703,675.70331,219.63397,116.99751,697.57513,247.99635,194.85524,654.1582,297.34143,162.76758,638.67786,318.3703,120.986,605.46527
1315,10.95,176.89194,216.55777,633.00653,159.96663,168.43488,650.90063,191.40703,150.8784,675.46826,219.59335,117.45773,697.5921,247.9503,194.84343,654.0907,298.14465,162.97946,639.34564,318.3703,120.986,605.46527
1316,10.958,176.89194,216.55777,633.00653,160.08212,169.15611,651.21942,191.40703,150.8784,675.46826,219.43114,117.11022,697.49902,247.9503,194.84343,654.0907,298.14996,162.70276,639.15369,318.3703,120.986,605.46527
1317,10.967,176.89194,216.55777,633.00653,159.96663,168.43488,650.90063,191.58885,151.93895,675.56818,219.63397,116.99751,697.57513,247.9503,194.84343,654.0907,298.14996,162.70276,639.15369,318.27954,120.61211,605.11176
1318,10.975,176.89194,216.55777,633.00653,160.03918,168.38206,651.17194,191.58885,151.93895,675.56818,219.43114,117.11022,697.49902,247.81648,194.39294,654.06226,298.14996,162.70276,639.15369,318.27954,120.61211,605.11176
1319,10.983,176.77472,216.73373,632.92542,160.03918,168.38206,651.17194,191.58885,151.93895,675.56818,219.67859,118.12057,697.7431,247.9503,194.84343,654.0907,298.19067,162.6644,639.43439,318.21375,120.65314,605.27747
1320,10.992,176.77472,216.73373,632.92542,160.00525,168.39455,651.37097,191.92558,151.73703,675.70331,219.17125,116.46598,697.5271,247.87953,194.34116,654.10822,298.19067,162.6644,639.43439,318.19247,120.31792,605.06708
1321,11,176.77472,216.73373,632.92542,160.00525,168.39455,651.37097,191.58885,151.93895,675.56818,219.37402,116.35326,697.60315,247.81648,194.39294,654.06226,298.18533,162.94107,639.62628,317.84067,120.20159,604.93811
1322,11.008,176.89194,216.55777,633.00653,159.58159,168.65273,651.11151,191.92558,151.73703,675.70331,219.37402,116.35326,697.60315,247.87953,194.34116,654.10822,298.19067,162.6644,639.43439,317.58127,120.14717,604.9502
1323,11.017,176.76717,214.86331,632.89813,160.12068,169.11562,651.68958,191.40703,150.8784,675.46826,219.17125,116.46598,697.5271,247.68369,193.91212,654.48041,298.19067,162.6644,639.43439,317.84067,120.20159,604.93811
1324,11.025,176.53043,216.36238,632.80951,160.00525,168.39455,651.37097,191.40703,150.8784,675.46826,219.03448,116.44518,697.53363,247.68369,193.91212,654.48041,297.68646,162.13803,639.17853,317.58127,120.14717,604.9502
1325,11.033,176.76717,214.86331,632.89813,159.58159,168.65273,651.11151,191.58885,151.93895,675.56818,219.03448,116.44518,697.53363,247.68369,193.91212,654.48041,297.89963,162.33081,639.39026,317.58127,120.14717,604.9502
1326,11.042,176.76717,214.86331,632.89813,159.58159,168.65273,651.11151,191.07332,150.98637,675.69965,219.03448,116.44518,697.53363,247.55724,193.90196,654.51184,297.68646,162.13803,639.17853,317.58127,120.14717,604.9502
1327,11.05,176.64764,216.18639,632.89069,159.58159,168.65273,651.11151,191.40703,150.8784,675.46826,219.03448,116.44518,697.53363,247.55724,193.90196,654.51184,297.68646,162.13803,639.17853,317.58127,120.14717,604.9502
1328,11.058,176.64764,216.18639,632.89069,159.58159,168.65273,651.11151,191.07332,150.98637,675.69965,219.23724,116.33247,697.60968,247.55724,193.90196,654.51184,297.9722,162.74828,639.41455,317.58127,120.14717,604.9502
1329,11.067,176.53043,216.36238,632.80951,159.69717,169.37384,651.43024,190.73257,150.98509,675.49078,219.36111,116.10938,697.5343,247.2209,194.09561,654.43561,297.68115,162.41469,639.37048,317.58127,120.14717,604.9502
1330,11.075,176.64764,216.18639,632.89069,160.00525,168.39455,651.37097,191.40703,150.8784,675.46826,219.36111,116.10938,697.5343,247.55724,193.90196,654.51184,297.68646,162.13803,639.17853,317.58127,120.14717,604.9502
1331,11.083,176.53043,216.36238,632.80951,160.00525,168.39455,651.37097,191.07332,150.98637,675.69965,219.03448,116.44518,697.53363,247.55724,193.90196,654.51184,297.68646,162.13803,639.17853,317.58127,120.14717,604.9502
1332,11.092,176.77472,216.73373,632.92542,160.00525,168.39455,651.37097,191.07332,150.98637,675.69965,219.03448,116.44518,697.53363,247.55724,193.90196,654.51184,297.68646,162.13803,639.17853,317.58127,120.14717,604.9502
1333,11.1,176.89194,216.55777,633.00653,159.58159,168.65273,651.11151,191.07332,150.98637,675.69965,219.02159,116.20126,697.46478,247.55724,193.90196,654.51184,297.68646,162.13803,639.17853,317.39166,120.2646,604.7196
1334,11.108,176.77472,216.73373,632.92542,160.00525,168.39455,651.37097,191.07332,150.98637,675.69965,219.15836,116.22205,697.45825,247.2209,194.09561,654.43561,297.68646,162.13803,639.17853,317.58127,120.14717,604.9502
1335,11.117,176.89194,216.55777,633.00653,160.00525,168.39455,651.37097,191.40703,150.8784,675.46826,219.15836,116.22205,697.45825,247.69711,194.18173,654.70593,297.9722,162.74828,639.41455,317.65109,120.31904,604.70752
1336,11.125,176.89194,216.55777,633.00653,160.00525,168.39455,651.37097,191.40703,150.8784,675.46826,219.15836,116.22205,697.45825,247.69711,194.18173,654.70593,297.9722,162.74828,639.41455,317.58127,120.14717,604.9502
1337,11.133,176.89194,216.55777,633.00653,160.00525,168.39455,651.37097,191.40703,150.8784,675.46826,219.15836,116.22205,697.45825,247.82355,194.19191,654.6745,297.90494,162.05414,639.19836,317.65109,120.31904,604.70752
1338,11.142,176.89194,216.55777,633.00653,160.00525,168.39455,651.37097,191.76985,150.37143,675.45764,219.15836,116.22205,697.45825,247.78531,193.82542,654.55231,297.68646,162.13803,639.17853,317.84067,120.20159,604.93811
1339,11.15,176.89194,216.55777,633.00653,160.00525,168.39455,651.37097,191.40703,150.8784,675.46826,219.36111,116.10938,697.5343,247.68369,193.91212,654.48041,297.68646,162.13803,639.17853,317.84067,120.20159,604.93811
1340,11.158,176.89194,216.55777,633.00653,160.00525,168.39455,651.37097,191.40703,150.8784,675.46826,219.15836,116.22205,697.45825,247.82355,194.19191,654.6745,297.9722,162.74828,639.41455,317.84067,120.20159,604.93811
1341,11.167,176.89194,216.55777,633.00653,160.00525,168.39455,651.37097,191.40703,150.8784,675.46826,219.6788,117.92144,697.68158,247.82355,194.19191,654.6745,298.19067,162.6644,639.43439,318.12762,120.68317,605.07483
1342,11.175,176.89194,216.55777,633.00653,160.00525,168.39455,651.37097,191.40703,150.8784,675.46826,219.17125,116.46598,697.5271,247.82355,194.19191,654.6745,297.9722,162.74828,639.41455,318.17981,120.82464,604.96246
1343,11.183,176.77472,216.73373,632.92542,160.00525,168.39455,651.37097,191.40703,150.8784,675.46826,219.15836,116.22205,697.45825,247.95735,194.64236,654.70294,297.9722,162.74828,639.41455,318.17981,120.82464,604.96246
1344,11.192,176.77472,216.73373,632.92542,160.00525,168.39455,651.37097,191.76985,150.37143,675.45764,219.15836,116.22205,697.45825,247.9296,194.1488,654.78186,297.9722,162.74828,639.41455,317.99033,120.94208,604.73193
1345,11.2,176.77472,216.73373,632.92542,160.00525,168.39455,651.37097,191.76985,150.37143,675.45764,219.36366,116.31201,697.89117,248.04639,194.66283,654.83179,297.96689,163.02495,639.60651,317.91876,121.12,604.60577
1346,11.208,176.77472,216.73373,632.92542,160.00525,168.39455,651.37097,191.58885,151.93895,675.56818,219.15836,116.22205,697.45825,247.82355,194.19191,654.6745,297.9722,162.74828,639.41455,317.99033,120.94208,604.73193
1347,11.217,176.77472,216.73373,632.92542,160.00525,168.39455,651.37097,191.92558,151.73703,675.70331,219.6236,116.95621,697.86322,248.04639,194.66283,654.83179,297.96689,163.02495,639.60651,317.87256,121.09496,604.6297
1348,11.225,176.77472,216.73373,632.92542,160.00525,168.39455,651.37097,191.58885,151.93895,675.56818,219.37402,116.35326,697.60315,247.9503,194.84343,654.0907,297.96689,163.02495,639.60651,317.79681,121.27066,604.5058
1349,11.233,176.77472,216.73373,632.92542,159.58159,168.65273,651.11151,191.76985,150.37143,675.45764,219.64015,117.72661,697.60858,247.59215,196.78404,654.45831,297.96689,163.02495,639.60651,317.79681,121.27066,604.5058
1350,11.242,176.77472,216.73373,632.92542,159.55986,168.67548,650.84698,191.40703,150.8784,675.46826,219.37402,116.35326,697.60315,248.09259,195.05597,654.48889,297.96167,163.30144,639.79852,317.82651,121.51615,604.68762
1351,11.25,176.77472,216.73373,632.92542,159.55986,168.67548,650.84698,191.76985,150.37143,675.45764,219.17125,116.46598,697.5271,248.01654,195.12584,654.63995,297.96689,163.02495,639.60651,317.75076,121.69183,604.56372
1352,11.258,176.42937,216.9872,632.91919,159.55986,168.67548,650.84698,191.50545,151.67909,675.33087,219.37402,116.35326,697.60315,247.45651,195.147,654.08783,297.60968,163.5101,639.62244,317.75076,121.69183,604.56372
1353,11.267,176.18504,216.61586,632.80328,159.55986,168.67548,650.84698,191.065,150.85516,675.17133,219.67859,118.12057,697.7431,247.48767,195.02686,654.04596,297.3949,164.00394,639.55286,317.75076,121.69183,604.56372
1354,11.275,176.18504,216.61586,632.80328,159.58159,168.65273,651.11151,191.50545,151.67909,675.33087,219.23724,116.33247,697.60968,247.45651,195.147,654.08783,297.3949,164.00394,639.55286,317.75076,121.69183,604.56372
1355,11.283,176.18504,216.61586,632.80328,159.55986,168.67548,650.84698,191.50545,151.67909,675.33087,219.03448,116.44518,697.53363,247.45651,195.147,654.08783,297.3949,164.00394,639.55286,317.75076,121.69183,604.56372
1356,11.292,176.00192,216.80348,632.95496,159.55986,168.67548,650.84698,191.065,150.85516,675.17133,219.03448,116.44518,697.53363,247.48767,195.02686,654.04596,297.40604,164.01416,639.25494,317.75076,121.69183,604.56372
1357,11.3,176.00192,216.80348,632.95496,159.55986,168.67548,650.84698,191.16832,152.15569,675.0899,219.03448,116.44518,697.53363,247.48767,195.02686,654.04596,297.40604,164.01416,639.25494,317.8299,121.77782,604.35797
1358,11.308,176.00192,216.80348,632.95496,159.67549,169.39668,651.16577,191.16832,152.15569,675.0899,219.19456,117.10737,697.31415,247.48767,195.02686,654.04596,297.40604,164.01416,639.25494,317.8299,121.77782,604.35797
1359,11.317,176.00192,216.80348,632.95496,159.55986,168.67548,650.84698,191.38339,151.95169,675.13562,218.93462,116.46307,697.34216,247.23627,195.3226,653.65381,297.40604,164.01416,639.25494,317.8299,121.77782,604.35797
1360,11.325,176.00192,216.80348,632.95496,159.67549,169.39668,651.16577,190.93494,152.21227,675.04675,218.93462,116.46307,697.34216,247.36646,195.20604,653.83777,297.47836,164.12663,639.32965,317.8299,121.77782,604.35797
1361,11.333,176.09921,215.86862,632.92346,159.55986,168.67548,650.84698,191.10748,152.04738,675.08276,219.19456,117.10737,697.31415,247.23627,195.3226,653.65381,297.40604,164.01416,639.25494,317.75076,121.69183,604.56372
1362,11.342,175.88094,216.45767,632.71686,159.55986,168.67548,650.84698,191.38339,151.95169,675.13562,219.39738,116.99465,697.3902,247.23627,195.3226,653.65381,297.40604,164.01416,639.25494,317.8299,121.77782,604.35797
1363,11.35,176.00192,216.80348,632.95496,159.67549,169.39668,651.16577,191.10748,152.04738,675.08276,219.19456,117.10737,697.31415,247.29036,195.35014,653.85297,297.47836,164.12663,639.32965,317.45468,121.95011,604.49139
1364,11.358,176.09921,215.86862,632.92346,159.67549,169.39668,651.16577,190.93494,152.21227,675.04675,219.19456,117.10737,697.31415,247.04614,195.49803,653.65204,297.47836,164.12663,639.32965,317.52048,121.90907,604.32556
1365,11.367,176.09921,215.86862,632.92346,159.67549,169.39668,651.16577,190.93494,152.21227,675.04675,219.22272,117.53065,697.19897,247.04614,195.49803,653.65204,297.47836,164.12663,639.32965,317.50565,122.09307,604.45654
1366,11.375,176.09921,215.86862,632.92346,159.67549,169.39668,651.16577,190.93494,152.21227,675.04675,219.21298,117.72665,697.0567,247.04614,195.49803,653.65204,297.47836,164.12663,639.32965,317.45468,121.95011,604.49139
1367,11.383,176.09921,215.86862,632.92346,159.67549,169.39668,651.16577,191.10748,152.04738,675.08276,219.21298,117.72665,697.0567,247.26782,195.98779,653.81818,297.47836,164.12663,639.32965,317.67874,122.1292,604.44861
1368,11.392,175.95702,215.96124,632.89917,159.67549,169.39668,651.16577,190.74811,152.34738,675.4743,219.21298,117.72665,697.0567,247.1028,195.83377,653.45947,297.40604,164.01416,639.25494,317.62207,122.42157,604.78784
1369,11.4,175.8591,216.2531,632.84314,159.67549,169.39668,651.16577,190.93494,152.21227,675.04675,219.21298,117.72665,697.0567,247.06966,196.04877,653.60834,297.47836,164.12663,639.32965,317.52051,122.54379,604.33081
1370,11.408,175.8591,216.2531,632.84314,159.67549,169.39668,651.16577,190.74811,152.34738,675.4743,219.21298,117.72665,697.0567,247.1028,195.83377,653.45947,297.40604,164.01416,639.25494,317.58868,122.89348,604.35724
1371,11.417,175.8591,216.2531,632.84314,159.67549,169.39668,651.16577,191.1906,152.23216,674.93982,219.21298,117.72665,697.0567,247.26352,196.08907,653.60925,297.40604,164.01416,639.25494,317.82187,122.68915,604.48267
1372,11.425,176.10974,216.56763,632.95605,159.69717,169.37384,651.43024,190.83125,152.53223,675.33136,219.21298,117.72665,697.0567,247.42453,196.3483,654.06317,297.02399,164.23082,639.24597,317.70273,122.83125,604.49628
1373,11.433,175.8591,216.2531,632.84314,159.67549,169.39668,651.16577,190.69576,152.5242,675.22888,219.21298,117.72665,697.0567,246.75536,196.78442,653.78229,297.10806,164.36613,639.32318,317.6369,122.87233,604.66211
1374,11.442,176.10974,216.56763,632.95605,159.67549,169.39668,651.16577,190.69576,152.5242,675.22888,219.21298,117.72665,697.0567,247.06636,196.39111,653.56079,297.02399,164.23082,639.24597,317.70273,122.83125,604.49628
1375,11.45,176.10974,216.56763,632.95605,159.84114,169.30679,650.97833,190.83125,152.53223,675.33136,219.21298,117.72665,697.0567,247.41304,196.67091,654.2677,297.02399,164.23082,639.24597,317.87292,123.13936,604.5603
1376,11.458,175.8591,216.2531,632.84314,159.67549,169.39668,651.16577,190.60268,152.34198,675.36603,219.21298,117.72665,697.0567,246.93173,197.15173,653.97656,297.02399,164.23082,639.24597,318.0173,123.64314,604.56793
1377,11.467,175.99939,217.62698,632.99194,159.67549,169.39668,651.16577,190.83125,152.53223,675.33136,219.21298,117.72665,697.0567,247.26352,196.08907,653.60925,297.57336,164.35205,639.16144,318.0831,123.60205,604.4021
1378,11.475,175.8591,216.2531,632.84314,159.67549,169.39668,651.16577,190.83125,152.53223,675.33136,219.21298,117.72665,697.0567,247.26352,196.08907,653.60925,297.57336,164.35205,639.16144,318.0173,123.64314,604.56793
1379,11.483,176.10974,216.56763,632.95605,159.67549,169.39668,651.16577,191.02797,152.39442,674.90961,219.21298,117.72665,697.0567,246.93315,197.41219,654.15546,297.40604,164.01416,639.25494,318.0831,123.60205,604.4021
1380,11.492,175.99939,217.62698,632.99194,159.67549,169.39668,651.16577,190.45676,152.30099,674.84509,219.21298,117.72665,697.0567,247.41304,196.67091,654.2677,297.19138,164.56871,639.15247,318.0831,123.60205,604.4021
1381,11.5,175.99939,217.62698,632.99194,159.67549,169.39668,651.16577,190.74811,152.34738,675.4743,219.21298,117.72665,697.0567,247.41304,196.67091,654.2677,297.19138,164.56871,639.15247,318.0831,123.60205,604.4021
1382,11.508,176.10974,216.56763,632.95605,159.67549,169.39668,651.16577,190.83125,152.53223,675.33136,219.21298,117.72665,697.0567,247.25201,196.41171,653.81384,297.02399,164.23082,639.24597,318.0831,123.60205,604.4021
1383,11.517,176.10974,216.56763,632.95605,159.67549,169.39668,651.16577,190.83125,152.53223,675.33136,219.21298,117.72665,697.0567,247.23097,196.33322,654.06732,297.0296,164.75667,639.04022,317.8367,123.13997,604.35693
1384,11.525,176.10974,216.56763,632.95605,159.67549,169.39668,651.16577,190.83125,152.53223,675.33136,219.21298,117.72665,697.0567,247.42453,196.3483,654.06317,297.40604,164.01416,639.25494,317.82187,122.68915,604.48267
1385,11.533,175.99939,217.62698,632.99194,159.67549,169.39668,651.16577,190.83125,152.53223,675.33136,219.21298,117.72665,697.0567,247.39146,196.19237,654.20087,297.10806,164.36613,639.32318,317.82187,122.68915,604.48267
1386,11.542,176.10974,216.56763,632.95605,159.67549,169.39668,651.16577,190.69576,152.5242,675.22888,219.21298,117.72665,697.0567,246.77681,196.66206,653.67529,297.19138,164.56871,639.15247,317.8367,123.13997,604.35693
1387,11.55,175.8591,216.2531,632.84314,159.67549,169.39668,651.16577,190.76486,152.98575,674.93109,219.21298,117.72665,697.0567,246.77681,196.66206,653.67529,297.0296,164.75667,639.04022,317.70273,122.83125,604.49628
1388,11.558,175.8591,216.2531,632.84314,159.67549,169.39668,651.16577,190.49406,152.86758,674.71503,219.21298,117.72665,697.0567,246.93034,196.8911,653.79779,297.02399,164.23082,639.24597,317.8367,123.13997,604.35693
1389,11.567,176.10974,216.56763,632.95605,159.67549,169.39668,651.16577,190.85493,153.03784,675.02448,219.21298,117.72665,697.0567,247.42453,196.3483,654.06317,297.02399,164.23082,639.24597,317.65448,122.85242,604.19141
1390,11.575,175.7551,217.25574,632.8761,159.67549,169.39668,651.16577,190.45676,152.30099,674.84509,219.21298,117.72665,697.0567,247.42453,196.3483,654.06317,297.02399,164.23082,639.24597,317.66931,122.66835,604.06042
1391,11.583,176.10974,216.56763,632.95605,159.69717,169.37384,651.43024,190.85493,153.03784,675.02448,219.21298,117.72665,697.0567,247.26381,196.093,653.91345,297.02399,164.23082,639.24597,317.53531,122.35975,604.19983
1392,11.592,175.8591,216.2531,632.84314,159.69717,169.37384,651.43024,190.69576,152.5242,675.22888,219.21298,117.72665,697.0567,246.77681,196.66206,653.67529,297.02399,164.23082,639.24597,317.65448,122.21761,604.18622
1393,11.6,176.10974,216.56763,632.95605,159.69717,169.37384,651.43024,190.69576,152.5242,675.22888,219.21298,117.72665,697.0567,247.05368,196.11438,653.65753,296.86218,164.41876,639.13367,317.52048,121.90907,604.32556
1394,11.608,176.10974,216.56763,632.95605,159.69717,169.37384,651.43024,190.83125,152.53223,675.33136,219.21298,117.72665,697.0567,247.26381,196.093,653.91345,296.91458,164.27252,639.61603,317.52048,121.90907,604.32556
1395,11.617,176.34987,216.18321,633.03638,159.69717,169.37384,651.43024,190.69576,152.5242,675.22888,219.21298,117.72665,697.0567,247.09845,195.99889,654.27704,296.91458,164.27252,639.61603,317.26749,121.83992,604.32599
1396,11.625,176.14371,217.51807,633.0144,159.69717,169.37384,651.43024,190.69576,152.5242,675.22888,219.21298,117.72665,697.0567,247.22334,195.9651,654.04425,297.3949,164.00394,639.55286,317.26749,121.83992,604.32599
1397,11.633,176.24623,217.1748,633.07086,159.69717,169.37384,651.43024,190.69576,152.5242,675.22888,219.21298,117.72665,697.0567,247.22334,195.9651,654.04425,297.3949,164.00394,639.55286,317.52048,121.90907,604.32556
1398,11.642,176.34987,216.18321,633.03638,159.69717,169.37384,651.43024,190.83125,152.53223,675.33136,219.21298,117.72665,697.0567,247.48409,195.9173,654.34741,297.40604,164.01416,639.25494,317.52048,121.90907,604.32556
1399,11.65,176.34987,216.18321,633.03638,159.67549,169.39668,651.16577,190.69576,152.5242,675.22888,219.21298,117.72665,697.0567,247.62999,195.23943,654.44409,297.40604,164.01416,639.25494,317.32047,121.72157,604.23346
1400,11.658,176.24623,217.1748,633.07086,159.69717,169.37384,651.43024,190.69576,152.5242,675.22888,219.21298,117.72665,697.0567,247.62999,195.23943,654.44409,297.40604,164.01416,639.25494,317.32047,121.72157,604.23346
1401,11.667,176.24623,217.1748,633.07086,159.69717,169.37384,651.43024,190.9151,152.49156,675.25403,219.21298,117.72665,697.0567,247.62999,195.23943,654.44409,297.40604,164.01416,639.25494,317.32047,121.72157,604.23346
1402,11.675,176.42937,216.9872,632.91919,159.69717,169.37384,651.43024,191.16832,152.15569,675.0899,219.31281,117.70885,697.24811,247.62999,195.23943,654.44409,297.40604,164.01416,639.25494,317.52048,121.90907,604.32556
1403,11.683,176.42937,216.9872,632.91919,159.55986,168.67548,650.84698,191.16832,152.15569,675.0899,219.31281,117.70885,697.24811,247.75639,195.2496,654.41266,297.3949,164.00394,639.55286,317.8299,121.77782,604.35797
1404,11.692,176.42937,216.9872,632.91919,159.55986,168.67548,650.84698,191.38339,151.95169,675.13562,219.31281,117.70885,697.24811,247.75845,195.39444,654.51422,297.40604,164.01416,639.25494,317.8299,121.77782,604.35797
1405,11.7,176.77472,216.73373,632.92542,159.55986,168.67548,650.84698,191.38339,151.95169,675.13562,219.2944,117.08946,697.50555,248.15741,195.1142,654.6123,297.40604,164.01416,639.25494,317.8299,121.77782,604.35797
1406,11.708,176.77472,216.73373,632.92542,159.67549,169.39668,651.16577,191.86734,152.22272,675.34558,219.6236,116.95621,697.86322,247.59215,196.78404,654.45831,297.41125,163.73759,639.06281,317.8299,121.77782,604.35797
1407,11.717,176.77472,216.73373,632.92542,159.55986,168.67548,650.84698,191.58914,152.38501,675.23157,219.43114,117.11022,697.49902,248.09259,195.05597,654.48889,297.71136,163.55725,639.25629,317.8299,121.77782,604.35797
1408,11.725,176.77472,216.73373,632.92542,159.55986,168.67548,650.84698,191.86734,152.22272,675.34558,219.43114,117.11022,697.49902,248.15741,195.1142,654.6123,297.13818,162.85457,638.67108,317.8299,121.77782,604.35797
1409,11.733,176.77472,216.73373,632.92542,160.05882,169.1618,651.42566,191.51016,152.17897,675.38672,219.5666,117.13783,696.901,248.09259,195.05597,654.48889,297.13818,162.85457,638.67108,317.87595,121.35665,604.29999
1410,11.742,176.77472,216.73373,632.92542,159.96663,168.43488,650.90063,191.92558,151.73703,675.70331,219.6236,116.95621,697.86322,248.15741,195.1142,654.6123,297.36758,162.51379,638.49579,317.87595,121.35665,604.29999
1411,11.75,176.77472,216.73373,632.92542,159.96663,168.43488,650.90063,191.92558,151.73703,675.70331,219.43114,117.11022,697.49902,248.15741,195.1142,654.6123,297.36758,162.51379,638.49579,317.87595,121.35665,604.29999
1412,11.758,176.77472,216.73373,632.92542,159.96663,168.43488,650.90063,191.80353,152.00986,675.50812,219.5666,117.13783,696.901,247.99635,194.85524,654.1582,297.36758,162.51379,638.49579,317.87595,121.35665,604.29999
1413,11.767,176.9579,216.54601,632.7738,159.96663,168.43488,650.90063,191.92558,151.73703,675.70331,219.6236,116.95621,697.86322,247.99635,194.85524,654.1582,297.36758,162.51379,638.49579,318.15231,121.1779,604.20532
1414,11.775,176.9579,216.54601,632.7738,159.96663,168.43488,650.90063,191.40703,150.8784,675.46826,220.1413,116.86899,696.79224,247.9503,194.84343,654.0907,297.36758,162.51379,638.49579,317.95169,121.18098,604.42389
1415,11.783,176.77472,216.73373,632.92542,159.96663,168.43488,650.90063,191.53625,150.42738,675.07318,219.5666,117.13783,696.901,248.09259,195.05597,654.48889,298.14996,162.70276,639.15369,317.95169,121.18098,604.42389
1416,11.792,177.31004,217.38043,632.51111,159.96663,168.43488,650.90063,191.97137,149.88043,674.76947,219.55373,116.89403,696.83228,248.15741,195.1142,654.6123,297.48407,162.55322,638.42474,317.94324,121.03437,604.06055
1417,11.8,177.05135,216.62148,632.68335,159.96663,168.43488,650.90063,192.02956,149.39398,675.12732,219.55373,116.89403,696.83228,247.99635,194.85524,654.1582,298.23535,162.64078,639.0423,317.94324,121.03437,604.06055
1418,11.808,177.05135,216.62148,632.68335,159.96663,168.43488,650.90063,191.79684,151.24788,675.35468,219.55373,116.89403,696.83228,247.9503,194.84343,654.0907,297.45563,162.44449,638.38995,317.94324,121.03437,604.06055
1419,11.817,176.86816,216.8092,632.83502,159.96663,168.43488,650.90063,191.61493,150.18709,675.2547,219.41826,116.86637,697.43024,247.9503,194.84343,654.0907,298.23535,162.64078,639.0423,317.81909,120.67127,604.09241
1420,11.825,177.05135,216.62148,632.68335,159.96663,168.43488,650.90063,191.61531,150.63367,674.91791,219.98444,116.56419,697.56158,247.93117,195.82498,653.92957,298.14996,162.70276,639.15369,318.01901,120.85869,604.18451
1421,11.833,176.86816,216.8092,632.83502,159.53818,168.69849,650.5824,191.61493,150.18709,675.2547,220.12836,116.62528,696.72351,247.85831,195.89276,653.65137,297.45563,162.44449,638.38995,318.13684,120.7058,604.28674
1422,11.842,176.86816,216.8092,632.83502,159.53818,168.69849,650.5824,191.61493,150.18709,675.2547,220.12836,116.62528,696.72351,247.9503,194.84343,654.0907,297.45563,162.44449,638.38995,317.93692,120.51839,604.19464
1423,11.85,177.21355,216.55602,632.84119,159.53818,168.69849,650.5824,191.61493,150.18709,675.2547,219.25087,116.08601,697.63086,247.88179,194.92389,653.79651,297.45563,162.44449,638.38995,317.93692,120.51839,604.19464
1424,11.858,177.05135,216.62148,632.68335,159.53818,168.69849,650.5824,191.61493,150.18709,675.2547,219.19388,116.26749,696.66901,247.88179,194.92389,653.79651,298.14996,162.70276,639.15369,317.93692,120.51839,604.19464
1425,11.867,176.86816,216.8092,632.83502,159.53818,168.69849,650.5824,191.61493,150.18709,675.2547,219.86017,115.96516,696.27759,247.74794,194.4734,653.76801,298.23535,162.64078,639.0423,317.93692,120.51839,604.19464
1426,11.875,177.0029,216.62485,632.91541,159.53818,168.69849,650.5824,191.61493,150.18709,675.2547,220.02852,116.64319,696.5321,247.88179,194.92389,653.79651,298.23535,162.64078,639.0423,317.8653,120.69629,604.06848
1427,11.883,177.05135,216.62148,632.68335,159.53818,168.69849,650.5824,191.53625,150.42738,675.07318,220.12038,116.60965,696.24951,247.88179,194.92389,653.79651,298.23535,162.64078,639.0423,317.81909,120.67127,604.09241
1428,11.892,176.86816,216.8092,632.83502,159.53818,168.69849,650.5824,191.90749,149.66724,674.93201,219.46678,117.15575,696.70966,247.89993,194.93945,653.83057,297.45563,162.44449,638.38995,317.81909,120.67127,604.09241
1429,11.9,176.61565,212.28011,632.98438,159.53818,168.69849,650.5824,191.48611,151.134,675.27551,219.54575,116.87839,696.35828,247.88179,194.92389,653.79651,298.23535,162.64078,639.0423,317.81909,120.67127,604.09241
1430,11.908,177.1268,217.56815,632.66278,159.53818,168.69849,650.5824,191.61531,150.63367,674.91791,219.54575,116.87839,696.35828,247.88179,194.92389,653.79651,298.23535,162.64078,639.0423,317.93692,120.51839,604.19464
1431,11.917,177.31004,217.38043,632.51111,159.53818,168.69849,650.5824,191.79716,151.69417,675.01801,220.12038,116.60965,696.24951,247.88179,194.92389,653.79651,298.23535,162.64078,639.0423,317.93692,120.51839,604.19464
1432,11.925,176.25531,213.76137,633.29559,159.53818,168.69849,650.5824,191.58885,151.93895,675.56818,219.54575,116.87839,696.35828,247.88179,194.92389,653.79651,297.45563,162.44449,638.38995,317.8653,120.69629,604.06848
1433,11.933,176.61565,212.28011,632.98438,159.72467,168.59619,650.40338,191.71817,151.48802,675.17322,220.12038,116.60965,696.24951,247.88179,194.92389,653.79651,297.45563,162.44449,638.38995,317.93692,120.51839,604.19464
1434,11.942,176.25531,213.76137,633.29559,159.72467,168.59619,650.40338,192.02956,149.39398,675.12732,219.60271,116.69681,697.32031,247.89993,194.93945,653.83057,298.23535,162.64078,639.0423,317.93692,120.51839,604.19464
1435,11.95,177.65535,217.12735,632.51721,159.53818,168.69849,650.5824,192.02956,149.39398,675.12732,220.3833,116.3166,698.84528,247.89993,194.93945,653.83057,297.6759,162.29242,638.28204,317.93692,120.51839,604.19464
1436,11.958,177.65535,217.12735,632.51721,159.53818,168.69849,650.5824,192.02956,149.39398,675.12732,220.37032,116.07276,698.77631,247.89993,194.93945,653.83057,297.70309,162.29692,638.26898,317.93692,120.51839,604.19464
1437,11.967,177.65535,217.12735,632.51721,159.72467,168.59619,650.40338,191.61493,150.18709,675.2547,220.12038,116.60965,696.24951,248.15852,194.78804,653.70239,297.92337,162.14482,638.16101,317.93692,120.51839,604.19464
1438,11.975,176.7486,212.12253,633.06317,159.72467,168.59619,650.40338,191.69403,150.44281,675.06189,220.12038,116.60965,696.24951,248.15852,194.78804,653.70239,297.92337,162.14482,638.16101,317.93692,120.51839,604.19464
1439,11.983,176.57317,213.3886,633.22455,159.53818,168.69849,650.5824,191.79684,151.24788,675.35468,219.70403,116.68148,697.60663,248.13065,195.77364,653.56616,298.03986,162.1842,638.08997,317.93692,120.51839,604.19464
1440,11.992,176.7486,212.12253,633.06317,159.72467,168.59619,650.40338,191.61493,150.18709,675.2547,220.22168,116.59435,696.53571,248.15852,194.78804,653.70239,297.92337,162.14482,638.16101,317.93692,120.51839,604.19464
1441,12,176.57317,213.3886,633.22455,159.96663,168.43488,650.90063,192.02956,149.39398,675.12732,220.22168,116.59435,696.53571,248.10713,195.87009,653.60785,297.79239,162.33183,638.211,317.85779,120.43243,604.40045
1442,12.008,176.57317,213.3886,633.22455,159.96663,168.43488,650.90063,191.61493,150.18709,675.2547,220.22168,116.59435,696.53571,248.13065,195.77364,653.56616,298.03986,162.1842,638.08997,317.93692,120.51839,604.19464
1443,12.017,177.7901,216.94299,632.5976,159.96663,168.43488,650.90063,192.02956,149.39398,675.12732,220.22168,116.59435,696.53571,248.2198,194.72452,653.73804,298.03986,162.1842,638.08997,317.93692,120.51839,604.19464
1444,12.025,176.57317,213.3886,633.22455,159.96663,168.43488,650.90063,191.61493,150.18709,675.2547,220.22168,116.59435,696.53571,248.13065,195.77364,653.56616,298.03986,162.1842,638.08997,318.07184,120.44153,604.23785
1445,12.033,176.7486,212.12253,633.06317,160.86774,167.90503,651.01935,192.02956,149.39398,675.12732,220.22168,116.59435,696.53571,248.2198,194.72452,653.73804,298.03986,162.1842,638.08997,318.07184,120.44153,604.23785
1446,12.042,176.57317,213.3886,633.22455,159.96663,168.43488,650.90063,192.02956,149.39398,675.12732,220.22168,116.59435,696.53571,248.10713,195.87009,653.60785,298.03986,162.1842,638.08997,318.07184,120.44153,604.23785
1447,12.05,176.57317,213.3886,633.22455,160.86774,167.90503,651.01935,192.02956,149.39398,675.12732,220.22168,116.59435,696.53571,248.34299,195.25426,653.71387,297.92337,162.14482,638.16101,318.07184,120.44153,604.23785
1448,12.058,176.57317,213.3886,633.22455,159.96663,168.43488,650.90063,192.02956,149.39398,675.12732,220.44763,116.53898,696.57153,248.34299,195.25426,653.71387,298.03986,162.1842,638.08997,318.07184,120.44153,604.23785
1449,12.067,176.57317,213.3886,633.22455,159.96663,168.43488,650.90063,192.02956,149.39398,675.12732,220.44763,116.53898,696.57153,247.98088,195.43646,653.55396,298.71628,162.35681,638.81915,318.07184,120.44153,604.23785
1450,12.075,176.34973,212.14381,633.48993,159.96663,168.43488,650.90063,192.58188,149.26054,675.19043,220.86684,118.06643,696.88153,248.25783,194.78601,653.93683,298.83939,162.42152,638.74353,318.07184,120.44153,604.23785
1451,12.083,176.34973,212.14381,633.48993,160.26802,168.24715,651.20209,192.58188,149.26054,675.19043,220.86684,118.06643,696.88153,248.40305,194.59348,654.05463,298.83939,162.42152,638.74353,318.07184,120.44153,604.23785
1452,12.092,176.57317,213.3886,633.22455,160.26802,168.24715,651.20209,192.58188,149.26054,675.19043,220.07521,115.92876,696.75568,248.47758,193.79984,654.15784,298.71628,162.35681,638.81915,318.07184,120.44153,604.23785
1453,12.1,177.53151,216.18378,632.76996,160.26802,168.24715,651.20209,192.02956,149.39398,675.12732,220.07521,115.92876,696.75568,248.40305,194.59348,654.05463,298.55371,161.81111,638.50732,318.03668,120.30596,604.34393
1454,12.108,177.53151,216.18378,632.76996,161.05606,167.77458,651.57239,192.02956,149.39398,675.12732,220.39351,115.66286,697.43109,248.40305,194.59348,654.05463,298.43057,161.74632,638.58295,318.03668,120.30596,604.34393
1455,12.117,177.53151,216.18378,632.76996,161.05606,167.77458,651.57239,192.02956,149.39398,675.12732,220.3253,115.39203,699.28204,248.38342,193.28392,654.60199,298.43057,161.74632,638.58295,317.95755,120.21999,604.54974
1456,12.125,177.53151,216.18378,632.76996,160.94951,167.05827,650.99225,192.58188,149.26054,675.19043,220.3253,115.39203,699.28204,248.30777,194.15948,654.4657,298.43057,161.74632,638.58295,317.95755,120.21999,604.54974
1457,12.133,177.53151,216.18378,632.76996,160.94951,167.05827,650.99225,192.58188,149.26054,675.19043,220.65854,117.44711,697.617,248.34309,194.01071,654.29431,298.48837,161.51401,638.50104,317.95755,120.21999,604.54974
1458,12.142,177.53151,216.18378,632.76996,160.94951,167.05827,650.99225,192.58188,149.26054,675.19043,220.16805,115.78736,697.35797,248.43839,194.44469,653.88318,298.48837,161.51401,638.50104,317.95755,120.21999,604.54974
1459,12.15,177.53151,216.18378,632.76996,160.94951,167.05827,650.99225,191.7029,149.71033,675.06104,220.07521,115.92876,696.75568,248.3506,193.87277,653.92834,298.48837,161.51401,638.50104,318.03668,120.30596,604.34393
1460,12.158,177.53151,216.18378,632.76996,160.94951,167.05827,650.99225,191.7029,149.71033,675.06104,219.88673,115.60339,696.69043,248.21785,193.39185,654.34656,298.48837,161.51401,638.50104,317.95755,120.21999,604.54974
1461,12.167,177.62259,215.95287,632.96527,160.94951,167.05827,650.99225,191.7029,149.71033,675.06104,219.67967,115.65545,696.68658,248.21785,193.39185,654.34656,298.23343,161.65155,638.61945,317.77469,119.88886,604.6441
1462,12.175,177.53151,216.18378,632.76996,160.94951,167.05827,650.99225,191.7029,149.71033,675.06104,220.00891,115.43307,697.05334,248.21785,193.39185,654.34656,298.25131,161.55885,638.67615,317.8541,120.64809,604.30603
1463,12.183,177.62259,215.95287,632.96527,160.94951,167.05827,650.99225,191.7029,149.71033,675.06104,219.10532,115.92428,696.79529,248.02811,193.28278,654.20789,298.25131,161.55885,638.67615,317.8541,120.64809,604.30603
1464,12.192,177.34023,215.48991,632.729,160.94951,167.05827,650.99225,191.7029,149.71033,675.06104,219.53587,115.59447,697.52429,247.80696,193.40178,654.33002,298.25131,161.55885,638.67615,317.4682,119.98791,604.80194
1465,12.2,177.62259,215.95287,632.96527,160.94951,167.05827,650.99225,191.7029,149.71033,675.06104,219.67967,115.65545,696.68658,247.99034,193.49706,654.4693,298.15683,161.19452,638.61945,317.55881,120.77044,604.46246
1466,12.208,177.51161,215.8858,633.05646,160.94951,167.05827,650.99225,191.7029,149.71033,675.06104,219.67967,115.65545,696.68658,247.99034,193.49706,654.4693,298.25131,161.55885,638.67615,317.63837,120.59013,604.30249
1467,12.217,177.6026,215.65518,633.25195,160.94951,167.05827,650.99225,191.7029,149.71033,675.06104,219.77249,115.51404,697.28882,247.99034,193.49706,654.4693,298.17764,161.18277,638.87012,317.55881,120.77044,604.46246
1468,12.225,177.51161,215.8858,633.05646,160.94951,167.05827,650.99225,191.7029,149.71033,675.06104,219.9297,115.11867,699.21265,247.80696,193.40178,654.33002,298.27213,161.54709,638.9267,317.70059,120.69993,604.48853
1469,12.233,177.51161,215.8858,633.05646,161.12857,165.93048,651.54474,191.7029,149.71033,675.06104,219.9297,115.11867,699.21265,247.99034,193.49706,654.4693,298.15683,161.19452,638.61945,317.55881,120.77044,604.46246
1470,12.242,177.6026,215.65518,633.25195,160.94951,167.05827,650.99225,191.7029,149.71033,675.06104,219.10532,115.92428,696.79529,247.99034,193.49706,654.4693,298.15683,161.19452,638.61945,317.55881,120.77044,604.46246
1471,12.25,177.6026,215.65518,633.25195,160.94951,167.05827,650.99225,191.7029,149.71033,675.06104,219.67967,115.65545,696.68658,247.83507,193.60272,654.42261,298.15683,161.19452,638.61945,317.48044,121.00775,604.40002
1472,12.258,177.51161,215.8858,633.05646,160.94951,167.05827,650.99225,191.7029,149.71033,675.06104,219.9297,115.11867,699.21265,247.83507,193.60272,654.42261,298.15683,161.19452,638.61945,317.55881,120.77044,604.46246
1473,12.267,177.51161,215.8858,633.05646,160.94951,167.05827,650.99225,191.7029,149.71033,675.06104,219.99789,115.38953,697.36194,247.99034,193.49706,654.4693,298.25131,161.55885,638.67615,317.48044,121.00775,604.40002
1474,12.275,177.62259,215.95287,632.96527,160.94951,167.05827,650.99225,191.7029,149.71033,675.06104,219.67967,115.65545,696.68658,247.83507,193.60272,654.42261,298.25131,161.55885,638.67615,317.48044,121.00775,604.40002
1475,12.283,177.62259,215.95287,632.96527,160.94951,167.05827,650.99225,191.7029,149.71033,675.06104,219.88538,115.3798,697.24817,247.83507,193.60272,654.42261,298.1123,161.22026,638.56622,317.39166,120.2646,604.7196
1476,12.292,177.71358,215.72226,633.16077,161.05606,167.77458,651.57239,191.7029,149.71033,675.06104,219.81709,115.10852,699.09894,247.99034,193.49706,654.4693,298.23343,161.65155,638.61945,317.39166,120.2646,604.7196
1477,12.3,177.71358,215.72226,633.16077,161.05606,167.77458,651.57239,191.7029,149.71033,675.06104,219.81709,115.10852,699.09894,247.99034,193.49706,654.4693,298.23343,161.65155,638.61945,317.39166,120.2646,604.7196
1478,12.308,177.53151,216.18378,632.76996,160.94951,167.05827,650.99225,191.7029,149.71033,675.06104,219.34196,115.62587,696.34552,247.99034,193.49706,654.4693,298.23343,161.65155,638.61945,317.61493,120.0481,604.35815
1479,12.317,177.62259,215.95287,632.96527,161.05606,167.77458,651.57239,191.7029,149.71033,675.06104,219.57959,115.6497,696.58612,248.17461,194.25542,654.37396,298.23343,161.65155,638.61945,317.62527,120.32257,604.31903
1480,12.325,177.62259,215.95287,632.96527,161.05606,167.77458,651.57239,191.7029,149.71033,675.06104,219.97192,115.31634,699.31061,248.3506,193.87277,653.92834,298.23343,161.65155,638.61945,317.62527,120.32257,604.31903
1481,12.333,177.62259,215.95287,632.96527,161.05606,167.77458,651.57239,191.7029,149.71033,675.06104,219.97192,115.31634,699.31061,248.33197,194.5517,653.83197,298.48837,161.51401,638.50104,317.62527,120.32257,604.31903
1482,12.342,177.62259,215.95287,632.96527,161.05606,167.77458,651.57239,191.7029,149.71033,675.06104,219.86682,115.94847,696.47003,248.3506,193.87277,653.92834,298.48837,161.51401,638.50104,317.62527,120.32257,604.31903
1483,12.35,177.53151,216.18378,632.76996,161.05606,167.77458,651.57239,191.7029,149.71033,675.06104,219.86682,115.94847,696.47003,248.21785,193.39185,654.34656,298.48837,161.51401,638.50104,317.69403,120.13406,604.15234
1484,12.358,177.62259,215.95287,632.96527,161.05606,167.77458,651.57239,191.7029,149.71033,675.06104,220.06253,115.24538,699.10852,248.33197,194.5517,653.83197,298.48837,161.51401,638.50104,317.69403,120.13406,604.15234
1485,12.367,177.62259,215.95287,632.96527,161.05606,167.77458,651.57239,191.7029,149.71033,675.06104,220.25916,115.61542,699.19476,248.30219,194.66789,653.98645,298.48837,161.51401,638.50104,317.95349,120.18851,604.14032
1486,12.375,177.62259,215.95287,632.96527,161.05606,167.77458,651.57239,191.7029,149.71033,675.06104,219.86682,115.94847,696.47003,248.30219,194.66789,653.98645,298.48837,161.51401,638.50104,318.00568,120.3299,604.02789
1487,12.383,177.53151,216.18378,632.76996,161.05606,167.77458,651.57239,191.7029,149.71033,675.06104,219.67021,115.57868,696.38416,248.31677,194.00565,654.09094,298.48837,161.51401,638.50104,318.00568,120.3299,604.02789
1488,12.392,177.53151,216.18378,632.76996,161.05606,167.77458,651.57239,191.7029,149.71033,675.06104,220.49638,117.17558,699.03235,248.30219,194.66789,653.98645,298.48837,161.51401,638.50104,318.00568,120.3299,604.02789
1489,12.4,177.53151,216.18378,632.76996,161.05606,167.77458,651.57239,191.7029,149.71033,675.06104,219.94151,115.23779,698.79614,248.33197,194.5517,653.83197,298.43057,161.74632,638.58295,317.74625,120.27545,604.03998
1490,12.408,177.53151,216.18378,632.76996,161.05606,167.77458,651.57239,191.7029,149.71033,675.06104,219.74591,115.9408,696.1579,248.30219,194.66789,653.98645,298.43057,161.74632,638.58295,318.88309,119.13506,604.34351
1491,12.417,177.53151,216.18378,632.76996,161.05606,167.77458,651.57239,191.61493,150.18709,675.2547,219.74591,115.9408,696.1579,248.20296,194.18909,653.98041,298.48837,161.51401,638.50104,318.36127,119.59756,604.2962
1492,12.425,177.53151,216.18378,632.76996,161.05606,167.77458,651.57239,191.61493,150.18709,675.2547,219.94151,115.23779,698.79614,248.18379,194.23882,653.71466,298.43057,161.74632,638.58295,317.3725,120.94381,603.81067
1493,12.433,177.53151,216.18378,632.76996,161.05606,167.77458,651.57239,191.61493,150.18709,675.2547,219.94151,115.23779,698.79614,248.00659,194.95311,653.59039,298.43057,161.74632,638.58295,317.3725,120.94381,603.81067
1494,12.442,177.53151,216.18378,632.76996,161.05606,167.77458,651.57239,191.61493,150.18709,675.2547,219.54926,115.57096,696.07196,248.02473,194.33754,653.67383,298.12128,161.93544,638.32703,317.28925,121.18877,603.99603
1495,12.45,177.53151,216.18378,632.76996,161.05606,167.77458,651.57239,191.61493,150.18709,675.2547,219.54926,115.57096,696.07196,247.64105,195.53067,653.85095,298.12128,161.93544,638.32703,316.89102,121.41337,603.89417
1496,12.458,177.42053,216.11671,632.86108,161.05606,167.77458,651.57239,191.61493,150.18709,675.2547,219.94151,115.23779,698.79614,248.02473,194.33754,653.67383,298.12128,161.93544,638.32703,317.4838,120.79251,603.98047
1497,12.467,177.42053,216.11671,632.86108,161.05606,167.77458,651.57239,191.61493,150.18709,675.2547,219.94151,115.23779,698.79614,247.64105,195.53067,653.85095,297.87543,162.06438,638.50775,317.14316,120.94418,603.90265
1498,12.475,177.23737,216.30449,633.0127,161.05606,167.77458,651.57239,191.27286,150.16386,674.95764,218.94145,115.96526,696.18329,247.74794,194.4734,653.76801,297.64938,162.21094,638.61261,316.89102,121.41337,603.89417
1499,12.483,177.23737,216.30449,633.0127,161.05606,167.77458,651.57239,191.27286,150.16386,674.95764,219.54926,115.57096,696.07196,247.74794,194.4734,653.76801,297.64938,162.21094,638.61261,316.89102,121.41337,603.89417
1500,12.492,177.23737,216.30449,633.0127,161.05606,167.77458,651.57239,191.27286,150.16386,674.95764,219.94151,115.23779,698.79614,247.64105,195.53067,653.85095,297.64938,162.21094,638.61261,316.89102,121.41337,603.89417
1501,12.5,177.23737,216.30449,633.0127,161.05606,167.77458,651.57239,191.27286,150.16386,674.95764,219.54926,115.57096,696.07196,247.74794,194.4734,653.76801,297.43091,162.29474,638.59283,316.89102,121.41337,603.89417
1502,12.508,177.23737,216.30449,633.0127,159.55986,168.67548,650.84698,191.27286,150.16386,674.95764,219.54926,115.57096,696.07196,247.74794,194.4734,653.76801,297.64938,162.21094,638.61261,316.89102,121.41337,603.89417
1503,12.517,176.89194,216.55777,633.00653,159.55986,168.67548,650.84698,191.27286,150.16386,674.95764,218.94145,115.96526,696.18329,247.74794,194.4734,653.76801,297.64938,162.21094,638.61261,316.89102,121.41337,603.89417
1504,12.525,176.89194,216.55777,633.00653,159.55986,168.67548,650.84698,191.27286,150.16386,674.95764,218.94145,115.96526,696.18329,247.74794,194.4734,653.76801,297.64938,162.21094,638.61261,316.6629,121.57867,603.44696
1505,12.533,176.89194,216.55777,633.00653,159.55986,168.67548,650.84698,191.27286,150.16386,674.95764,218.94145,115.96526,696.18329,247.74794,194.4734,653.76801,297.43091,162.29474,638.59283,316.89102,121.41337,603.89417
1506,12.542,176.74301,216.32932,632.88904,159.55986,168.67548,650.84698,191.27286,150.16386,674.95764,219.54926,115.57096,696.07196,247.74794,194.4734,653.76801,297.43091,162.29474,638.59283,316.89102,121.41337,603.89417
1507,12.55,176.89194,216.55777,633.00653,159.55986,168.67548,650.84698,191.27286,150.16386,674.95764,219.54926,115.57096,696.07196,247.74794,194.4734,653.76801,297.64938,162.21094,638.61261,316.89102,121.41337,603.89417
1508,12.558,176.89194,216.55777,633.00653,159.55986,168.67548,650.84698,191.27286,150.16386,674.95764,218.94145,115.96526,696.18329,247.74794,194.4734,653.76801,297.43091,162.29474,638.59283,316.89102,121.41337,603.89417
1509,12.567,176.89194,216.55777,633.00653,159.55986,168.67548,650.84698,191.27286,150.16386,674.95764,218.94145,115.96526,696.18329,247.74794,194.4734,653.76801,297.43091,162.29474,638.59283,316.89102,121.41337,603.89417
1510,12.575,176.89194,216.55777,633.00653,159.55986,168.67548,650.84698,191.27286,150.16386,674.95764,220.05742,117.62128,696.49255,247.74794,194.4734,653.76801,297.43091,162.29474,638.59283,316.89102,121.41337,603.89417
1511,12.583,176.89194,216.55777,633.00653,159.55986,168.67548,650.84698,191.27286,150.16386,674.95764,219.54926,115.57096,696.07196,247.31526,195.78497,653.64136,297.43091,162.29474,638.59283,316.89102,121.41337,603.89417
1512,12.592,176.89194,216.55777,633.00653,159.55986,168.67548,650.84698,191.27286,150.16386,674.95764,219.40508,115.56259,696.07483,247.31526,195.78497,653.64136,297.43091,162.29474,638.59283,316.89102,121.41337,603.89417
1513,12.6,176.89194,216.55777,633.00653,159.55986,168.67548,650.84698,191.27286,150.16386,674.95764,218.68237,116.01664,696.8288,247.28947,194.28699,653.96753,297.43091,162.29474,638.59283,316.89102,121.41337,603.89417
1514,12.608,176.89194,216.55777,633.00653,159.58159,168.65273,651.11151,191.27286,150.16386,674.95764,219.54926,115.57096,696.07196,247.31526,195.78497,653.64136,297.43091,162.29474,638.59283,316.89102,121.41337,603.89417
1515,12.617,176.89194,216.55777,633.00653,159.58159,168.65273,651.11151,191.27286,150.16386,674.95764,219.54926,115.57096,696.07196,247.31526,195.78497,653.64136,297.43091,162.29474,638.59283,316.89102,121.41337,603.89417
1516,12.625,176.89194,216.55777,633.00653,161.05606,167.77458,651.57239,191.61493,150.18709,675.2547,219.54926,115.57096,696.07196,247.4908,194.68716,653.84363,297.43091,162.29474,638.59283,316.89102,121.41337,603.89417
1517,12.633,177.23737,216.30449,633.0127,161.05606,167.77458,651.57239,191.27286,150.16386,674.95764,219.54926,115.57096,696.07196,247.4908,194.68716,653.84363,297.43091,162.29474,638.59283,316.89102,121.41337,603.89417
1518,12.642,177.23737,216.30449,633.0127,161.05606,167.77458,651.57239,191.61493,150.18709,675.2547,218.94145,115.96526,696.18329,247.35805,194.20636,654.26184,297.64938,162.21094,638.61261,316.89102,121.41337,603.89417
1519,12.65,177.0751,216.37004,632.85492,161.05606,167.77458,651.57239,191.27286,150.16386,674.95764,218.94145,115.96526,696.18329,247.26057,195.30482,654.30713,297.43091,162.29474,638.59283,316.89102,121.41337,603.89417
1520,12.658,177.0751,216.37004,632.85492,161.05606,167.77458,651.57239,191.61493,150.18709,675.2547,219.54926,115.57096,696.07196,247.26057,195.30482,654.30713,297.43091,162.29474,638.59283,316.89102,121.41337,603.89417
1521,12.667,177.42053,216.11671,632.86108,161.05606,167.77458,651.57239,191.61493,150.18709,675.2547,219.43716,115.62322,696.97314,247.26057,195.30482,654.30713,297.64938,162.21094,638.61261,316.89102,121.41337,603.89417
1522,12.675,177.42053,216.11671,632.86108,161.05606,167.77458,651.57239,191.61493,150.18709,675.2547,219.94151,115.23779,698.79614,247.26057,195.30482,654.30713,297.64938,162.21094,638.61261,317.28925,121.18877,603.99603
1523,12.683,177.42053,216.11671,632.86108,161.05606,167.77458,651.57239,191.7029,149.71033,675.06104,220.49638,117.17558,699.03235,247.26057,195.30482,654.30713,297.64938,162.21094,638.61261,317.28925,121.18877,603.99603
1524,12.692,177.42053,216.11671,632.86108,161.05606,167.77458,651.57239,191.61493,150.18709,675.2547,219.54926,115.57096,696.07196,247.38814,195.71718,653.91962,297.64938,162.21094,638.61261,317.28925,121.18877,603.99603
1525,12.7,177.42053,216.11671,632.86108,161.05606,167.77458,651.57239,191.61493,150.18709,675.2547,219.54926,115.57096,696.07196,247.26057,195.30482,654.30713,298.17566,161.88383,638.70135,317.28925,121.18877,603.99603
1526,12.708,177.0751,216.37004,632.85492,161.05606,167.77458,651.57239,191.61493,150.18709,675.2547,219.94151,115.23779,698.79614,247.35805,194.20636,654.26184,297.87543,162.06438,638.50775,317.3725,120.94381,603.81067
1527,12.717,177.0751,216.37004,632.85492,161.05606,167.77458,651.57239,191.7029,149.71033,675.06104,219.94151,115.23779,698.79614,247.35805,194.20636,654.26184,297.43091,162.29474,638.59283,317.28925,121.18877,603.99603
1528,12.725,177.42053,216.11671,632.86108,161.05606,167.77458,651.57239,191.61493,150.18709,675.2547,219.54926,115.57096,696.07196,247.35805,194.20636,654.26184,297.87543,162.06438,638.50775,316.89102,121.41337,603.89417
1529,12.733,177.42053,216.11671,632.86108,161.05606,167.77458,651.57239,191.61493,150.18709,675.2547,219.54926,115.57096,696.07196,247.35805,194.20636,654.26184,298.17566,161.88383,638.70135,317.28925,121.18877,603.99603
1530,12.742,177.42053,216.11671,632.86108,161.05606,167.77458,651.57239,191.61493,150.18709,675.2547,219.94151,115.23779,698.79614,247.26057,195.30482,654.30713,298.17566,161.88383,638.70135,317.28925,121.18877,603.99603
1531,12.75,177.42053,216.11671,632.86108,161.05606,167.77458,651.57239,191.61493,150.18709,675.2547,219.54926,115.57096,696.07196,247.38814,195.71718,653.91962,298.17566,161.88383,638.70135,317.3725,120.94381,603.81067
1532,12.758,177.42053,216.11671,632.86108,161.05606,167.77458,651.57239,191.61493,150.18709,675.2547,219.92241,115.30977,696.80286,247.26057,195.30482,654.30713,298.17566,161.88383,638.70135,317.3725,120.94381,603.81067
1533,12.767,177.42053,216.11671,632.86108,161.05606,167.77458,651.57239,191.61493,150.18709,675.2547,219.54926,115.57096,696.07196,247.26057,195.30482,654.30713,298.17566,161.88383,638.70135,317.3725,120.94381,603.81067
1534,12.775,177.42053,216.11671,632.86108,161.05606,167.77458,651.57239,191.61493,150.18709,675.2547,219.54926,115.57096,696.07196,247.68369,193.91212,654.48041,298.17566,161.88383,638.70135,317.28925,121.18877,603.99603
1535,12.783,177.42053,216.11671,632.86108,161.05606,167.77458,651.57239,191.61493,150.18709,675.2547,219.54926,115.57096,696.07196,247.68369,193.91212,654.48041,298.17566,161.88383,638.70135,317.28925,121.18877,603.99603
1536,12.792,177.42053,216.11671,632.86108,161.05606,167.77458,651.57239,191.61493,150.18709,675.2547,219.54926,115.57096,696.07196,247.68369,193.91212,654.48041,298.17566,161.88383,638.70135,317.28925,121.18877,603.99603
1537,12.8,177.42053,216.11671,632.86108,161.05606,167.77458,651.57239,191.61493,150.18709,675.2547,219.54926,115.57096,696.07196,247.71393,195.46283,654.12921,298.17566,161.88383,638.70135,317.28925,121.18877,603.99603
1538,12.808,177.42053,216.11671,632.86108,161.05606,167.77458,651.57239,191.61493,150.18709,675.2547,219.54926,115.57096,696.07196,247.81648,194.39294,654.06226,298.17566,161.88383,638.70135,317.3725,120.94381,603.81067
1539,12.817,177.42053,216.11671,632.86108,161.05606,167.77458,651.57239,191.61493,150.18709,675.2547,219.54926,115.57096,696.07196,247.81648,194.39294,654.06226,298.17566,161.88383,638.70135,317.57657,121.21288,603.99872
1540,12.825,177.42053,216.11671,632.86108,161.05606,167.77458,651.57239,191.61493,150.18709,675.2547,219.54926,115.57096,696.07196,247.68369,193.91212,654.48041,298.17566,161.88383,638.70135,318.36127,119.59756,604.2962
1541,12.833,177.42053,216.11671,632.86108,161.05606,167.77458,651.57239,191.61493,150.18709,675.2547,219.54926,115.57096,696.07196,247.68369,193.91212,654.48041,297.94965,162.0304,638.80621,318.6207,119.65208,604.28412
1542,12.842,177.42053,216.11671,632.86108,161.05606,167.77458,651.57239,191.7029,149.71033,675.06104,219.54926,115.57096,696.07196,247.67944,194.59207,654.34143,298.17566,161.88383,638.70135,318.36127,119.59756,604.2962
1543,12.85,177.42053,216.11671,632.86108,161.05606,167.77458,651.57239,191.61493,150.18709,675.2547,219.54926,115.57096,696.07196,247.71393,195.46283,654.12921,298.17566,161.88383,638.70135,317.4838,120.79251,603.98047
1544,12.858,177.42053,216.11671,632.86108,161.05606,167.77458,651.57239,191.7029,149.71033,675.06104,219.54926,115.57096,696.07196,247.81648,194.39294,654.06226,298.16119,162.67477,638.7439,317.4838,120.79251,603.98047
1545,12.867,177.42053,216.11671,632.86108,161.05606,167.77458,651.57239,191.61493,150.18709,675.2547,219.54926,115.57096,696.07196,247.81648,194.39294,654.06226,298.4614,162.49423,638.9375,317.4838,120.79251,603.98047
1546,12.875,177.53151,216.18378,632.76996,161.05606,167.77458,651.57239,191.61493,150.18709,675.2547,219.54926,115.57096,696.07196,247.80705,195.00449,653.95392,298.4614,162.49423,638.9375,317.4838,120.79251,603.98047
1547,12.883,177.53151,216.18378,632.76996,161.05606,167.77458,651.57239,191.61493,150.18709,675.2547,219.33389,115.61002,695.87128,247.81648,194.39294,654.06226,298.17566,161.88383,638.70135,317.74329,120.84695,603.96844
1548,12.892,177.53151,216.18378,632.76996,161.05606,167.77458,651.57239,191.61493,150.18709,675.2547,219.55914,115.63017,696.09857,247.80705,195.00449,653.95392,297.87543,162.06438,638.50775,317.4838,120.79251,603.98047
1549,12.9,177.53151,216.18378,632.76996,161.05606,167.77458,651.57239,191.61493,150.18709,675.2547,219.55914,115.63017,696.09857,247.81648,194.39294,654.06226,298.17566,161.88383,638.70135,317.81204,120.65849,603.8017
1550,12.908,177.53151,216.18378,632.76996,161.05606,167.77458,651.57239,191.61493,150.18709,675.2547,219.55914,115.63017,696.09857,247.81648,194.39294,654.06226,298.4614,162.49423,638.9375,317.74329,120.84695,603.96844
1551,12.917,177.53151,216.18378,632.76996,161.05606,167.77458,651.57239,191.61493,150.18709,675.2547,219.86017,115.96516,696.27759,247.81648,194.39294,654.06226,298.4614,162.49423,638.9375,317.74329,120.84695,603.96844
1552,12.925,177.53151,216.18378,632.76996,161.05606,167.77458,651.57239,191.61493,150.18709,675.2547,219.67163,115.63972,696.21234,247.81648,194.39294,654.06226,298.71628,162.35681,638.81915,317.74329,120.84695,603.96844
1553,12.933,177.67912,216.87605,632.68878,161.05606,167.77458,651.57239,191.61493,150.18709,675.2547,219.67163,115.63972,696.21234,247.81648,194.39294,654.06226,298.4614,162.49423,638.9375,317.74329,120.84695,603.96844
1554,12.942,177.53151,216.18378,632.76996,161.05606,167.77458,651.57239,191.61493,150.18709,675.2547,219.67163,115.63972,696.21234,247.81648,194.39294,654.06226,298.71628,162.35681,638.81915,317.74329,120.84695,603.96844
1555,12.95,177.7901,216.94299,632.5976,161.05606,167.77458,651.57239,191.61493,150.18709,675.2547,219.67163,115.63972,696.21234,247.81648,194.39294,654.06226,298.4614,162.49423,638.9375,317.74329,120.84695,603.96844
1556,12.958,177.53151,216.18378,632.76996,161.05606,167.77458,651.57239,191.61493,150.18709,675.2547,219.67163,115.63972,696.21234,248.0439,194.28784,653.93958,298.43057,161.74632,638.58295,317.74329,120.84695,603.96844
1557,12.967,177.53151,216.18378,632.76996,161.05606,167.77458,651.57239,191.61493,150.18709,675.2547,219.67163,115.63972,696.21234,248.02473,194.33754,653.67383,298.43057,161.74632,638.58295,317.74329,120.84695,603.96844
1558,12.975,177.53151,216.18378,632.76996,161.05606,167.77458,651.57239,191.61493,150.18709,675.2547,219.67163,115.63972,696.21234,248.0439,194.28784,653.93958,298.43057,161.74632,638.58295,317.74329,120.84695,603.96844
1559,12.983,177.7901,216.94299,632.5976,161.05606,167.77458,651.57239,191.7029,149.71033,675.06104,219.67163,115.63972,696.21234,247.74794,194.4734,653.76801,298.71628,162.35681,638.81915,317.74329,120.84695,603.96844
1560,12.992,177.7901,216.94299,632.5976,161.05606,167.77458,651.57239,191.7029,149.71033,675.06104,219.67163,115.63972,696.21234,248.02473,194.33754,653.67383,298.71628,162.35681,638.81915,317.74329,120.84695,603.96844
1561,13,177.53151,216.18378,632.76996,161.05606,167.77458,651.57239,191.61493,150.18709,675.2547,219.67163,115.63972,696.21234,247.74794,194.4734,653.76801,298.71628,162.35681,638.81915,317.74329,120.84695,603.96844
1562,13.008,177.53151,216.18378,632.76996,161.05606,167.77458,651.57239,191.7029,149.71033,675.06104,219.86017,115.96516,696.27759,248.02473,194.33754,653.67383,298.43057,161.74632,638.58295,317.81204,120.65849,603.8017
1563,13.017,177.53151,216.18378,632.76996,161.05606,167.77458,651.57239,191.61493,150.18709,675.2547,219.86017,115.96516,696.27759,248.02473,194.33754,653.67383,298.43057,161.74632,638.58295,317.74329,120.84695,603.96844
1564,13.025,177.53151,216.18378,632.76996,161.05606,167.77458,651.57239,191.61493,150.18709,675.2547,219.86017,115.96516,696.27759,248.02473,194.33754,653.67383,298.71628,162.35681,638.81915,317.81909,120.67127,604.09241
1565,13.033,177.53151,216.18378,632.76996,161.05606,167.77458,651.57239,191.61493,150.18709,675.2547,219.86017,115.96516,696.27759,248.02473,194.33754,653.67383,298.71628,162.35681,638.81915,317.81909,120.67127,604.09241
1566,13.042,177.53151,216.18378,632.76996,161.05606,167.77458,651.57239,191.61493,150.18709,675.2547,219.86017,115.96516,696.27759,248.02473,194.33754,653.67383,298.71628,162.35681,638.81915,317.93692,120.51839,604.19464
1567,13.05,177.53151,216.18378,632.76996,159.96663,168.43488,650.90063,191.61493,150.18709,675.2547,219.86017,115.96516,696.27759,248.02473,194.33754,653.67383,298.71628,162.35681,638.81915,317.93692,120.51839,604.19464
1568,13.058,177.53151,216.18378,632.76996,160.03918,168.38206,651.17194,191.61493,150.18709,675.2547,219.86017,115.96516,696.27759,248.02473,194.33754,653.67383,298.71628,162.35681,638.81915,317.93692,120.51839,604.19464
1569,13.067,177.53151,216.18378,632.76996,160.03918,168.38206,651.17194,191.61493,150.18709,675.2547,219.86017,115.96516,696.27759,248.02473,194.33754,653.67383,298.71628,162.35681,638.81915,317.93692,120.51839,604.19464
1570,13.075,177.53151,216.18378,632.76996,160.03918,168.38206,651.17194,191.7029,149.71033,675.06104,219.86017,115.96516,696.27759,248.02473,194.33754,653.67383,298.71628,162.35681,638.81915,317.93692,120.51839,604.19464
1571,13.083,177.53151,216.18378,632.76996,159.96663,168.43488,650.90063,191.61493,150.18709,675.2547,219.86017,115.96516,696.27759,248.0439,194.28784,653.93958,298.43057,161.74632,638.58295,317.93692,120.51839,604.19464
1572,13.092,177.42053,216.11671,632.86108,160.03918,168.38206,651.17194,191.7029,149.71033,675.06104,219.86017,115.96516,696.27759,247.74794,194.4734,653.76801,298.43057,161.74632,638.58295,317.93692,120.51839,604.19464
1573,13.1,177.42053,216.11671,632.86108,159.44427,167.95425,650.52832,191.7029,149.71033,675.06104,219.67163,115.63972,696.21234,247.81648,194.39294,654.06226,298.71628,162.35681,638.81915,317.93692,120.51839,604.19464
1574,13.108,177.53151,216.18378,632.76996,160.03918,168.38206,651.17194,192.02956,149.39398,675.12732,220.17551,117.41938,696.53955,247.87953,194.34116,654.10822,298.71628,162.35681,638.81915,317.93692,120.51839,604.19464
1575,13.117,177.42053,216.11671,632.86108,159.44427,167.95425,650.52832,192.02956,149.39398,675.12732,219.67163,115.63972,696.21234,247.87953,194.34116,654.10822,298.4614,162.49423,638.9375,317.93692,120.51839,604.19464
1576,13.125,177.42053,216.11671,632.86108,160.03918,168.38206,651.17194,192.02956,149.39398,675.12732,219.67163,115.63972,696.21234,247.87953,194.34116,654.10822,298.17566,161.88383,638.70135,317.93692,120.51839,604.19464
1577,13.133,177.42053,216.11671,632.86108,159.92377,167.6609,650.85345,191.61493,150.18709,675.2547,219.67163,115.63972,696.21234,247.68369,193.91212,654.48041,298.17566,161.88383,638.70135,317.93692,120.51839,604.19464
1578,13.142,177.42053,216.11671,632.86108,159.44427,167.95425,650.52832,191.61493,150.18709,675.2547,220.17551,117.41938,696.53955,247.68369,193.91212,654.48041,298.17566,161.88383,638.70135,317.93692,120.51839,604.19464
1579,13.15,177.42053,216.11671,632.86108,159.92377,167.6609,650.85345,191.61493,150.18709,675.2547,219.67163,115.63972,696.21234,247.68369,193.91212,654.48041,298.17566,161.88383,638.70135,317.93692,120.51839,604.19464
1580,13.158,177.42053,216.11671,632.86108,159.92377,167.6609,650.85345,191.61493,150.18709,675.2547,219.86017,115.96516,696.27759,247.81648,194.39294,654.06226,297.94965,162.0304,638.80621,317.93692,120.51839,604.19464
1581,13.167,177.42053,216.11671,632.86108,160.03918,168.38206,651.17194,191.61493,150.18709,675.2547,219.28575,116.23395,696.38635,247.81648,194.39294,654.06226,298.4614,162.49423,638.9375,317.93692,120.51839,604.19464
1582,13.175,177.42053,216.11671,632.86108,159.92377,167.6609,650.85345,191.61493,150.18709,675.2547,219.67163,115.63972,696.21234,247.71393,195.46283,654.12921,297.94965,162.0304,638.80621,317.93692,120.51839,604.19464
1583,13.183,177.42053,216.11671,632.86108,160.03918,168.38206,651.17194,191.61493,150.18709,675.2547,219.86017,115.96516,696.27759,247.68369,193.91212,654.48041,297.94965,162.0304,638.80621,317.93692,120.51839,604.19464
1584,13.192,177.42053,216.11671,632.86108,159.92377,167.6609,650.85345,191.61493,150.18709,675.2547,219.86818,115.98083,696.75177,247.68369,193.91212,654.48041,297.94965,162.0304,638.80621,317.93692,120.51839,604.19464
1585,13.2,177.42053,216.11671,632.86108,161.05606,167.77458,651.57239,191.61493,150.18709,675.2547,219.86818,115.98083,696.75177,247.68369,193.91212,654.48041,297.94965,162.0304,638.80621,317.74329,120.84695,603.96844
1586,13.208,177.42053,216.11671,632.86108,161.05606,167.77458,651.57239,191.61493,150.18709,675.2547,219.67967,115.65545,696.68658,247.68369,193.91212,654.48041,297.94965,162.0304,638.80621,317.74329,120.84695,603.96844
1587,13.217,177.42053,216.11671,632.86108,161.05606,167.77458,651.57239,191.61493,150.18709,675.2547,219.86818,115.98083,696.75177,247.68369,193.91212,654.48041,298.23535,162.64078,639.0423,317.8653,120.69629,604.06848
1588,13.225,177.42053,216.11671,632.86108,161.05606,167.77458,651.57239,191.61493,150.18709,675.2547,219.86818,115.98083,696.75177,247.95879,194.60555,654.46045,298.23535,162.64078,639.0423,317.93692,120.51839,604.19464
1589,13.233,176.89194,216.55777,633.00653,161.05606,167.77458,651.57239,191.61493,150.18709,675.2547,219.86818,115.98083,696.75177,247.95879,194.60555,654.46045,298.14996,162.70276,639.15369,317.93692,120.51839,604.19464
1590,13.242,177.0751,216.37004,632.85492,161.05606,167.77458,651.57239,192.02956,149.39398,675.12732,219.86818,115.98083,696.75177,247.9296,194.1488,654.78186,298.14996,162.70276,639.15369,317.8653,120.69629,604.06848
1591,13.25,177.0751,216.37004,632.85492,161.05606,167.77458,651.57239,191.61493,150.18709,675.2547,219.29375,116.24962,696.86047,247.8175,194.36263,654.50885,298.23535,162.64078,639.0423,317.81909,120.67127,604.09241
1592,13.258,177.0751,216.37004,632.85492,161.05606,167.77458,651.57239,191.61493,150.18709,675.2547,219.86818,115.98083,696.75177,247.68369,193.91212,654.48041,298.14996,162.70276,639.15369,317.81909,120.67127,604.09241
1593,13.267,177.0751,216.37004,632.85492,160.94951,167.05827,650.99225,191.61493,150.18709,675.2547,219.29375,116.24962,696.86047,247.82355,194.19191,654.6745,298.14996,162.70276,639.15369,317.81909,120.67127,604.09241
1594,13.275,177.0751,216.37004,632.85492,161.05606,167.77458,651.57239,191.61493,150.18709,675.2547,219.92899,115.91639,696.96918,248.09259,195.05597,654.48889,298.23535,162.64078,639.0423,317.58887,120.87505,604.16315
1595,13.283,177.0751,216.37004,632.85492,161.05606,167.77458,651.57239,192.02956,149.39398,675.12732,219.86818,115.98083,696.75177,248.0406,194.60019,654.56238,298.23535,162.64078,639.0423,317.58887,120.87505,604.16315
1596,13.292,177.0751,216.37004,632.85492,161.05606,167.77458,651.57239,192.02956,149.39398,675.12732,219.29375,116.24962,696.86047,248.0406,194.60019,654.56238,298.14996,162.70276,639.15369,317.58887,120.87505,604.16315
1597,13.3,177.0751,216.37004,632.85492,161.05606,167.77458,651.57239,191.61493,150.18709,675.2547,219.86818,115.98083,696.75177,247.95735,194.64236,654.70294,298.14996,162.70276,639.15369,317.58887,120.87505,604.16315
1598,13.308,177.0751,216.37004,632.85492,160.03918,168.38206,651.17194,191.61493,150.18709,675.2547,219.86818,115.98083,696.75177,247.82355,194.19191,654.6745,298.14996,162.70276,639.15369,317.58887,120.87505,604.16315
1599,13.317,177.0751,216.37004,632.85492,161.05606,167.77458,651.57239,191.61493,150.18709,675.2547,219.72435,115.91985,697.5896,247.68369,193.91212,654.48041,298.14996,162.70276,639.15369,317.74329,120.84695,603.96844
1600,13.325,177.0751,216.37004,632.85492,159.92377,167.6609,650.85345,191.61493,150.18709,675.2547,219.86818,115.98083,696.75177,247.82355,194.19191,654.6745,298.14996,162.70276,639.15369,317.66464,120.69936,604.28711
1601,13.333,177.0751,216.37004,632.85492,160.03918,168.38206,651.17194,191.61493,150.18709,675.2547,219.29375,116.24962,696.86047,247.68369,193.91212,654.48041,298.14996,162.70276,639.15369,317.58887,120.87505,604.16315
1602,13.342,177.0751,216.37004,632.85492,159.92377,167.6609,650.85345,192.02956,149.39398,675.12732,219.86818,115.98083,696.75177,248.15741,195.1142,654.6123,298.14996,162.70276,639.15369,317.58887,120.87505,604.16315
1603,13.35,177.0751,216.37004,632.85492,160.03918,168.38206,651.17194,192.02956,149.39398,675.12732,219.29375,116.24962,696.86047,248.0406,194.60019,654.56238,298.23535,162.64078,639.0423,317.74329,120.84695,603.96844
1604,13.358,176.89194,216.55777,633.00653,160.03918,168.38206,651.17194,191.61493,150.18709,675.2547,219.86818,115.98083,696.75177,248.09259,195.05597,654.48889,298.14996,162.70276,639.15369,317.58887,120.87505,604.16315
1605,13.367,177.0751,216.37004,632.85492,159.55986,168.67548,650.84698,191.53625,150.42738,675.07318,219.86818,115.98083,696.75177,248.09259,195.05597,654.48889,298.14996,162.70276,639.15369,317.74329,120.84695,603.96844
1606,13.375,176.9579,216.54601,632.7738,159.92377,167.6609,650.85345,191.61493,150.18709,675.2547,219.86818,115.98083,696.75177,247.8175,194.36263,654.50885,298.23535,162.64078,639.0423,317.74329,120.84695,603.96844
1607,13.383,177.0751,216.37004,632.85492,159.92377,167.6609,650.85345,191.53625,150.42738,675.07318,219.29375,116.24962,696.86047,247.9503,194.84343,654.0907,298.23535,162.64078,639.0423,317.74329,120.84695,603.96844
1608,13.392,176.9579,216.54601,632.7738,159.92377,167.6609,650.85345,192.02956,149.39398,675.12732,219.7683,115.99872,696.5603,248.15741,195.1142,654.6123,298.23535,162.64078,639.0423,317.74329,120.84695,603.96844
1609,13.4,177.0751,216.37004,632.85492,159.55986,168.67548,650.84698,191.69403,150.44281,675.06189,219.86818,115.98083,696.75177,247.9503,194.84343,654.0907,298.14996,162.70276,639.15369,317.74329,120.84695,603.96844
1610,13.408,176.9579,216.54601,632.7738,159.96663,168.43488,650.90063,191.61493,150.18709,675.2547,219.7683,115.99872,696.5603,247.81648,194.39294,654.06226,298.23535,162.64078,639.0423,317.74329,120.84695,603.96844
1611,13.417,177.0751,216.37004,632.85492,159.85117,167.71361,650.58203,191.61493,150.18709,675.2547,219.86017,115.96516,696.27759,247.9503,194.84343,654.0907,298.23535,162.64078,639.0423,317.74329,120.84695,603.96844
1612,13.425,177.0751,216.37004,632.85492,159.92377,167.6609,650.85345,191.61493,150.18709,675.2547,219.86017,115.96516,696.27759,247.81648,194.39294,654.06226,298.23535,162.64078,639.0423,317.74329,120.84695,603.96844
1613,13.433,177.0751,216.37004,632.85492,160.03918,168.38206,651.17194,191.61493,150.18709,675.2547,219.86017,115.96516,696.27759,247.81648,194.39294,654.06226,298.23535,162.64078,639.0423,317.74329,120.84695,603.96844
1614,13.442,177.42053,216.11671,632.86108,159.44427,167.95425,650.52832,191.61493,150.18709,675.2547,219.28575,116.23395,696.38635,247.81648,194.39294,654.06226,298.23535,162.64078,639.0423,317.74329,120.84695,603.96844
1615,13.45,177.42053,216.11671,632.86108,160.03918,168.38206,651.17194,191.61493,150.18709,675.2547,219.86017,115.96516,696.27759,247.81648,194.39294,654.06226,298.4614,162.49423,638.9375,317.74329,120.84695,603.96844
1616,13.458,177.42053,216.11671,632.86108,159.44427,167.95425,650.52832,191.61493,150.18709,675.2547,219.86017,115.96516,696.27759,247.81648,194.39294,654.06226,298.4614,162.49423,638.9375,317.8653,120.69629,604.06848
1617,13.467,177.42053,216.11671,632.86108,159.44427,167.95425,650.52832,191.61493,150.18709,675.2547,219.86017,115.96516,696.27759,247.81648,194.39294,654.06226,298.4614,162.49423,638.9375,317.74329,120.84695,603.96844
1618,13.475,177.42053,216.11671,632.86108,159.44427,167.95425,650.52832,191.7029,149.71033,675.06104,219.67163,115.63972,696.21234,247.81648,194.39294,654.06226,298.23535,162.64078,639.0423,317.74329,120.84695,603.96844
1619,13.483,177.42053,216.11671,632.86108,159.42256,167.97717,650.26361,191.7029,149.71033,675.06104,219.67163,115.63972,696.21234,247.81648,194.39294,654.06226,298.4614,162.49423,638.9375,317.74329,120.84695,603.96844
1620,13.492,177.42053,216.11671,632.86108,159.42256,167.97717,650.26361,191.7029,149.71033,675.06104,219.67163,115.63972,696.21234,247.81648,194.39294,654.06226,298.17566,161.88383,638.70135,317.8653,120.69629,604.06848
1621,13.5,177.42053,216.11671,632.86108,159.44427,167.95425,650.52832,192.02956,149.39398,675.12732,219.67163,115.63972,696.21234,247.87953,194.34116,654.10822,298.17566,161.88383,638.70135,317.74329,120.84695,603.96844
1622,13.508,177.42053,216.11671,632.86108,159.42256,167.97717,650.26361,191.7029,149.71033,675.06104,219.67163,115.63972,696.21234,247.81648,194.39294,654.06226,298.4614,162.49423,638.9375,317.93692,120.51839,604.19464
1623,13.517,177.42053,216.11671,632.86108,159.42256,167.97717,650.26361,192.02956,149.39398,675.12732,219.67163,115.63972,696.21234,247.87953,194.34116,654.10822,298.71628,162.35681,638.81915,317.93692,120.51839,604.19464
1624,13.525,177.42053,216.11671,632.86108,159.42256,167.97717,650.26361,191.7029,149.71033,675.06104,219.67163,115.63972,696.21234,247.74794,194.4734,653.76801,298.71628,162.35681,638.81915,317.81909,120.67127,604.09241
1625,13.533,177.42053,216.11671,632.86108,159.42256,167.97717,650.26361,191.7029,149.71033,675.06104,219.67163,115.63972,696.21234,247.74794,194.4734,653.76801,298.71628,162.35681,638.81915,317.93692,120.51839,604.19464
1626,13.542,177.42053,216.11671,632.86108,159.42256,167.97717,650.26361,191.7029,149.71033,675.06104,219.67163,115.63972,696.21234,247.74794,194.4734,653.76801,298.43057,161.74632,638.58295,317.81909,120.67127,604.09241
1627,13.55,177.42053,216.11671,632.86108,159.60909,167.87479,650.08459,192.02956,149.39398,675.12732,219.86017,115.96516,696.27759,247.7831,194.42535,653.78052,298.4614,162.49423,638.9375,317.93692,120.51839,604.19464
1628,13.558,177.42053,216.11671,632.86108,159.42256,167.97717,650.26361,191.7029,149.71033,675.06104,219.67163,115.63972,696.21234,247.81648,194.39294,654.06226,298.43057,161.74632,638.58295,317.8653,120.69629,604.06848
1629,13.567,177.42053,216.11671,632.86108,159.42256,167.97717,650.26361,191.7029,149.71033,675.06104,219.67163,115.63972,696.21234,247.74794,194.4734,653.76801,298.71628,162.35681,638.81915,317.93692,120.51839,604.19464
1630,13.575,177.42053,216.11671,632.86108,159.42256,167.97717,650.26361,191.7029,149.71033,675.06104,219.86017,115.96516,696.27759,247.74794,194.4734,653.76801,298.71628,162.35681,638.81915,317.93692,120.51839,604.19464
1631,13.583,177.42053,216.11671,632.86108,160.33096,167.4447,650.29626,192.02956,149.39398,675.12732,219.86017,115.96516,696.27759,247.7831,194.42535,653.78052,298.4614,162.49423,638.9375,317.81909,120.67127,604.09241
1632,13.592,177.42053,216.11671,632.86108,159.42256,167.97717,650.26361,191.7029,149.71033,675.06104,219.86017,115.96516,696.27759,247.74794,194.4734,653.76801,298.35846,162.70554,638.96674,317.81909,120.67127,604.09241
1633,13.6,177.0751,216.37004,632.85492,160.33096,167.4447,650.29626,191.7029,149.71033,675.06104,219.86017,115.96516,696.27759,247.74794,194.4734,653.76801,298.4614,162.49423,638.9375,317.74329,120.84695,603.96844
1634,13.608,177.0751,216.37004,632.85492,160.33096,167.4447,650.29626,191.7029,149.71033,675.06104,219.86017,115.96516,696.27759,247.74794,194.4734,653.76801,298.4614,162.49423,638.9375,318.01901,120.85869,604.18451
1635,13.617,177.0751,216.37004,632.85492,160.33096,167.4447,650.29626,191.7029,149.71033,675.06104,219.86017,115.96516,696.27759,247.74794,194.4734,653.76801,298.14996,162.70276,639.15369,317.94324,121.03437,604.06055
1636,13.625,177.0751,216.37004,632.85492,160.33096,167.4447,650.29626,191.36075,149.68709,674.76392,219.86017,115.96516,696.27759,247.74794,194.4734,653.76801,298.23535,162.64078,639.0423,317.94324,121.03437,604.06055
1637,13.633,177.0751,216.37004,632.85492,160.33096,167.4447,650.29626,191.61493,150.18709,675.2547,219.86017,115.96516,696.27759,247.81648,194.39294,654.06226,298.23535,162.64078,639.0423,317.74329,120.84695,603.96844
1638,13.642,177.0751,216.37004,632.85492,159.42256,167.97717,650.26361,191.27286,150.16386,674.95764,219.86017,115.96516,696.27759,247.74794,194.4734,653.76801,297.84973,162.88329,638.96014,317.94324,121.03437,604.06055
1639,13.65,177.0751,216.37004,632.85492,159.60909,167.87479,650.08459,191.60904,149.3358,674.75446,219.86017,115.96516,696.27759,247.7831,194.42535,653.78052,298.14996,162.70276,639.15369,317.94324,121.03437,604.06055
1640,13.658,177.0751,216.37004,632.85492,159.42256,167.97717,650.26361,191.27286,150.16386,674.95764,219.28575,116.23395,696.38635,247.74794,194.4734,653.76801,297.84973,162.88329,638.96014,318.03033,121.32857,604.10535
1641,13.667,176.89194,216.55777,633.00653,159.42256,167.97717,650.26361,191.27286,150.16386,674.95764,219.74072,117.75784,696.61261,247.81648,194.39294,654.06226,297.63129,162.96707,638.94031,318.03033,121.32857,604.10535
1642,13.675,176.77472,216.73373,632.92542,159.42256,167.97717,650.26361,191.60904,149.3358,674.75446,219.28575,116.23395,696.38635,247.78531,193.82542,654.55231,297.63129,162.96707,638.94031,318.03033,121.32857,604.10535
1643,13.683,176.53043,216.36238,632.80951,159.42256,167.97717,650.26361,191.60904,149.3358,674.75446,219.19388,116.26749,696.66901,247.87953,194.34116,654.10822,297.63129,162.96707,638.94031,318.03033,121.32857,604.10535
1644,13.692,176.53043,216.36238,632.80951,159.42256,167.97717,650.26361,191.065,150.85516,675.17133,218.93462,116.46307,697.34216,247.48019,194.58655,653.98602,297.63129,162.96707,638.94031,317.98428,121.74976,604.16333
1645,13.7,176.18504,216.61586,632.80328,159.44427,167.95425,650.52832,191.22739,150.58609,674.88971,218.92171,116.21912,697.27332,247.42232,194.76559,654.1734,297.53436,163.63892,639.00305,317.8299,121.77782,604.35797
1646,13.708,176.18504,216.61586,632.80328,159.44427,167.95425,650.52832,191.22739,150.58609,674.88971,219.05707,116.24666,696.67554,247.45651,195.147,654.08783,297.41125,163.73759,639.06281,317.8299,121.77782,604.35797
1647,13.717,176.18504,216.61586,632.80328,159.44427,167.95425,650.52832,190.98633,151.09515,674.98981,218.92171,116.21912,697.27332,247.35374,194.57635,654.01752,297.41125,163.73759,639.06281,317.8299,121.77782,604.35797
1648,13.725,176.18504,216.61586,632.80328,159.46602,167.93159,650.79297,191.22739,150.58609,674.88971,218.93462,116.46307,697.34216,247.45651,195.147,654.08783,297.40604,164.01416,639.25494,317.8299,121.77782,604.35797
1649,13.733,176.00192,216.80348,632.95496,159.55986,168.67548,650.84698,191.38339,151.95169,675.13562,219.12703,116.30911,697.70624,247.43224,194.77475,654.58893,297.47836,164.12663,639.32965,317.96384,122.08634,604.21863
1650,13.742,176.18504,216.61586,632.80328,159.46602,167.93159,650.79297,191.38339,151.95169,675.13562,218.93462,116.46307,697.34216,247.36218,194.63144,654.5318,297.40604,164.01416,639.25494,317.8299,121.77782,604.35797
1651,13.75,176.00192,216.80348,632.95496,159.58159,168.65273,651.11151,191.38339,151.95169,675.13562,219.19456,117.10737,697.31415,247.49767,195.17973,654.21722,297.47836,164.12663,639.32965,317.8299,121.77782,604.35797
1652,13.758,176.00192,216.80348,632.95496,159.58159,168.65273,651.11151,191.10748,152.04738,675.08276,219.19456,117.10737,697.31415,247.39729,195.58188,654.10785,297.40604,164.01416,639.25494,317.8299,121.77782,604.35797
1653,13.767,176.00192,216.80348,632.95496,159.58159,168.65273,651.11151,190.74811,152.34738,675.4743,219.19456,117.10737,697.31415,247.39729,195.58188,654.10785,297.3949,164.00394,639.55286,317.8299,121.77782,604.35797
1654,13.775,176.09921,215.86862,632.92346,159.58159,168.65273,651.11151,190.83125,152.53223,675.33136,219.2944,117.08946,697.50555,247.6176,195.40601,654.54187,297.40604,164.01416,639.25494,317.52048,121.90907,604.32556
1655,13.783,176.09921,215.86862,632.92346,159.58159,168.65273,651.11151,190.74811,152.34738,675.4743,219.51567,117.59606,697.32422,247.48347,195.485,654.79382,297.3949,164.00394,639.55286,317.81274,122.43781,604.30927
1656,13.792,176.09921,215.86862,632.92346,159.69717,169.37384,651.43024,190.74811,152.34738,675.4743,219.51567,117.59606,697.32422,247.34999,195.99629,654.5993,297.3949,164.00394,639.55286,317.82187,122.68915,604.48267
1657,13.8,175.95702,215.96124,632.89917,159.69717,169.37384,651.43024,190.74811,152.34738,675.4743,219.31281,117.70885,697.24811,247.23889,195.54514,654.81879,296.91458,164.27252,639.61603,317.75607,122.73022,604.6485
1658,13.808,175.8591,216.2531,632.84314,159.69717,169.37384,651.43024,190.74811,152.34738,675.4743,219.51567,117.59606,697.32422,247.25192,195.56943,654.83374,296.99451,164.42604,639.63757,318.11636,123.0492,604.75848
1659,13.817,175.7551,217.25574,632.8761,159.69717,169.37384,651.43024,190.74811,152.34738,675.4743,219.31281,117.70885,697.24811,247.13905,196.07892,654.40179,296.99451,164.42604,639.63757,318.0831,123.60205,604.4021
1660,13.825,175.7551,217.25574,632.8761,159.69717,169.37384,651.43024,190.83125,152.53223,675.33136,219.67795,117.94361,697.4173,247.13905,196.07892,654.40179,296.99451,164.42604,639.63757,318.0831,123.60205,604.4021
1661,13.833,175.7551,217.25574,632.8761,159.69717,169.37384,651.43024,190.74811,152.34738,675.4743,219.44969,118.38918,697.41083,247.26961,196.27164,654.52844,297.1301,164.69197,639.55804,318.24069,124.30702,604.86987
1662,13.842,175.8591,216.2531,632.84314,159.69717,169.37384,651.43024,190.83125,152.53223,675.33136,219.65259,118.27633,697.48694,247.29633,196.72992,654.65668,297.082,164.61044,639.52252,318.14975,123.93246,604.51617
1663,13.85,175.7551,217.25574,632.8761,159.69717,169.37384,651.43024,190.85493,153.03784,675.02448,219.65259,118.27633,697.48694,247.29633,196.72992,654.65668,296.92026,164.7984,639.41022,318.26514,123.95324,604.29602
1664,13.858,175.7551,217.25574,632.8761,159.69717,169.37384,651.43024,190.61301,153.05287,674.59833,219.44969,118.38918,697.41083,247.29633,196.72992,654.65668,296.99365,165.10124,639.47034,318.14975,123.93246,604.51617
1665,13.867,175.7551,217.25574,632.8761,159.69717,169.37384,651.43024,191.17116,153.97031,674.9292,219.65259,118.27633,697.48694,247.28488,197.05228,654.86121,296.96664,165.3215,639.3053,318.44678,124.70117,605.00409
1666,13.875,175.99939,217.62698,632.99194,159.69717,169.37384,651.43024,191.17116,153.97031,674.9292,219.65259,118.27633,697.48694,247.28488,197.05228,654.86121,296.96664,165.3215,639.3053,317.53726,125.42197,604.74628
1667,13.883,175.99939,217.62698,632.99194,159.69717,169.37384,651.43024,191.17116,153.97031,674.9292,219.44969,118.38918,697.41083,247.28488,197.05228,654.86121,296.99365,165.10124,639.47034,317.65482,125.4129,604.50946
1668,13.892,175.99939,217.62698,632.99194,159.67549,169.39668,651.16577,191.25304,153.77492,675.20398,219.44969,118.38918,697.41083,247.28488,197.05228,654.86121,296.96664,165.3215,639.3053,318.09955,125.14797,605.26532
1669,13.9,175.99939,217.62698,632.99194,159.69717,169.37384,651.43024,191.17116,153.97031,674.9292,219.65259,118.27633,697.48694,247.28488,197.05228,654.86121,296.96664,165.3215,639.3053,318.09955,125.14797,605.26532
1670,13.908,175.99939,217.62698,632.99194,159.69717,169.37384,651.43024,191.17116,153.97031,674.9292,219.44969,118.38918,697.41083,247.29633,196.72992,654.65668,296.96664,165.3215,639.3053,317.65482,125.4129,604.50946
1671,13.917,175.91113,217.80247,632.90002,159.69717,169.37384,651.43024,191.17116,153.97031,674.9292,219.44969,118.38918,697.41083,247.14581,196.93462,654.54987,296.96664,165.3215,639.3053,318.12427,124.79527,604.69092
1672,13.925,175.91113,217.80247,632.90002,159.69717,169.37384,651.43024,191.09406,153.78021,674.77069,219.44969,118.38918,697.41083,246.8159,197.16183,654.33313,296.96664,165.3215,639.3053,318.00882,124.77453,604.91107
1673,13.933,175.99939,217.62698,632.99194,159.67549,169.39668,651.16577,191.17116,153.97031,674.9292,219.44969,118.38918,697.41083,247.28488,197.05228,654.86121,297.47375,164.83278,639.40717,318.24069,124.30702,604.86987
1674,13.942,175.99939,217.62698,632.99194,159.67549,169.39668,651.16577,191.17116,153.97031,674.9292,219.44969,118.38918,697.41083,247.41304,196.67091,654.2677,297.5217,164.55887,639.2995,318.35608,124.32776,604.64978
1675,13.95,175.99939,217.62698,632.99194,159.67549,169.39668,651.16577,191.17116,153.97031,674.9292,219.44969,118.38918,697.41083,247.42453,196.3483,654.06317,297.19138,164.56871,639.15247,318.14975,123.93246,604.51617
1676,13.958,175.99939,217.62698,632.99194,159.67549,169.39668,651.16577,190.61301,153.05287,674.59833,220.03931,119.90502,697.52386,247.42453,196.3483,654.06317,297.082,164.61044,639.52252,318.0173,123.64314,604.56793
1677,13.967,175.99939,217.62698,632.99194,159.67549,169.39668,651.16577,190.45676,152.30099,674.84509,219.70311,119.757,697.36035,247.42453,196.3483,654.06317,297.19138,164.56871,639.15247,318.0173,123.64314,604.56793
1678,13.975,175.99939,217.62698,632.99194,159.67549,169.39668,651.16577,190.61301,153.05287,674.59833,219.3499,118.40701,697.21948,247.42453,196.3483,654.06317,297.082,164.61044,639.52252,317.87292,123.13936,604.5603
1679,13.983,175.99939,217.62698,632.99194,159.67549,169.39668,651.16577,190.83125,152.53223,675.33136,219.18759,118.05934,697.12634,247.26381,196.093,653.91345,297.57336,164.35205,639.16144,317.79227,122.72965,604.85187
1680,13.992,175.7551,217.25574,632.8761,159.67549,169.39668,651.16577,190.85493,153.03784,675.02448,219.18759,118.05934,697.12634,247.1028,195.83377,653.45947,296.91458,164.27252,639.61603,317.62207,122.42157,604.78784
1681,14,175.7551,217.25574,632.8761,159.67549,169.39668,651.16577,190.45676,152.30099,674.84509,219.18759,118.05934,697.12634,247.26782,195.98779,653.81818,297.47836,164.12663,639.32965,317.62207,122.42157,604.78784
1682,14.008,175.7551,217.25574,632.8761,159.67549,169.39668,651.16577,190.69576,152.5242,675.22888,219.39046,117.9465,697.20245,246.6346,196.44937,653.27734,297.02399,164.23082,639.24597,317.45468,121.95011,604.49139
1683,14.017,175.89941,217.14682,632.8985,159.67549,169.39668,651.16577,190.83125,152.53223,675.33136,219.41583,117.61386,697.13281,247.1028,195.83377,653.45947,297.40604,164.01416,639.25494,317.52048,121.90907,604.32556
1684,14.025,176.00192,216.80348,632.95496,159.67549,169.39668,651.16577,190.74811,152.34738,675.4743,219.41583,117.61386,697.13281,247.1028,195.83377,653.45947,297.40604,164.01416,639.25494,317.52048,121.90907,604.32556
1685,14.033,175.88094,216.45767,632.71686,159.55986,168.67548,650.84698,191.10748,152.04738,675.08276,219.19456,117.10737,697.31415,247.23627,195.3226,653.65381,297.40604,164.01416,639.25494,317.52048,121.90907,604.32556
1686,14.042,175.88094,216.45767,632.71686,159.55986,168.67548,650.84698,191.1906,152.23216,674.93982,219.19456,117.10737,697.31415,247.23627,195.3226,653.65381,297.40604,164.01416,639.25494,317.8299,121.77782,604.35797
1687,14.05,176.00192,216.80348,632.95496,159.72556,168.58549,650.65942,191.10748,152.04738,675.08276,219.19456,117.10737,697.31415,247.23627,195.3226,653.65381,297.40604,164.01416,639.25494,317.8299,121.77782,604.35797
1688,14.058,176.00192,216.80348,632.95496,159.55986,168.67548,650.84698,191.16832,152.15569,675.0899,218.93462,116.46307,697.34216,247.31801,195.17612,653.65918,297.40604,164.01416,639.25494,317.8299,121.77782,604.35797
1689,14.067,176.00192,216.80348,632.95496,159.55986,168.67548,650.84698,191.38339,151.95169,675.13562,218.93462,116.46307,697.34216,247.23627,195.3226,653.65381,297.40604,164.01416,639.25494,317.8299,121.77782,604.35797
1690,14.075,176.18504,216.61586,632.80328,160.33096,167.4447,650.29626,190.98633,151.09515,674.98981,218.93462,116.46307,697.34216,247.31801,195.17612,653.65918,297.40604,164.01416,639.25494,317.8299,121.77782,604.35797
1691,14.083,176.30833,216.64154,632.68109,159.53818,168.69849,650.5824,190.98633,151.09515,674.98981,218.93462,116.46307,697.34216,247.31801,195.17612,653.65918,297.41125,163.73759,639.06281,317.8299,121.77782,604.35797
1692,14.092,176.77472,216.73373,632.92542,159.53818,168.69849,650.5824,190.98633,151.09515,674.98981,218.93462,116.46307,697.34216,247.31801,195.17612,653.65918,297.62601,163.24379,639.13232,317.90515,121.66382,604.36908
1693,14.1,176.77472,216.73373,632.92542,159.53818,168.69849,650.5824,191.34946,150.31329,675.08496,218.93462,116.46307,697.34216,247.26016,194.79695,653.57605,297.62601,163.24379,639.13232,317.98428,121.74976,604.16333
1694,14.108,176.77472,216.73373,632.92542,159.53818,168.69849,650.5824,191.065,150.85516,675.17133,219.0714,116.48389,697.33563,247.31049,194.73579,653.59918,297.63129,162.96707,638.94031,317.8299,121.77782,604.35797
1695,14.117,176.77472,216.73373,632.92542,159.42256,167.97717,650.26361,191.065,150.85516,675.17133,219.26379,116.32994,697.69971,247.88179,194.92389,653.79651,297.63129,162.96707,638.94031,318.03033,121.32857,604.10535
1696,14.125,176.77472,216.73373,632.92542,159.53818,168.69849,650.5824,191.60904,149.3358,674.75446,219.17125,116.46598,697.5271,247.7831,194.42535,653.78052,297.93149,162.78664,639.13391,318.10611,121.15289,604.22925
1697,14.133,176.89194,216.55777,633.00653,159.42256,167.97717,650.26361,192.02956,149.39398,675.12732,219.15836,116.22205,697.45825,248.01962,194.85036,654.2749,298.23376,163.13437,639.40381,318.10611,121.15289,604.22925
1698,14.142,176.77472,216.73373,632.92542,159.53818,168.69849,650.5824,192.02956,149.39398,675.12732,219.19388,116.26749,696.66901,247.99635,194.85524,654.1582,298.14996,162.70276,639.15369,318.22391,121.00001,604.33148
1699,14.15,176.77472,216.73373,632.92542,159.53818,168.69849,650.5824,192.02956,149.39398,675.12732,219.65698,117.78673,696.87323,247.89993,194.93945,653.83057,298.14996,162.70276,639.15369,318.10611,121.15289,604.22925
1700,14.158,176.89194,216.55777,633.00653,159.42256,167.97717,650.26361,191.61493,150.18709,675.2547,219.5453,116.03115,697.0603,247.74794,194.4734,653.76801,298.14996,162.70276,639.15369,318.3588,120.92314,604.37463
1701,14.167,176.89194,216.55777,633.00653,159.53818,168.69849,650.5824,191.61493,150.18709,675.2547,219.35075,116.06811,697.82239,247.81648,194.39294,654.06226,298.14996,162.70276,639.15369,318.22391,121.00001,604.33148
1702,14.175,176.89194,216.55777,633.00653,159.42256,167.97717,650.26361,191.61493,150.18709,675.2547,219.35075,116.06811,697.82239,247.87849,194.4771,654.17755,298.26184,162.89047,639.24066,318.10611,121.15289,604.22925
1703,14.183,176.89194,216.55777,633.00653,159.53818,168.69849,650.5824,192.02956,149.39398,675.12732,219.35075,116.06811,697.82239,247.99635,194.85524,654.1582,298.14996,162.70276,639.15369,318.14478,120.91405,604.53723
1704,14.192,176.89194,216.55777,633.00653,159.42256,167.97717,650.26361,191.61493,150.18709,675.2547,219.15836,116.22205,697.45825,247.81648,194.39294,654.06226,298.14465,162.97946,639.34564,318.14478,120.91405,604.53723
1705,14.2,176.89194,216.55777,633.00653,159.42256,167.97717,650.26361,192.02956,149.39398,675.12732,219.35075,116.06811,697.82239,247.87953,194.34116,654.10822,298.14996,162.70276,639.15369,318.14478,120.91405,604.53723
1706,14.208,176.89194,216.55777,633.00653,159.42256,167.97717,650.26361,191.61493,150.18709,675.2547,219.15836,116.22205,697.45825,247.81648,194.39294,654.06226,297.93149,162.78664,639.13391,318.10611,121.15289,604.22925
1707,14.217,176.64764,216.18639,632.89069,159.42256,167.97717,650.26361,191.61493,150.18709,675.2547,219.48764,115.99969,697.82501,247.87849,194.4771,654.17755,298.0531,162.99257,639.22449,318.10611,121.15289,604.22925
1708,14.225,176.64764,216.18639,632.89069,159.42256,167.97717,650.26361,192.02956,149.39398,675.12732,219.15836,116.22205,697.45825,247.78531,193.82542,654.55231,297.93149,162.78664,639.13391,317.87256,121.09496,604.6297
1709,14.233,176.76717,214.86331,632.89813,159.42256,167.97717,650.26361,191.61493,150.18709,675.2547,219.15836,116.22205,697.45825,247.68369,193.91212,654.48041,298.14996,162.70276,639.15369,317.99033,120.94208,604.73193
1710,14.242,176.64764,216.18639,632.89069,159.42256,167.97717,650.26361,191.60904,149.3358,674.75446,219.15836,116.22205,697.45825,247.78531,193.82542,654.55231,297.93149,162.78664,639.13391,317.87595,121.35665,604.29999
1711,14.25,176.53043,216.36238,632.80951,159.42256,167.97717,650.26361,191.61493,150.18709,675.2547,219.15836,116.22205,697.45825,247.69003,194.38281,654.09369,297.93149,162.78664,639.13391,317.87595,121.35665,604.29999
1712,14.258,176.53043,216.36238,632.80951,159.42256,167.97717,650.26361,191.27286,150.16386,674.95764,219.15836,116.22205,697.45825,247.81648,194.39294,654.06226,297.93149,162.78664,639.13391,318.02698,121.06694,604.43506
1713,14.267,176.53043,216.36238,632.80951,159.42256,167.97717,650.26361,191.60904,149.3358,674.75446,219.35075,116.06811,697.82239,247.64439,193.83704,654.57996,297.93149,162.78664,639.13391,317.87256,121.09496,604.6297
1714,14.275,176.53043,216.36238,632.80951,159.42256,167.97717,650.26361,191.40703,150.8784,675.46826,219.02159,116.20126,697.46478,247.68369,193.91212,654.48041,297.93149,162.78664,639.13391,317.99789,121.206,604.39996
1715,14.283,176.53043,216.36238,632.80951,159.42256,167.97717,650.26361,191.34946,150.31329,675.08496,219.03448,116.44518,697.53363,247.24524,194.11736,654.48187,297.93149,162.78664,639.13391,317.95169,121.18098,604.42389
1716,14.292,176.53043,216.36238,632.80951,159.44427,167.95425,650.52832,191.065,150.85516,675.17133,219.03448,116.44518,697.53363,247.2209,194.09561,654.43561,297.92618,163.06334,639.32587,317.87595,121.35665,604.29999
1717,14.3,176.53043,216.36238,632.80951,159.44427,167.95425,650.52832,191.34946,150.31329,675.08496,219.02159,116.20126,697.46478,247.7887,194.1604,654.80951,297.93149,162.78664,639.13391,317.79681,121.27066,604.5058
1718,14.308,176.53043,216.36238,632.80951,159.44427,167.95425,650.52832,191.34946,150.31329,675.08496,219.2269,116.29121,697.89771,247.53046,194.42917,654.68378,297.92618,163.06334,639.32587,317.79681,121.27066,604.5058
1719,14.317,176.77472,216.73373,632.92542,159.58159,168.65273,651.11151,191.34946,150.31329,675.08496,219.03448,116.44518,697.53363,247.64735,194.94319,654.7337,297.92096,163.33986,639.51794,317.79681,121.27066,604.5058
1720,14.325,176.42937,216.9872,632.91919,159.55986,168.67548,650.84698,191.065,150.85516,675.17133,219.51169,117.92391,697.67322,247.45282,196.79419,654.48151,297.96167,163.30144,639.79852,317.75076,121.69183,604.56372
1721,14.333,176.77472,216.73373,632.92542,159.58159,168.65273,651.11151,191.58885,151.93895,675.56818,219.2944,117.08946,697.50555,247.59215,196.78404,654.45831,297.74683,163.79541,639.72888,317.75076,121.69183,604.56372
1722,14.342,176.77472,216.73373,632.92542,159.58159,168.65273,651.11151,191.50545,151.67909,675.33087,219.2944,117.08946,697.50555,247.59215,196.78404,654.45831,298.03088,163.44814,639.78894,317.75076,121.69183,604.56372
1723,14.35,176.77472,216.73373,632.92542,159.58159,168.65273,651.11151,191.22739,150.58609,674.88971,219.2944,117.08946,697.50555,247.59215,196.78404,654.45831,297.79929,163.9021,639.73083,317.8299,121.77782,604.35797
1724,14.358,176.77472,216.73373,632.92542,159.55986,168.67548,650.84698,191.51016,152.17897,675.38672,219.2944,117.08946,697.50555,247.59215,196.78404,654.45831,297.74683,163.79541,639.72888,317.8299,121.77782,604.35797
1725,14.367,176.42937,216.9872,632.91919,159.55986,168.67548,650.84698,191.38339,151.95169,675.13562,219.63397,116.99751,697.57513,247.59215,196.78404,654.45831,297.74683,163.79541,639.72888,317.75076,121.69183,604.56372
1726,14.375,176.42937,216.9872,632.91919,159.55986,168.67548,650.84698,191.51016,152.17897,675.38672,219.49722,116.97674,697.58167,247.59215,196.78404,654.45831,296.92294,163.53008,639.06464,317.8299,121.77782,604.35797
1727,14.383,176.77472,216.73373,632.92542,159.67549,169.39668,651.16577,191.86734,152.22272,675.34558,219.64912,117.28299,697.96289,247.91908,195.64966,654.66388,297.74683,163.79541,639.72888,317.8299,121.77782,604.35797
1728,14.392,176.42937,216.9872,632.91919,159.55986,168.67548,650.84698,191.16832,152.15569,675.0899,219.65948,117.32426,697.67474,247.90984,195.4785,654.53503,297.74683,163.79541,639.72888,317.8299,121.77782,604.35797
1729,14.4,176.42937,216.9872,632.91919,159.67549,169.39668,651.16577,191.9507,153.21255,675.12085,219.64912,117.28299,697.96289,248.31798,195.36942,654.7619,297.74683,163.79541,639.72888,317.75076,121.69183,604.56372
1730,14.408,176.42937,216.9872,632.91919,159.67549,169.39668,651.16577,191.72701,153.22385,674.96484,219.89606,118.89327,697.80487,247.90984,195.4785,654.53503,297.56223,164.34184,639.45935,317.909,121.91194,604.68671
1731,14.417,176.42937,216.9872,632.91919,159.67549,169.39668,651.16577,191.39487,153.35368,675.28406,220.09612,118.77364,697.88196,247.90984,195.4785,654.53503,297.56223,164.34184,639.45935,317.8299,121.77782,604.35797
1732,14.425,176.42937,216.9872,632.91919,159.69717,169.37384,651.43024,191.72701,153.22385,674.96484,220.20245,119.42573,697.77942,247.90984,195.4785,654.53503,297.91409,164.1333,639.63538,317.8299,121.77782,604.35797
1733,14.433,176.24623,217.1748,633.07086,159.69717,169.37384,651.43024,191.72701,153.22385,674.96484,219.65948,117.32426,697.67474,247.82895,195.90994,654.35394,297.3949,164.00394,639.55286,317.98813,121.99794,604.48096
1734,14.442,176.42937,216.9872,632.91919,159.58159,168.65273,651.11151,191.9507,153.21255,675.12085,219.68768,117.74755,697.55957,247.78558,196.16096,654.46942,297.56223,164.34184,639.45935,317.99985,122.286,605.04041
1735,14.45,176.42937,216.9872,632.91919,159.67549,169.39668,651.16577,191.72701,153.22385,674.96484,219.81429,117.63777,697.85046,247.82895,195.90994,654.35394,297.57336,164.35205,639.16144,317.84161,122.06576,604.91742
1736,14.458,176.42937,216.9872,632.91919,159.67549,169.39668,651.16577,191.9507,153.21255,675.12085,219.4848,117.86032,697.48352,247.78558,196.16096,654.46942,297.68451,164.43524,639.07397,318.07898,122.37199,604.83466
1737,14.467,175.47052,214.19325,633.37347,159.55986,168.67548,650.84698,192.50859,154.13132,675.45233,219.68768,117.74755,697.55957,247.78558,196.16096,654.46942,297.57336,164.35205,639.16144,317.92075,122.15176,604.71173
1738,14.475,175.47052,214.19325,633.37347,159.67549,169.39668,651.16577,191.9507,153.21255,675.12085,219.66231,118.08026,697.62921,247.78558,196.16096,654.46942,297.68451,164.43524,639.07397,317.99722,122.24924,604.65436
1739,14.483,175.47052,214.19325,633.37347,159.55986,168.67548,650.84698,192.50859,154.13132,675.45233,219.66231,118.08026,697.62921,247.56537,196.33673,654.03558,297.68451,164.43524,639.07397,318.07898,122.37199,604.83466
1740,14.492,175.43159,214.66856,633.68109,159.67549,169.39668,651.16577,192.50859,154.13132,675.45233,219.44969,118.38918,697.41083,247.40436,196.0775,653.5816,297.68451,164.43524,639.07397,317.8299,121.77782,604.35797
1741,14.5,175.47052,214.19325,633.37347,159.67549,169.39668,651.16577,192.23376,153.95537,675.15814,219.65259,118.27633,697.48694,247.51704,195.84659,653.56915,297.68451,164.43524,639.07397,318.07898,122.37199,604.83466
1742,14.508,175.36803,214.5372,633.31696,159.67549,169.39668,651.16577,192.50859,154.13132,675.45233,219.44969,118.38918,697.41083,247.66573,196.43274,653.94202,297.68451,164.43524,639.07397,317.92075,122.15176,604.71173
1743,14.517,175.61034,214.84126,633.34418,159.67549,169.39668,651.16577,192.23376,153.95537,675.15814,219.68768,117.74755,697.55957,247.6163,195.94757,653.4776,297.68451,164.43524,639.07397,318.07898,122.37199,604.83466
1744,14.525,175.46146,214.61304,633.22656,159.67549,169.39668,651.16577,192.26672,154.14503,675.02551,219.65259,118.27633,697.48694,247.50473,196.17352,653.48804,297.57336,164.35205,639.16144,317.8299,121.77782,604.35797
1745,14.533,176.82811,218.39288,632.71771,159.67549,169.39668,651.16577,192.29013,154.65161,674.71918,219.65259,118.27633,697.48694,247.50473,196.17352,653.48804,297.68451,164.43524,639.07397,317.909,121.91194,604.68671
1746,14.542,176.82811,218.39288,632.71771,159.67549,169.39668,651.16577,192.12495,154.48045,674.50696,219.44969,118.38918,697.41083,247.6163,195.94757,653.4776,297.68451,164.43524,639.07397,317.98813,121.99794,604.48096
1747,14.55,176.63998,218.63992,632.90802,159.67549,169.39668,651.16577,192.29854,154.69542,674.34509,219.65259,118.27633,697.48694,247.6163,195.94757,653.4776,297.68451,164.43524,639.07397,317.98813,121.99794,604.48096
1748,14.558,176.82811,218.39288,632.71771,159.6537,169.81767,650.95819,192.29013,154.65161,674.71918,219.44969,118.38918,697.41083,247.50473,196.17352,653.48804,297.68451,164.43524,639.07397,317.8299,121.77782,604.35797
1749,14.567,176.82811,218.39288,632.71771,159.67549,169.39668,651.16577,192.29854,154.69542,674.34509,219.65259,118.27633,697.48694,247.29062,196.24176,653.25897,297.68451,164.43524,639.07397,317.8299,121.77782,604.35797
1750,14.575,176.82811,218.39288,632.71771,159.67549,169.39668,651.16577,192.46156,154.86031,674.55231,219.65259,118.27633,697.48694,247.50473,196.17352,653.48804,297.68451,164.43524,639.07397,317.8299,121.77782,604.35797
1751,14.583,176.82811,218.39288,632.71771,159.67549,169.39668,651.16577,192.29854,154.69542,674.34509,220.03323,120.2087,697.5921,247.6163,195.94757,653.4776,297.68451,164.43524,639.07397,317.8299,121.77782,604.35797
1752,14.592,176.82811,218.39288,632.71771,159.84114,169.30679,650.97833,192.12495,154.48045,674.50696,220.23337,120.08891,697.66919,247.6163,195.94757,653.4776,297.68451,164.43524,639.07397,317.8299,121.77782,604.35797
1753,14.6,176.82811,218.39288,632.71771,159.84114,169.30679,650.97833,192.29854,154.69542,674.34509,219.44969,118.38918,697.41083,247.6163,195.94757,653.4776,297.68451,164.43524,639.07397,317.8299,121.77782,604.35797
1754,14.608,176.82349,219.16522,632.89386,159.84114,169.30679,650.97833,192.29854,154.69542,674.34509,219.44969,118.38918,697.41083,247.6163,195.94757,653.4776,297.68451,164.43524,639.07397,317.8299,121.77782,604.35797
1755,14.617,177.01164,218.91821,632.70355,159.81932,169.72777,650.77075,192.29854,154.69542,674.34509,219.46265,118.63309,697.47961,247.6163,195.94757,653.4776,297.68451,164.43524,639.07397,317.8299,121.77782,604.35797
1756,14.625,177.35674,218.66504,632.70972,159.81844,169.73845,650.51489,192.29854,154.69542,674.34509,219.65259,118.27633,697.48694,247.6163,195.94757,653.4776,297.62714,164.66721,638.90613,317.8299,121.77782,604.35797
1757,14.633,177.35674,218.66504,632.70972,159.81844,169.73845,650.51489,192.46156,154.86031,674.55231,219.44969,118.38918,697.41083,247.50473,196.17352,653.48804,297.62714,164.66721,638.90613,317.98428,121.74976,604.16333
1758,14.642,177.35674,218.66504,632.70972,159.81844,169.73845,650.51489,192.29854,154.69542,674.34509,219.65259,118.27633,697.48694,247.6163,195.94757,653.4776,297.62714,164.66721,638.90613,317.8299,121.77782,604.35797
1759,14.65,177.35674,218.66504,632.70972,159.81844,169.73845,650.51489,192.29854,154.69542,674.34509,219.44969,118.38918,697.41083,247.6163,195.94757,653.4776,297.58963,164.69995,638.88855,318.05151,121.62035,604.45215
1760,14.658,177.35674,218.66504,632.70972,159.81844,169.73845,650.51489,192.29854,154.69542,674.34509,219.44969,118.38918,697.41083,247.6163,195.94757,653.4776,297.58963,164.69995,638.88855,318.20184,121.98798,604.26648
1761,14.667,177.35674,218.66504,632.70972,159.81844,169.73845,650.51489,192.29854,154.69542,674.34509,219.44969,118.38918,697.41083,247.6163,195.94757,653.4776,297.62714,164.66721,638.90613,317.98428,121.74976,604.16333
1762,14.675,177.35674,218.66504,632.70972,159.81844,169.73845,650.51489,192.29854,154.69542,674.34509,219.44969,118.38918,697.41083,247.6163,195.94757,653.4776,297.62714,164.66721,638.90613,317.98428,121.74976,604.16333
1763,14.683,177.35674,218.66504,632.70972,159.81844,169.73845,650.51489,192.29854,154.69542,674.34509,219.44969,118.38918,697.41083,248.05351,195.68527,653.6463,297.62714,164.66721,638.90613,317.98428,121.74976,604.16333
1764,14.692,177.35674,218.66504,632.70972,159.81844,169.73845,650.51489,192.29854,154.69542,674.34509,219.58638,118.40994,697.4043,248.05351,195.68527,653.6463,297.68976,164.15863,638.88177,318.11819,122.05825,604.02405
1765,14.7,177.35674,218.66504,632.70972,159.81844,169.73845,650.51489,192.29854,154.69542,674.34509,219.44969,118.38918,697.41083,248.05351,195.68527,653.6463,297.60217,164.42543,638.69318,318.38507,121.98776,604.04773
1766,14.708,177.35674,218.66504,632.70972,159.81844,169.73845,650.51489,192.29854,154.69542,674.34509,219.78929,118.2971,697.48041,248.05351,195.68527,653.6463,297.60217,164.42543,638.69318,318.2348,121.62017,604.23334
1767,14.717,177.35674,218.66504,632.70972,159.84027,169.31758,650.72241,192.29854,154.69542,674.34509,219.58638,118.40994,697.4043,248.05351,195.68527,653.6463,298.17529,164.00694,638.49542,318.2348,121.62017,604.23334
1768,14.725,177.35674,218.66504,632.70972,160.22015,170.02014,650.87482,192.64,154.71877,674.6416,219.60773,118.44874,697.34454,248.10727,195.83342,653.52948,298.56393,163.73207,638.74384,318.38507,121.98776,604.04773
1769,14.733,177.80447,218.06906,632.77234,160.03377,170.12233,651.05365,192.94089,154.85426,675.02295,219.89204,118.35246,697.06177,248.33015,195.54942,653.55219,298.83945,163.27901,638.4137,318.38507,121.98776,604.04773
1770,14.742,177.80447,218.06906,632.77234,160.03377,170.12233,651.05365,192.74886,154.19347,675.29285,219.59734,118.4073,697.63281,248.33015,195.54942,653.55219,298.88074,163.57538,638.62769,318.38507,121.98776,604.04773
1771,14.75,178.03519,217.88707,632.61578,160.77718,170.63518,651.60199,192.74886,154.19347,675.29285,219.74799,118.76563,697.76202,248.3839,195.69756,653.43536,298.88074,163.57538,638.62769,318.38507,121.98776,604.04773
1772,14.758,178.03519,217.88707,632.61578,160.77718,170.63518,651.60199,192.74886,154.19347,675.29285,219.73753,118.21845,697.9057,248.3839,195.69756,653.43536,298.88074,163.57538,638.62769,318.38507,121.98776,604.04773
1773,14.767,178.03519,217.88707,632.61578,160.99934,170.20872,651.32361,192.74886,154.19347,675.29285,220.1252,117.97215,697.65845,248.3839,195.69756,653.43536,298.83945,163.27901,638.4137,318.45096,121.52438,604.01935
1774,14.775,178.03519,217.88707,632.61578,160.99907,170.68375,651.57886,192.74886,154.19347,675.29285,220.41544,117.84158,697.70538,248.55818,195.62387,653.45538,299.00107,162.90004,638.54211,318.45096,121.52438,604.01935
1775,14.783,178.03519,217.88707,632.61578,160.99907,170.68375,651.57886,192.74886,154.19347,675.29285,220.34532,117.8884,697.66632,248.63919,195.19241,653.63641,299.00107,162.90004,638.54211,318.30066,121.15685,604.2049
1776,14.792,178.03519,217.88707,632.61578,160.68381,169.90714,651.34851,192.74886,154.19347,675.29285,219.73401,118.29053,697.51898,248.63919,195.19241,653.63641,299.00107,162.90004,638.54211,318.45096,121.52438,604.01935
1777,14.8,178.03519,217.88707,632.61578,160.68381,169.90714,651.34851,192.74886,154.19347,675.29285,219.95764,118.13473,697.91357,248.63919,195.19241,653.63641,299.00107,162.90004,638.54211,318.45096,121.52438,604.01935
1778,14.808,178.03519,217.88707,632.61578,160.68381,169.90714,651.34851,192.74886,154.19347,675.29285,220.83339,117.02355,699.6012,248.63919,195.19241,653.63641,299.00107,162.90004,638.54211,318.30066,121.15685,604.2049
1779,14.817,178.03519,217.88707,632.61578,160.68381,169.90714,651.34851,192.74886,154.19347,675.29285,220.36908,117.81246,697.66559,248.70694,195.2502,654.16022,299.00107,162.90004,638.54211,318.20389,120.83937,604.17877
1780,14.825,178.03519,217.88707,632.61578,160.39914,169.13341,651.01947,192.74886,154.19347,675.29285,220.22067,117.44032,696.867,248.56471,195.03743,653.76202,299.00107,162.90004,638.54211,318.20389,120.83937,604.17877
1781,14.833,178.03519,217.88707,632.61578,160.39914,169.13341,651.01947,192.74886,154.19347,675.29285,219.86723,117.64352,698.02039,248.56471,195.03743,653.76202,299.00107,162.90004,638.54211,318.20389,120.83937,604.17877
1782,14.842,177.85173,217.36143,632.62994,160.39914,169.13341,651.01947,192.74886,154.19347,675.29285,220.61317,117.10738,699.59332,248.56471,195.03743,653.76202,298.00534,162.70753,637.85535,319.05472,119.21438,604.56616
1783,14.85,177.85173,217.36143,632.62994,160.39914,169.13341,651.01947,192.74886,154.19347,675.29285,219.72087,117.73898,698.01611,248.41115,195.11792,653.73322,297.83804,162.4127,637.96393,317.80936,121.00674,604.11261
1784,14.858,177.85173,217.36143,632.62994,159.96663,168.43488,650.90063,192.74886,154.19347,675.29285,219.61235,117.83481,696.97839,248.55339,195.33069,654.13141,298.03986,162.1842,638.08997,318.81436,119.32346,604.51025
1785,14.867,176.83229,212.74297,632.98071,159.96663,168.43488,650.90063,192.74886,154.19347,675.29285,219.61235,117.83481,696.97839,248.41115,195.11792,653.73322,297.83804,162.4127,637.96393,319.05472,119.21438,604.56616
1786,14.875,176.83229,212.74297,632.98071,159.96663,168.43488,650.90063,192.45041,152.77197,674.88617,220.44333,116.70476,699.47699,248.31189,195.01695,653.82483,297.83804,162.4127,637.96393,317.80936,121.00674,604.11261
1787,14.883,176.63159,212.54527,632.87146,161.05606,167.77458,651.57239,192.27678,152.55659,675.0481,219.55115,117.33652,697.89996,248.10368,195.07231,654.21307,297.79239,162.33183,638.211,317.8299,120.81258,604.25232
1788,14.892,176.76456,212.3877,632.95026,161.05606,167.77458,651.57239,192.35251,153.27477,675.24127,219.44266,117.4325,696.86243,247.9503,194.84343,654.0907,297.53494,162.58064,638.086,319.05472,119.21438,604.56616
1789,14.9,176.76456,212.3877,632.95026,161.05606,167.77458,651.57239,192.24228,153.46234,675.09967,219.8374,117.16553,697.2879,247.9503,194.84343,654.0907,297.79239,162.33183,638.211,318.26764,119.80116,603.94305
1790,14.908,176.95299,212.83037,633.01111,161.05606,167.77458,651.57239,192.35251,153.27477,675.24127,219.32761,117.49223,697.50549,247.9503,194.84343,654.0907,297.79239,162.33183,638.211,317.57657,121.21288,603.99872
1791,14.917,176.57072,214.09819,633.43829,161.05606,167.77458,651.57239,192.14742,153.05652,675.40546,219.55115,117.33652,697.89996,247.93117,195.82498,653.92957,297.79239,162.33183,638.211,317.57657,121.21288,603.99872
1792,14.925,176.75374,213.91037,633.2868,161.05606,167.77458,651.57239,191.58885,151.93895,675.56818,219.31526,117.19816,697.42291,247.93117,195.82498,653.92957,297.53494,162.58064,638.086,318.62421,119.4642,604.15771
1793,14.933,176.57072,214.09819,633.43829,161.16264,168.49092,652.15271,191.51016,152.17897,675.38672,219.31526,117.19816,697.42291,247.93117,195.82498,653.92957,298.17566,161.88383,638.70135,318.26764,119.80116,603.94305
1794,14.942,176.57072,214.09819,633.43829,161.16264,168.49092,652.15271,191.58885,151.93895,675.56818,219.1712,117.18987,697.42578,247.93117,195.82498,653.92957,298.4614,162.49423,638.9375,318.00818,119.74669,603.95514
1795,14.95,176.43588,214.28307,633.35785,161.05606,167.77458,651.57239,191.51016,152.17897,675.38672,219.53879,117.04247,697.81738,247.93117,195.82498,653.92957,298.4614,162.49423,638.9375,317.83157,119.82087,603.78479
1796,14.958,176.57072,214.09819,633.43829,161.05606,167.77458,651.57239,191.58914,152.38501,675.23157,219.43031,117.1385,696.77991,247.9503,194.84343,654.0907,298.17566,161.88383,638.70135,317.65494,119.89478,603.61456
1797,14.967,176.09024,214.53668,633.35162,161.16264,168.49092,652.15271,191.79684,151.24788,675.35468,219.0533,116.4735,697.42609,247.79469,195.43552,653.89551,298.23535,162.64078,639.0423,317.65494,119.89478,603.61456
1798,14.975,176.43588,214.28307,633.35785,161.05606,167.77458,651.57239,191.32835,151.11855,675.2868,219.0533,116.4735,697.42609,247.93117,195.82498,653.92957,298.4614,162.49423,638.9375,317.28925,121.18877,603.99603
1799,14.983,176.64467,213.14592,633.07031,161.05606,167.77458,651.57239,191.58885,151.93895,675.56818,219.28915,116.61201,697.90302,247.81648,194.39294,654.06226,298.16119,162.67477,638.7439,317.28925,121.18877,603.99603
1800,14.992,176.57072,214.09819,633.43829,161.05606,167.77458,651.57239,191.58885,151.93895,675.56818,219.27676,116.31786,697.82037,247.79469,195.43552,653.89551,298.16119,162.67477,638.7439,317.28925,121.18877,603.99603
1801,15,176.57072,214.09819,633.43829,160.15463,169.10323,651.4906,191.58914,152.38501,675.23157,218.93834,116.481,697.21674,247.85831,195.89276,653.65137,297.87543,162.06438,638.50775,317.28925,121.18877,603.99603
1802,15.008,177.51292,216.85049,632.96503,160.00525,168.39455,651.37097,191.61493,150.18709,675.2547,219.05331,116.42124,696.57391,247.9503,194.84343,654.0907,297.87543,162.06438,638.50775,317.28925,121.18877,603.99603
1803,15.017,176.57072,214.09819,633.43829,159.67549,169.39668,651.16577,191.69403,150.44281,675.06189,219.05331,116.42124,696.57391,247.81648,194.39294,654.06226,297.40524,162.45341,638.12463,317.65979,120.96795,603.81342
1804,15.025,176.6189,214.09525,633.20636,161.05606,167.77458,651.57239,191.53625,150.42738,675.07318,219.66122,116.02696,696.46259,247.85831,195.89276,653.65137,298.2843,162.73955,638.66833,317.57657,121.21288,603.99872
1805,15.033,177.65535,217.12735,632.51721,161.05606,167.77458,651.57239,191.69403,150.44281,675.06189,219.92352,116.75175,696.45935,247.9503,194.84343,654.0907,298.2843,162.73955,638.66833,317.57657,121.21288,603.99872
1806,15.042,177.7901,216.94299,632.5976,161.05606,167.77458,651.57239,191.61531,150.63367,674.91791,220.03847,116.74423,696.66858,247.93117,195.82498,653.92957,297.79239,162.33183,638.211,317.9144,119.94919,603.60248
1807,15.05,176.75374,213.91037,633.2868,161.05606,167.77458,651.57239,191.87589,151.50342,675.16193,220.03847,116.74423,696.66858,247.9503,194.84343,654.0907,297.79239,162.33183,638.211,317.57657,121.21288,603.99872
1808,15.058,177.7901,216.94299,632.5976,161.16264,168.49092,652.15271,191.79684,151.24788,675.35468,219.93596,117.04563,696.54181,247.88179,194.92389,653.79651,297.52173,162.49284,638.05359,317.57657,121.21288,603.99872
1809,15.067,177.7901,216.94299,632.5976,161.16264,168.49092,652.15271,192.1738,151.30579,675.0921,220.03847,116.74423,696.66858,247.88179,194.92389,653.79651,297.79239,162.33183,638.211,318.26764,119.80116,603.94305
1810,15.075,177.7901,216.94299,632.5976,161.05606,167.77458,651.57239,192.3555,152.36595,675.19202,220.00819,116.66566,696.15472,247.88179,194.92389,653.79651,297.83804,162.4127,637.96393,318.62421,119.4642,604.15771
1811,15.083,177.7901,216.94299,632.5976,161.05606,167.77458,651.57239,192.56062,152.58427,675.02783,220.00819,116.66566,696.15472,248.0352,195.1528,653.91895,298.03986,162.1842,638.08997,318.6207,119.65208,604.28412
1812,15.092,177.7901,216.94299,632.5976,161.05606,167.77458,651.57239,192.56062,152.58427,675.02783,220.00819,116.66566,696.15472,248.31189,195.01695,653.82483,297.48926,162.6544,637.70923,317.91635,120.76073,603.92419
1813,15.1,177.7901,216.94299,632.5976,161.05606,167.77458,651.57239,192.56062,152.58427,675.02783,220.52814,118.69297,696.53253,248.31189,195.01695,653.82483,297.48926,162.6544,637.70923,319.05472,119.21438,604.56616
1814,15.108,177.7901,216.94299,632.5976,161.05606,167.77458,651.57239,192.56062,152.58427,675.02783,220.00819,116.66566,696.15472,248.31189,195.01695,653.82483,297.76456,162.34785,637.87689,318.68942,119.4637,604.11737
1815,15.117,177.7901,216.94299,632.5976,161.05606,167.77458,651.57239,192.37903,151.52428,674.92786,220.00819,116.66566,696.15472,248.25777,194.88901,653.61078,297.48926,162.6544,637.70923,318.05405,120.47422,603.91388
1816,15.125,177.98647,217.17708,632.71033,161.05606,167.77458,651.57239,192.37903,151.52428,674.92786,220.00819,116.66566,696.15472,248.4709,194.91821,653.86566,297.83804,162.4127,637.96393,317.9686,120.65604,604.08746
1817,15.133,177.7901,216.94299,632.5976,161.16264,168.49092,652.15271,192.45041,152.77197,674.88617,220.52814,118.69297,696.53253,248.4709,194.91821,653.86566,297.48926,162.6544,637.70923,317.9686,120.65604,604.08746
1818,15.142,177.7901,216.94299,632.5976,161.16264,168.49092,652.15271,192.64655,151.13913,674.75061,220.00819,116.66566,696.15472,248.56982,194.8391,653.93915,297.83804,162.4127,637.96393,317.9686,120.65604,604.08746
1819,15.15,177.98647,217.17708,632.71033,161.16264,168.49092,652.15271,192.56062,152.58427,675.02783,220.00819,116.66566,696.15472,248.31189,195.01695,653.82483,297.83804,162.4127,637.96393,318.05405,120.47422,603.91388
1820,15.158,177.7901,216.94299,632.5976,161.16264,168.49092,652.15271,192.37903,151.52428,674.92786,220.00819,116.66566,696.15472,248.4709,194.91821,653.86566,297.48926,162.6544,637.70923,318.05405,120.47422,603.91388
1821,15.167,177.98647,217.17708,632.71033,161.16264,168.49092,652.15271,192.88582,152.25623,675.12122,219.91342,117.09362,696.18323,248.4709,194.91821,653.86566,297.48926,162.6544,637.70923,318.05405,120.47422,603.91388
1822,15.175,177.7901,216.94299,632.5976,161.16264,168.49092,652.15271,192.37903,151.52428,674.92786,220.00786,116.60007,696.13568,248.4709,194.91821,653.86566,297.83804,162.4127,637.96393,318.05405,120.47422,603.91388
1823,15.183,177.7901,216.94299,632.5976,161.16264,168.49092,652.15271,192.37903,151.52428,674.92786,220.00786,116.60007,696.13568,248.31189,195.01695,653.82483,297.83804,162.4127,637.96393,318.05405,120.47422,603.91388
1824,15.192,177.7901,216.94299,632.5976,161.16264,168.49092,652.15271,192.37903,151.52428,674.92786,220.12038,116.60965,696.24951,248.31754,194.6893,653.74323,297.48926,162.6544,637.70923,318.05405,120.47422,603.91388
1825,15.2,177.7901,216.94299,632.5976,161.05606,167.77458,651.57239,192.37903,151.52428,674.92786,220.12038,116.60965,696.24951,248.4709,194.91821,653.86566,297.48926,162.6544,637.70923,318.05405,120.47422,603.91388
1826,15.208,177.7901,216.94299,632.5976,161.16264,168.49092,652.15271,192.37903,151.52428,674.92786,220.12038,116.60965,696.24951,248.4709,194.91821,653.86566,297.48926,162.6544,637.70923,318.05405,120.47422,603.91388
1827,15.217,177.7901,216.94299,632.5976,161.16264,168.49092,652.15271,191.89932,150.6615,674.89771,220.12038,116.60965,696.24951,248.31754,194.6893,653.74323,297.48926,162.6544,637.70923,317.96118,120.6304,603.55835
1828,15.225,177.7901,216.94299,632.5976,161.05606,167.77458,651.57239,191.89932,150.6615,674.89771,219.86017,115.96516,696.27759,248.31754,194.6893,653.74323,297.48926,162.6544,637.70923,318.05405,120.47422,603.91388
1829,15.233,177.7901,216.94299,632.5976,161.05606,167.77458,651.57239,191.89932,150.6615,674.89771,220.12038,116.60965,696.24951,248.4709,194.91821,653.86566,298.03986,162.1842,638.08997,317.81204,120.65849,603.8017
1830,15.242,177.53151,216.18378,632.76996,161.05606,167.77458,651.57239,191.89932,150.6615,674.89771,220.12038,116.60965,696.24951,248.13065,195.77364,653.56616,297.83804,162.4127,637.96393,318.05405,120.47422,603.91388
1831,15.25,177.7901,216.94299,632.5976,161.05606,167.77458,651.57239,191.89932,150.6615,674.89771,220.12038,116.60965,696.24951,248.28876,195.68794,653.60669,297.83804,162.4127,637.96393,317.9686,120.65604,604.08746
1832,15.258,177.7901,216.94299,632.5976,161.05606,167.77458,651.57239,191.89932,150.6615,674.89771,220.12038,116.60965,696.24951,248.44496,195.88628,653.72766,297.83804,162.4127,637.96393,318.05405,120.47422,603.91388
1833,15.267,177.7901,216.94299,632.5976,161.05606,167.77458,651.57239,191.89932,150.6615,674.89771,220.12038,116.60965,696.24951,248.13065,195.77364,653.56616,297.83804,162.4127,637.96393,318.05405,120.47422,603.91388
1834,15.275,177.7901,216.94299,632.5976,161.05606,167.77458,651.57239,191.89932,150.6615,674.89771,219.86017,115.96516,696.27759,248.31754,194.6893,653.74323,298.03986,162.1842,638.08997,317.74329,120.84695,603.96844
1835,15.283,177.7901,216.94299,632.5976,161.05606,167.77458,651.57239,191.83824,150.40024,675.09442,220.5471,118.1736,696.57312,248.28876,195.68794,653.60669,297.83804,162.4127,637.96393,318.05405,120.47422,603.91388
1836,15.292,177.53151,216.18378,632.76996,161.05606,167.77458,651.57239,191.89932,150.6615,674.89771,219.86017,115.96516,696.27759,248.28876,195.68794,653.60669,298.03986,162.1842,638.08997,317.81204,120.65849,603.8017
1837,15.3,177.7901,216.94299,632.5976,161.05606,167.77458,651.57239,191.98734,150.18474,674.70398,219.86017,115.96516,696.27759,248.30119,195.25685,653.6651,298.03986,162.1842,638.08997,317.81204,120.65849,603.8017
1838,15.308,177.53151,216.18378,632.76996,161.05606,167.77458,651.57239,192.37245,150.60257,674.9436,219.86017,115.96516,696.27759,248.28876,195.68794,653.60669,297.83804,162.4127,637.96393,318.05405,120.47422,603.91388
1839,15.317,177.53151,216.18378,632.76996,161.05606,167.77458,651.57239,192.46057,150.12573,674.74988,219.86017,115.96516,696.27759,248.28876,195.68794,653.60669,297.83804,162.4127,637.96393,318.05405,120.47422,603.91388
1840,15.325,177.53151,216.18378,632.76996,161.05606,167.77458,651.57239,191.98734,150.18474,674.70398,219.86017,115.96516,696.27759,248.4809,195.41389,654.03674,297.83804,162.4127,637.96393,318.05405,120.47422,603.91388
1841,15.333,177.7901,216.94299,632.5976,161.05606,167.77458,651.57239,191.98734,150.18474,674.70398,220.42679,117.59472,696.51343,248.46846,195.84503,653.97833,297.83804,162.4127,637.96393,318.05405,120.47422,603.91388
1842,15.342,177.7901,216.94299,632.5976,161.05606,167.77458,651.57239,192.46057,150.12573,674.74988,220.21219,116.53212,696.15234,248.63231,195.08109,654.52948,297.83804,162.4127,637.96393,318.05405,120.47422,603.91388
1843,15.35,177.7901,216.94299,632.5976,161.05606,167.77458,651.57239,192.84673,149.73575,674.81952,220.41171,116.53979,696.34979,248.50761,195.93526,654.36804,297.83804,162.4127,637.96393,318.05405,120.47422,603.91388
1844,15.358,177.53151,216.18378,632.76996,161.05606,167.77458,651.57239,192.94016,150.98843,674.77997,220.91835,118.00687,696.58667,248.46846,195.84503,653.97833,297.83804,162.4127,637.96393,318.05405,120.47422,603.91388
1845,15.367,177.53151,216.18378,632.76996,161.05606,167.77458,651.57239,192.46057,150.12573,674.74988,220.41171,116.53979,696.34979,248.46846,195.84503,653.97833,297.83804,162.4127,637.96393,318.05405,120.47422,603.91388
1846,15.375,177.53151,216.18378,632.76996,161.05606,167.77458,651.57239,192.94016,150.98843,674.77997,220.41171,116.53979,696.34979,248.46846,195.84503,653.97833,297.83804,162.4127,637.96393,318.05405,120.47422,603.91388
1847,15.383,177.7901,216.94299,632.5976,161.41924,167.74022,651.56195,192.94016,150.98843,674.77997,220.41171,116.53979,696.34979,248.61848,196.03104,654.35931,297.83804,162.4127,637.96393,318.05405,120.47422,603.91388
1848,15.392,177.7901,216.94299,632.5976,161.41924,167.74022,651.56195,192.94016,150.98843,674.77997,220.59534,116.38456,696.15546,248.61848,196.03104,654.35931,297.83804,162.4127,637.96393,318.05405,120.47422,603.91388
1849,15.4,177.7901,216.94299,632.5976,161.41924,167.74022,651.56195,192.94016,150.98843,674.77997,220.44763,116.53898,696.57153,248.46846,195.84503,653.97833,297.83804,162.4127,637.96393,318.20435,120.84158,603.72833
1850,15.408,177.53151,216.18378,632.76996,161.41924,167.74022,651.56195,193.34999,150.78485,674.96735,220.95645,117.99459,696.79407,248.50177,195.93169,654.08179,297.83804,162.4127,637.96393,318.05405,120.47422,603.91388
1851,15.417,177.7901,216.94299,632.5976,162.03853,168.32446,651.82178,192.94016,150.98843,674.77997,220.44763,116.53898,696.57153,248.61848,196.03104,654.35931,297.83804,162.4127,637.96393,318.05405,120.47422,603.91388
1852,15.425,177.7901,216.94299,632.5976,161.41924,167.74022,651.56195,192.94016,150.98843,674.77997,220.53946,116.46145,696.47443,248.61848,196.03104,654.35931,297.83804,162.4127,637.96393,318.05405,120.47422,603.91388
1853,15.433,177.53151,216.18378,632.76996,160.26125,168.43066,651.1488,193.34999,150.78485,674.96735,221.04605,117.92263,696.70667,248.50177,195.93169,654.08179,297.83804,162.4127,637.96393,318.05405,120.47422,603.91388
1854,15.442,177.72781,216.41782,632.88263,160.69365,169.12912,651.26752,193.34999,150.78485,674.96735,221.04605,117.92263,696.70667,248.50177,195.93169,654.08179,297.83804,162.4127,637.96393,318.05405,120.47422,603.91388
1855,15.45,177.98647,217.17708,632.71033,160.69365,169.12912,651.26752,193.34999,150.78485,674.96735,220.53946,116.46145,696.47443,248.50177,195.93169,654.08179,297.83804,162.4127,637.96393,318.05405,120.47422,603.91388
1856,15.458,177.98647,217.17708,632.71033,160.69365,169.12912,651.26752,193.34999,150.78485,674.96735,220.53946,116.46145,696.47443,248.67447,196.15051,654.51416,298.00534,162.70753,637.85535,318.05405,120.47422,603.91388
1857,15.467,177.98647,217.17708,632.71033,160.69365,169.12912,651.26752,193.90773,151.70422,675.29901,221.05237,118.21816,696.76233,248.67447,196.15051,654.51416,298.00534,162.70753,637.85535,318.05405,120.47422,603.91388
1858,15.475,177.72781,216.41782,632.88263,160.69365,169.12912,651.26752,193.44684,151.72023,674.97333,220.53946,116.46145,696.47443,248.61848,196.03104,654.35931,298.00534,162.70753,637.85535,318.05405,120.47422,603.91388
1859,15.483,177.53151,216.18378,632.76996,160.69365,169.12912,651.26752,193.44684,151.72023,674.97333,220.53946,116.46145,696.47443,248.46846,195.84503,653.97833,298.21283,162.48734,637.70813,318.05405,120.47422,603.91388
1860,15.492,177.72781,216.41782,632.88263,160.69365,169.12912,651.26752,193.44684,151.72023,674.97333,220.53946,116.46145,696.47443,248.46846,195.84503,653.97833,298.00534,162.70753,637.85535,318.32761,120.4107,603.7774
1861,15.5,177.98647,217.17708,632.71033,160.62117,169.18199,650.99634,193.44684,151.72023,674.97333,220.44763,116.53898,696.57153,248.56058,195.94704,653.88342,298.00534,162.70753,637.85535,318.05405,120.47422,603.91388
1862,15.508,177.98647,217.17708,632.71033,160.69365,169.12912,651.26752,193.44684,151.72023,674.97333,220.44763,116.53898,696.57153,248.61848,196.03104,654.35931,298.00534,162.70753,637.85535,318.28934,120.65754,604.00519
1863,15.517,177.98647,217.17708,632.71033,160.62117,169.18199,650.99634,193.90773,151.70422,675.29901,220.53946,116.46145,696.47443,248.67447,196.15051,654.51416,298.00534,162.70753,637.85535,318.05405,120.47422,603.91388
1864,15.525,177.98647,217.17708,632.71033,160.18871,168.48349,650.8775,193.34999,150.78485,674.96735,220.44763,116.53898,696.57153,248.59373,196.03049,653.98431,298.00534,162.70753,637.85535,318.43964,121.02498,603.81964
1865,15.533,177.98647,217.17708,632.71033,160.69365,169.12912,651.26752,193.90773,151.70422,675.29901,220.44763,116.53898,696.57153,248.50177,195.93169,654.08179,298.00534,162.70753,637.85535,318.43964,121.02498,603.81964
1866,15.542,177.98647,217.17708,632.71033,160.62117,169.18199,650.99634,193.34999,150.78485,674.96735,220.44763,116.53898,696.57153,248.50177,195.93169,654.08179,298.00534,162.70753,637.85535,318.28934,120.65754,604.00519
1867,15.55,177.7901,216.94299,632.5976,160.26125,168.43066,651.1488,193.90773,151.70422,675.29901,220.44763,116.53898,696.57153,248.50177,195.93169,654.08179,298.00534,162.70753,637.85535,318.28934,120.65754,604.00519
1868,15.558,177.98647,217.17708,632.71033,161.41924,167.74022,651.56195,193.34999,150.78485,674.96735,220.44763,116.53898,696.57153,248.50177,195.93169,654.08179,298.00534,162.70753,637.85535,318.28934,120.65754,604.00519
1869,15.567,177.98647,217.17708,632.71033,160.03918,168.38206,651.17194,193.34999,150.78485,674.96735,220.44763,116.53898,696.57153,248.50177,195.93169,654.08179,298.00534,162.70753,637.85535,318.20389,120.83937,604.17877
1870,15.575,177.7901,216.94299,632.5976,159.96663,168.43488,650.90063,193.50516,152.14972,675.21301,220.44763,116.53898,696.57153,248.50177,195.93169,654.08179,298.00534,162.70753,637.85535,318.20389,120.83937,604.17877
1871,15.583,177.7901,216.94299,632.5976,160.26802,168.24715,651.20209,192.79802,150.9184,674.90436,220.44763,116.53898,696.57153,248.50177,195.93169,654.08179,297.83804,162.4127,637.96393,318.20389,120.83937,604.17877
1872,15.592,176.57317,213.3886,633.22455,160.26802,168.24715,651.20209,192.79802,150.9184,674.90436,220.22168,116.59435,696.53571,248.50177,195.93169,654.08179,297.83804,162.4127,637.96393,318.28934,120.65754,604.00519
1873,15.6,177.53151,216.18378,632.76996,161.05606,167.77458,651.57239,192.79802,150.9184,674.90436,220.22168,116.59435,696.53571,248.50177,195.93169,654.08179,297.83804,162.4127,637.96393,318.28934,120.65754,604.00519
1874,15.608,176.57317,213.3886,633.22455,160.26802,168.24715,651.20209,191.89932,150.6615,674.89771,220.22168,116.59435,696.53571,248.31036,195.93074,653.93781,298.03986,162.1842,638.08997,318.01199,120.84589,603.89386
1875,15.617,177.7901,216.94299,632.5976,161.05606,167.77458,651.57239,192.29453,149.86923,674.75647,220.12038,116.60965,696.24951,248.46072,195.96642,653.80505,297.83804,162.4127,637.96393,317.9686,120.65604,604.08746
1876,15.625,177.7901,216.94299,632.5976,159.96663,168.43488,650.90063,191.78906,150.8494,674.75604,220.12038,116.60965,696.24951,248.28687,195.97197,653.68713,297.83804,162.4127,637.96393,318.20389,120.83937,604.17877
1877,15.633,177.7901,216.94299,632.5976,160.03918,168.38206,651.17194,192.79802,150.9184,674.90436,220.12038,116.60965,696.24951,248.46072,195.96642,653.80505,298.03986,162.1842,638.08997,317.94324,121.03437,604.06055
1878,15.642,177.7901,216.94299,632.5976,160.03918,168.38206,651.17194,192.79802,150.9184,674.90436,220.22168,116.59435,696.53571,248.56982,194.8391,653.93915,297.83804,162.4127,637.96393,318.20389,120.83937,604.17877
1879,15.65,176.7486,212.12253,633.06317,159.96663,168.43488,650.90063,192.37903,151.52428,674.92786,220.44763,116.53898,696.57153,248.31189,195.01695,653.82483,298.00534,162.70753,637.85535,318.20389,120.83937,604.17877
1880,15.658,176.57317,213.3886,633.22455,159.96663,168.43488,650.90063,192.37903,151.52428,674.92786,220.44763,116.53898,696.57153,248.28687,195.97197,653.68713,298.18939,162.4523,638.00958,317.94324,121.03437,604.06055
1881,15.667,176.57317,213.3886,633.22455,160.03918,168.38206,651.17194,192.37903,151.52428,674.92786,220.22168,116.59435,696.53571,248.28687,195.97197,653.68713,299.00107,162.90004,638.54211,318.35419,121.20683,603.99323
1882,15.675,177.98647,217.17708,632.71033,159.96663,168.43488,650.90063,192.79802,150.9184,674.90436,220.44763,116.53898,696.57153,248.3739,196.16591,653.66901,299.00107,162.90004,638.54211,318.45096,121.52438,604.01935
1883,15.683,177.98647,217.17708,632.71033,159.96663,168.43488,650.90063,192.79802,150.9184,674.90436,220.46054,116.78271,696.64032,248.55269,196.06517,653.70758,299.00107,162.90004,638.54211,318.45096,121.52438,604.01935
1884,15.692,177.7901,216.94299,632.5976,159.96663,168.43488,650.90063,192.79802,150.9184,674.90436,220.46054,116.78271,696.64032,248.27402,196.08537,653.75403,299.00107,162.90004,638.54211,318.45096,121.52438,604.01935
1885,15.7,177.98647,217.17708,632.71033,159.96663,168.43488,650.90063,192.79802,150.9184,674.90436,220.77896,116.51673,697.31598,248.27402,196.08537,653.75403,299.00107,162.90004,638.54211,318.45096,121.52438,604.01935
1886,15.708,176.76927,213.6225,633.33722,159.96663,168.43488,650.90063,192.79802,150.9184,674.90436,220.71066,116.24575,699.16748,248.3739,196.16591,653.66901,299.00107,162.90004,638.54211,318.45096,121.52438,604.01935
1887,15.717,176.76927,213.6225,633.33722,159.96663,168.43488,650.90063,194.06268,153.06842,675.54437,220.69772,116.00194,699.09857,248.3739,196.16591,653.66901,299.00107,162.90004,638.54211,318.45096,121.52438,604.01935
1888,15.725,176.76927,213.6225,633.33722,159.96663,168.43488,650.90063,193.34999,150.78485,674.96735,220.44763,116.53898,696.57153,248.3739,196.16591,653.66901,299.00107,162.90004,638.54211,318.72437,121.46085,603.88293
1889,15.733,177.98647,217.17708,632.71033,160.31369,168.41783,650.68469,192.37903,151.52428,674.92786,220.76602,116.27301,697.24713,248.38449,196.05826,653.60352,299.00107,162.90004,638.54211,318.72437,121.46085,603.88293
1890,15.742,177.85173,217.36143,632.62994,159.96663,168.43488,650.90063,192.79802,150.9184,674.90436,220.37032,116.07276,698.77631,248.3739,196.16591,653.66901,299.00107,162.90004,638.54211,318.72437,121.46085,603.88293
1891,15.75,177.98647,217.17708,632.71033,159.96663,168.43488,650.90063,192.79802,150.9184,674.90436,221.18011,117.70548,699.31152,248.55269,196.06517,653.70758,299.00107,162.90004,638.54211,318.45096,121.52438,604.01935
1892,15.758,177.98647,217.17708,632.71033,160.18871,168.48349,650.8775,192.85199,151.46527,674.97375,220.69772,116.00194,699.09857,248.53708,195.98827,653.63275,299.00107,162.90004,638.54211,318.72437,121.46085,603.88293
1893,15.767,177.98647,217.17708,632.71033,160.18871,168.48349,650.8775,193.91125,153.28917,675.39069,220.44763,116.53898,696.57153,248.55269,196.06517,653.70758,299.00107,162.90004,638.54211,318.72437,121.46085,603.88293
1894,15.775,177.98647,217.17708,632.71033,160.18871,168.48349,650.8775,193.90773,151.70422,675.29901,220.44763,116.53898,696.57153,248.55269,196.06517,653.70758,299.00107,162.90004,638.54211,318.72437,121.46085,603.88293
1895,15.783,176.76927,213.6225,633.33722,160.18871,168.48349,650.8775,194.06268,153.06842,675.54437,220.69772,116.00194,699.09857,248.55269,196.06517,653.70758,299.00107,162.90004,638.54211,318.80984,121.27895,603.70941
1896,15.792,176.76927,213.6225,633.33722,160.18871,168.48349,650.8775,193.90773,151.70422,675.29901,220.71066,116.24575,699.16748,248.55269,196.06517,653.70758,299.00107,162.90004,638.54211,318.62766,121.14331,603.85681
1897,15.8,176.76927,213.6225,633.33722,160.62117,169.18199,650.99634,193.90773,151.70422,675.29901,220.60991,116.8864,696.66455,248.55269,196.06517,653.70758,299.00107,162.90004,638.54211,318.72437,121.46085,603.88293
1898,15.808,177.98647,217.17708,632.71033,160.62117,169.18199,650.99634,193.90773,151.70422,675.29901,220.44763,116.53898,696.57153,248.55269,196.06517,653.70758,299.00107,162.90004,638.54211,318.72437,121.46085,603.88293
1899,15.817,177.98647,217.17708,632.71033,160.62117,169.18199,650.99634,193.90773,151.70422,675.29901,220.69772,116.00194,699.09857,248.55269,196.06517,653.70758,299.00107,162.90004,638.54211,318.72437,121.46085,603.88293
1900,15.825,177.98647,217.17708,632.71033,160.62117,169.18199,650.99634,194.06268,153.06842,675.54437,220.86002,116.34956,699.19183,248.55269,196.06517,653.70758,299.00107,162.90004,638.54211,318.7131,120.96142,603.68323
1901,15.833,177.98647,217.17708,632.71033,161.13509,169.38742,650.80286,193.90773,151.70422,675.29901,220.44763,116.53898,696.57153,248.55269,196.06517,653.70758,299.00107,162.90004,638.54211,318.7131,120.96142,603.68323
1902,15.842,177.98647,217.17708,632.71033,160.62117,169.18199,650.99634,193.90773,151.70422,675.29901,220.57654,116.65468,696.51563,248.55269,196.06517,653.70758,299.00107,162.90004,638.54211,318.80984,121.27895,603.70941
1903,15.85,177.98647,217.17708,632.71033,160.62117,169.18199,650.99634,193.90773,151.70422,675.29901,220.98886,116.46514,699.13611,248.55269,196.06517,653.70758,299.00107,162.90004,638.54211,318.7131,120.96142,603.68323
1904,15.858,176.76927,213.6225,633.33722,161.13509,169.38742,650.80286,194.06268,153.06842,675.54437,220.86002,116.34956,699.19183,248.55269,196.06517,653.70758,299.00107,162.90004,638.54211,318.62766,121.14331,603.85681
1905,15.867,176.76927,213.6225,633.33722,161.13509,169.38742,650.80286,193.90773,151.70422,675.29901,220.7388,117.0021,696.60864,248.55269,196.06517,653.70758,299.00107,162.90004,638.54211,318.72437,121.46085,603.88293
1906,15.875,177.98647,217.17708,632.71033,160.62117,169.18199,650.99634,193.90773,151.70422,675.29901,220.92833,116.62048,697.34021,248.55269,196.06517,653.70758,299.00107,162.90004,638.54211,318.80984,121.27895,603.70941
1907,15.883,177.98647,217.17708,632.71033,161.13509,169.38742,650.80286,193.90773,151.70422,675.29901,220.98886,116.46514,699.13611,248.61954,196.20103,653.58704,299.00107,162.90004,638.54211,318.72437,121.46085,603.88293
1908,15.892,177.98647,217.17708,632.71033,161.13509,169.38742,650.80286,193.90773,151.70422,675.29901,220.8905,116.37112,697.3147,248.55269,196.06517,653.70758,299.00107,162.90004,638.54211,318.62766,121.14331,603.85681
1909,15.9,176.76927,213.6225,633.33722,161.13509,169.38742,650.80286,193.90773,151.70422,675.29901,220.44763,116.53898,696.57153,248.55269,196.06517,653.70758,299.00107,162.90004,638.54211,318.7131,120.96142,603.68323
1910,15.908,176.76927,213.6225,633.33722,160.62117,169.18199,650.99634,193.90773,151.70422,675.29901,219.5441,117.24635,697.72473,248.55269,196.06517,653.70758,299.00107,162.90004,638.54211,318.72437,121.46085,603.88293
1911,15.917,176.76927,213.6225,633.33722,161.13509,169.38742,650.80286,193.90773,151.70422,675.29901,220.92833,116.62048,697.34021,248.55269,196.06517,653.70758,299.00107,162.90004,638.54211,318.72437,121.46085,603.88293
1912,15.925,177.98647,217.17708,632.71033,161.13509,169.38742,650.80286,193.90773,151.70422,675.29901,220.92392,116.60294,697.46368,248.55269,196.06517,653.70758,299.00107,162.90004,638.54211,318.56287,120.59402,603.86871
1913,15.933,177.98647,217.17708,632.71033,160.62117,169.18199,650.99634,193.90773,151.70422,675.29901,220.92392,116.60294,697.46368,248.55269,196.06517,653.70758,299.00107,162.90004,638.54211,318.72437,121.46085,603.88293
1914,15.942,176.76927,213.6225,633.33722,161.13509,169.38742,650.80286,193.90773,151.70422,675.29901,220.92392,116.60294,697.46368,248.55269,196.06517,653.70758,299.00107,162.90004,638.54211,318.72437,121.46085,603.88293
1915,15.95,176.76927,213.6225,633.33722,161.13509,169.38742,650.80286,193.90773,151.70422,675.29901,221.62282,118.17204,697.73999,248.55269,196.06517,653.70758,299.00107,162.90004,638.54211,318.72437,121.46085,603.88293
1916,15.958,176.76927,213.6225,633.33722,161.13509,169.38742,650.80286,193.90773,151.70422,675.29901,221.29521,118.13831,697.76483,248.55269,196.06517,653.70758,299.00107,162.90004,638.54211,319.03311,121.26475,604.10083
1917,15.967,176.76927,213.6225,633.33722,161.13509,169.38742,650.80286,193.90773,151.70422,675.29901,219.44466,117.52448,697.9494,248.55269,196.06517,653.70758,299.00107,162.90004,638.54211,319.03311,121.26475,604.10083
1918,15.975,176.76927,213.6225,633.33722,161.13509,169.38742,650.80286,194.06268,153.06842,675.54437,221.05084,116.75894,697.74084,248.55269,196.06517,653.70758,299.00107,162.90004,638.54211,318.76669,121.30175,604.30804
1919,15.983,176.76927,213.6225,633.33722,161.13509,169.38742,650.80286,194.06268,153.06842,675.54437,220.95346,116.99656,697.63245,248.61954,196.20103,653.58704,299.00107,162.90004,638.54211,318.76669,121.30175,604.30804
1920,15.992,177.98647,217.17708,632.71033,161.13509,169.38742,650.80286,193.90773,151.70422,675.29901,221.632,118.29136,697.83167,248.55269,196.06517,653.70758,299.00107,162.90004,638.54211,318.61646,120.9342,604.49365
1921,16,177.98647,217.17708,632.71033,161.13509,169.38742,650.80286,193.90773,151.70422,675.29901,221.05084,116.75894,697.74084,248.59373,196.03049,653.98431,299.00107,162.90004,638.54211,318.76669,121.30175,604.30804
1922,16.008,177.98647,217.17708,632.71033,161.13509,169.38742,650.80286,193.90773,151.70422,675.29901,220.82457,116.88087,697.68829,248.55269,196.06517,653.70758,299.00107,162.90004,638.54211,318.76669,121.30175,604.30804
1923,16.017,176.76927,213.6225,633.33722,161.13509,169.38742,650.80286,193.90773,151.70422,675.29901,221.05084,116.75894,697.74084,248.55269,196.06517,653.70758,299.00107,162.90004,638.54211,318.76669,121.30175,604.30804
1924,16.025,176.76927,213.6225,633.33722,160.62117,169.18199,650.99634,193.90773,151.70422,675.29901,220.82457,116.88087,697.68829,248.55269,196.06517,653.70758,299.00107,162.90004,638.54211,318.76669,121.30175,604.30804
1925,16.033,177.98647,217.17708,632.71033,160.62117,169.18199,650.99634,194.06268,153.06842,675.54437,221.64853,118.6571,697.95679,248.55269,196.06517,653.70758,299.00107,162.90004,638.54211,318.76669,121.30175,604.30804
1926,16.042,177.98647,217.17708,632.71033,160.62117,169.18199,650.99634,194.06268,153.06842,675.54437,220.82457,116.88087,697.68829,248.55269,196.06517,653.70758,299.00107,162.90004,638.54211,318.76669,121.30175,604.30804
1927,16.05,177.85173,217.36143,632.62994,160.62117,169.18199,650.99634,194.06268,153.06842,675.54437,219.44466,117.52448,697.9494,248.55269,196.06517,653.70758,299.00107,162.90004,638.54211,319.04932,121.79997,604.32166
1928,16.058,177.85173,217.36143,632.62994,160.62117,169.18199,650.99634,194.06268,153.06842,675.54437,219.44466,117.52448,697.9494,248.55269,196.06517,653.70758,299.00107,162.90004,638.54211,319.25629,122.20659,604.17096
1929,16.067,177.85173,217.36143,632.62994,160.62117,169.18199,650.99634,194.06268,153.06842,675.54437,220.82457,116.88087,697.68829,248.55269,196.06517,653.70758,299.04236,163.19638,638.7561,319.35895,122.55304,604.54437
1930,16.075,177.85173,217.36143,632.62994,160.62117,169.18199,650.99634,193.91125,153.28917,675.39069,220.82457,116.88087,697.68829,248.3739,196.16591,653.66901,299.04236,163.19638,638.7561,319.19034,122.67014,604.19922
1931,16.083,177.85173,217.36143,632.62994,160.62117,169.18199,650.99634,193.3598,153.42261,675.32776,221.05084,116.75894,697.74084,248.48071,195.07579,653.79413,298.88074,163.57538,638.62769,319.29297,123.01664,604.57269
1932,16.092,177.85173,217.36143,632.62994,160.62117,169.18199,650.99634,193.3598,153.42261,675.32776,220.82898,116.89841,697.56488,248.06154,196.34799,653.75134,298.88074,163.57538,638.62769,319.19034,122.67014,604.19922
1933,16.1,177.85173,217.36143,632.62994,160.62117,169.18199,650.99634,193.09967,154.3978,675.65759,220.84003,116.94196,697.2561,248.06154,196.34799,653.75134,298.56393,163.73207,638.74384,319.29297,123.01664,604.57269
1934,16.108,177.85173,217.36143,632.62994,160.39914,169.13341,651.01947,193.25105,154.17749,675.81128,220.27708,117.15596,697.67749,247.93456,196.77924,653.57037,298.56393,163.73207,638.74384,319.47772,123.23289,604.69586
1935,16.117,177.50647,217.61452,632.62384,159.96663,168.43488,650.90063,193.09967,154.3978,675.65759,220.37523,117.1375,697.48724,248.16089,195.29076,653.88666,298.56393,163.73207,638.74384,319.47772,123.23289,604.69586
1936,16.125,177.50647,217.61452,632.62384,159.96663,168.43488,650.90063,193.09967,154.3978,675.65759,220.25616,117.07307,698.25372,248.02733,195.80212,653.69232,298.88074,163.57538,638.62769,319.16232,123.45555,604.40747
1937,16.133,177.50647,217.61452,632.62384,159.96663,168.43488,650.90063,193.09967,154.3978,675.65759,219.81403,117.72699,697.84125,248.02733,195.80212,653.69232,298.49307,164.07666,638.98529,319.16232,123.45555,604.40747
1938,16.142,177.50647,217.61452,632.62384,159.96663,168.43488,650.90063,193.09967,154.3978,675.65759,219.62151,117.88107,697.47693,248.02733,195.80212,653.69232,298.56393,163.73207,638.74384,319.16232,123.45555,604.40747
1939,16.15,177.2758,217.79649,632.7804,159.96663,168.43488,650.90063,193.09967,154.3978,675.65759,219.62151,117.88107,697.47693,248.02733,195.80212,653.69232,298.2565,164.34982,639.10114,319.16232,123.45555,604.40747
1940,16.158,177.2758,217.79649,632.7804,160.08212,169.15611,651.21942,193.09967,154.3978,675.65759,220.2256,119.76382,697.66382,248.02733,195.80212,653.69232,298.43912,164.0984,639.25824,318.7955,123.46578,604.44006
1941,16.167,177.2758,217.79649,632.7804,159.65382,169.41978,650.90131,193.09967,154.3978,675.65759,220.2256,119.76382,697.66382,248.02733,195.80212,653.69232,298.24741,164.98718,638.65729,319.16232,123.45555,604.40747
1942,16.175,177.2758,217.79649,632.7804,159.65382,169.41978,650.90131,193.09967,154.3978,675.65759,219.81403,117.72699,697.84125,248.02733,195.80212,653.69232,297.97824,164.42517,639.13678,319.16232,123.45555,604.40747
1943,16.183,177.2758,217.79649,632.7804,159.53818,168.69849,650.5824,193.09967,154.3978,675.65759,219.62151,117.88107,697.47693,248.02733,195.80212,653.69232,297.97824,164.42517,639.13678,318.7955,123.46578,604.44006
1944,16.192,177.2758,217.79649,632.7804,159.65382,169.41978,650.90131,192.74886,154.19347,675.29285,219.81403,117.72699,697.84125,248.05351,195.68527,653.6463,297.97824,164.42517,639.13678,319.16232,123.45555,604.40747
1945,16.2,177.2758,217.79649,632.7804,159.65382,169.41978,650.90131,193.09967,154.3978,675.65759,220.2256,119.76382,697.66382,247.50473,196.17352,653.48804,297.97824,164.42517,639.13678,318.97925,123.45578,604.62604
1946,16.208,177.2758,217.79649,632.7804,159.65382,169.41978,650.90131,193.09967,154.3978,675.65759,219.62151,117.88107,697.47693,248.02733,195.80212,653.69232,297.68451,164.43524,639.07397,318.7955,123.46578,604.44006
1947,16.217,177.2758,217.79649,632.7804,159.65382,169.41978,650.90131,192.74886,154.19347,675.29285,220.42346,119.60125,698.00989,247.6163,195.94757,653.4776,297.98453,164.2549,639.2674,318.7955,123.46578,604.44006
1948,16.225,177.17328,218.13963,632.72388,159.84027,169.31758,650.72241,192.68002,154.34024,675.28558,219.59612,118.21384,697.54657,248.02733,195.80212,653.69232,297.98453,164.2549,639.2674,318.45926,123.1427,604.74054
1949,16.233,176.93059,218.04985,632.77423,159.65382,169.41978,650.90131,192.68002,154.34024,675.28558,219.59612,118.21384,697.54657,247.50473,196.17352,653.48804,298.00293,165.46114,638.94025,318.61353,123.11465,604.54608
1950,16.242,176.93059,218.04985,632.77423,159.84027,169.31758,650.72241,192.68002,154.34024,675.28558,219.79901,118.10102,697.62268,247.50473,196.17352,653.48804,297.92963,165.15829,638.88013,318.45926,123.1427,604.74054
1951,16.25,176.82811,218.39288,632.71771,159.65382,169.41978,650.90131,192.50859,154.13132,675.45233,219.66231,118.08026,697.62921,247.50473,196.17352,653.48804,297.75781,164.73811,639.13409,318.64127,123.49385,604.63446
1952,16.258,176.82811,218.39288,632.71771,159.65382,169.41978,650.90131,192.50859,154.13132,675.45233,219.66231,118.08026,697.62921,247.50473,196.17352,653.48804,297.62714,164.66721,638.90613,318.64127,123.49385,604.63446
1953,16.267,175.61034,214.84126,633.34418,159.65382,169.41978,650.90131,192.68002,154.34024,675.28558,219.58638,118.40994,697.4043,247.50473,196.17352,653.48804,297.70044,164.97006,638.96631,318.64127,123.49385,604.63446
1954,16.275,176.82811,218.39288,632.71771,159.65382,169.41978,650.90131,192.68002,154.34024,675.28558,219.44969,118.38918,697.41083,247.50473,196.17352,653.48804,297.62714,164.66721,638.90613,318.64127,123.49385,604.63446
1955,16.283,176.82811,218.39288,632.71771,159.84027,169.31758,650.72241,192.50859,154.13132,675.45233,219.44969,118.38918,697.41083,247.50473,196.17352,653.48804,297.62714,164.66721,638.90613,318.55038,123.11948,604.2807
1956,16.292,176.82811,218.39288,632.71771,159.65382,169.41978,650.90131,192.23376,153.95537,675.15814,219.68768,117.74755,697.55957,247.6163,195.94757,653.4776,297.68451,164.43524,639.07397,318.36838,122.76839,604.38678
1957,16.3,176.82811,218.39288,632.71771,159.65382,169.41978,650.90131,192.40735,154.17052,674.99628,219.61177,118.07716,697.33466,247.6163,195.94757,653.4776,297.68451,164.43524,639.07397,318.36838,122.76839,604.38678
1958,16.308,176.82811,218.39288,632.71771,159.84027,169.31758,650.72241,192.43817,154.3539,674.85876,219.44969,118.38918,697.41083,247.50473,196.17352,653.48804,297.68451,164.43524,639.07397,318.36838,122.76839,604.38678
1959,16.317,177.2758,217.79649,632.7804,159.65382,169.41978,650.90131,192.40735,154.17052,674.99628,219.66757,117.90226,697.70557,247.6163,195.94757,653.4776,297.68451,164.43524,639.07397,318.61353,123.11465,604.54608
1960,16.325,176.05844,214.24332,633.40692,159.65382,169.41978,650.90131,192.50859,154.13132,675.45233,219.8244,117.7683,697.55304,247.50473,196.17352,653.48804,297.68451,164.43524,639.07397,318.36447,122.51998,604.06921
1961,16.333,176.05844,214.24332,633.40692,159.65382,169.41978,650.90131,192.68002,154.34024,675.28558,220.42572,119.6441,697.74091,247.66573,196.43274,653.94202,297.68451,164.43524,639.07397,318.36447,122.51998,604.06921
1962,16.342,176.05844,214.24332,633.40692,159.65382,169.41978,650.90131,192.50859,154.13132,675.45233,219.62151,117.88107,697.47693,248.18832,196.06126,654.14636,297.68451,164.43524,639.07397,318.70465,123.09135,604.08618
1963,16.35,177.2758,217.79649,632.7804,159.65382,169.41978,650.90131,192.74886,154.19347,675.29285,219.81467,117.96438,697.41077,248.19576,195.89793,654.04443,297.68451,164.43524,639.07397,318.52267,122.7403,604.19226
1964,16.358,177.2758,217.79649,632.7804,159.65382,169.41978,650.90131,192.5753,153.97832,675.45471,219.62151,117.88107,697.47693,248.19576,195.89793,654.04443,297.98453,164.2549,639.2674,318.7955,123.46578,604.44006
1965,16.367,177.2758,217.79649,632.7804,159.65382,169.41978,650.90131,192.92828,154.18887,675.82434,219.8244,117.7683,697.55304,248.18832,196.06126,654.14636,297.98453,164.2549,639.2674,318.70465,123.09135,604.08618
1966,16.375,176.05844,214.24332,633.40692,159.65382,169.41978,650.90131,193.09967,154.3978,675.65759,219.8244,117.7683,697.55304,248.18832,196.06126,654.14636,297.97824,164.42517,639.13678,318.8526,122.70215,604.18469
1967,16.383,176.05844,214.24332,633.40692,159.65382,169.41978,650.90131,193.09967,154.3978,675.65759,219.62151,117.88107,697.47693,248.18832,196.06126,654.14636,297.97824,164.42517,639.13678,318.8526,122.70215,604.18469
1968,16.392,177.2758,217.79649,632.7804,160.08212,169.15611,651.21942,192.74886,154.19347,675.29285,219.62151,117.88107,697.47693,248.19576,195.89793,654.04443,298.22745,163.8775,638.82562,318.38507,121.98776,604.04773
1969,16.4,176.05844,214.24332,633.40692,159.96663,168.43488,650.90063,193.09967,154.3978,675.65759,219.59335,117.45773,697.5921,248.41832,195.46552,654.66833,298.32736,164.00519,638.85974,318.66782,122.48609,604.0614
1970,16.408,176.28879,214.06122,633.25061,159.96663,168.43488,650.90063,193.09967,154.3978,675.65759,219.92281,117.23532,697.95905,248.41832,195.46552,654.66833,297.99081,164.15067,638.94153,318.66782,122.48609,604.0614
1971,16.417,176.28879,214.06122,633.25061,159.96663,168.43488,650.90063,192.74886,154.19347,675.29285,219.59335,117.45773,697.5921,248.34521,195.38589,654.51965,298.67578,163.50815,638.89423,318.11819,122.05825,604.02405
1972,16.425,176.28879,214.06122,633.25061,159.96663,168.43488,650.90063,193.09967,154.3978,675.65759,219.79622,117.34502,697.66821,248.3219,195.54994,654.34076,298.56393,163.73207,638.74384,318.38507,121.98776,604.04773
1973,16.433,176.28879,214.06122,633.25061,159.96663,168.43488,650.90063,193.25105,154.17749,675.81128,219.92281,117.23532,697.95905,248.22154,195.45389,654.43433,298.79053,163.19963,638.97772,318.26917,121.9538,604.086
1974,16.442,177.05135,216.62148,632.68335,159.96663,168.43488,650.90063,193.25105,154.17749,675.81128,219.94864,117.3377,697.23871,248.41832,195.46552,654.66833,298.70517,163.26161,639.08911,318.19394,121.88261,604.14795
1975,16.45,177.24773,216.85553,632.79608,159.96663,168.43488,650.90063,192.95349,152.28323,675.15002,220.30362,117.21644,696.88525,248.15218,196.76242,654.70215,298.72549,163.35313,638.87225,318.45096,121.52438,604.01935
1976,16.458,177.59306,216.60229,632.80225,159.96663,168.43488,650.90063,192.91757,152.00801,675.35724,221.5491,116.69574,696.54919,248.15218,196.76242,654.70215,298.75171,162.89674,638.76837,318.3588,120.92314,604.37463
1977,16.467,176.63445,213.80745,633.25677,159.96663,168.43488,650.90063,192.59056,150.71039,675.07269,219.6236,116.95621,697.86322,248.15218,196.76242,654.70215,298.68417,163.05681,638.65826,318.30066,121.15685,604.2049
1978,16.475,176.7486,212.12253,633.06317,160.03918,168.38206,651.17194,192.27649,152.11063,675.38477,219.6236,116.95621,697.86322,248.24599,195.28485,654.61127,298.75171,162.89674,638.76837,318.3588,120.92314,604.37463
1979,16.483,177.53151,216.18378,632.76996,159.96663,168.43488,650.90063,192.02956,149.39398,675.12732,220.44672,116.35933,697.39911,248.23438,196.41551,654.57782,298.5845,162.55901,638.86188,318.3588,120.92314,604.37463
1980,16.492,177.53151,216.18378,632.76996,159.85117,167.71361,650.58203,191.61493,150.18709,675.2547,220.52373,117.97496,696.94159,248.08121,196.01093,654.31061,297.94199,162.59993,638.13062,318.3588,120.92314,604.37463
1981,16.5,177.53151,216.18378,632.76996,159.96663,168.43488,650.90063,191.61493,150.18709,675.2547,220.82971,117.75935,697.51624,248.08121,196.01093,654.31061,297.79239,162.33183,638.211,318.27173,120.62894,604.3299
1982,16.508,177.53151,216.18378,632.76996,159.96663,168.43488,650.90063,192.25853,149.59349,674.96368,220.42818,116.43172,697.32983,247.99146,195.99686,654.25989,298.01376,162.60741,638.22229,318.30066,121.15685,604.2049
1983,16.517,177.53151,216.18378,632.76996,160.26802,168.24715,651.20209,192.02956,149.39398,675.12732,220.42818,116.43172,697.32983,248.01962,194.85036,654.2749,298.18588,162.41238,638.31763,318.3588,120.92314,604.37463
1984,16.525,177.53151,216.18378,632.76996,159.96663,168.43488,650.90063,192.58188,149.26054,675.19043,220.33534,116.5732,696.72742,248.15218,196.76242,654.70215,298.03986,162.1842,638.08997,318.3588,120.92314,604.37463
1985,16.533,177.53151,216.18378,632.76996,160.26802,168.24715,651.20209,192.58188,149.26054,675.19043,220.64929,116.28967,697.52643,248.42104,196.2966,654.62885,298.03986,162.1842,638.08997,318.3588,120.92314,604.37463
1986,16.542,177.53151,216.18378,632.76996,159.96663,168.43488,650.90063,192.58188,149.26054,675.19043,220.5854,116.03613,699.25446,248.06165,196.19678,654.14545,297.83804,162.4127,637.96393,318.30066,121.15685,604.2049
1987,16.55,177.42053,216.11671,632.86108,160.15266,167.52596,650.88367,192.58188,149.26054,675.19043,220.42818,116.43172,697.32983,248.06165,196.19678,654.14545,298.03986,162.1842,638.08997,318.3588,120.92314,604.37463
1988,16.558,177.42053,216.11671,632.86108,160.26802,168.24715,651.20209,192.02956,149.39398,675.12732,220.72273,117.9078,696.95068,248.01962,194.85036,654.2749,298.18588,162.41238,638.31763,318.27173,120.62894,604.3299
1989,16.567,177.42053,216.11671,632.86108,160.94951,167.05827,650.99225,192.02956,149.39398,675.12732,221.05188,117.62742,697.59125,247.78474,195.48065,654.4848,298.68335,162.69937,638.9917,318.27173,120.62894,604.3299
1990,16.575,177.42053,216.11671,632.86108,161.05606,167.77458,651.57239,192.02956,149.39398,675.12732,220.3253,115.39203,699.28204,247.99635,194.85524,654.1582,298.5845,162.55901,638.86188,318.27173,120.62894,604.3299
1991,16.583,177.42053,216.11671,632.86108,161.05606,167.77458,651.57239,192.02956,149.39398,675.12732,220.3253,115.39203,699.28204,247.87953,194.34116,654.10822,298.5845,162.55901,638.86188,318.27173,120.62894,604.3299
1992,16.592,177.42053,216.11671,632.86108,160.94951,167.05827,650.99225,192.02956,149.39398,675.12732,219.86818,115.98083,696.75177,247.87953,194.34116,654.10822,298.5845,162.55901,638.86188,318.27173,120.62894,604.3299
1993,16.6,177.0751,216.37004,632.85492,160.94951,167.05827,650.99225,191.7029,149.71033,675.06104,219.29375,116.24962,696.86047,247.71043,195.41342,654.23798,298.57117,162.66238,639.05615,318.27173,120.62894,604.3299
1994,16.608,177.42053,216.11671,632.86108,159.92377,167.6609,650.85345,192.02956,149.39398,675.12732,220.11821,115.44413,699.27814,247.87953,194.34116,654.10822,298.4614,162.49423,638.9375,318.27173,120.62894,604.3299
1995,16.617,177.42053,216.11671,632.86108,159.92377,167.6609,650.85345,192.02956,149.39398,675.12732,220.11821,115.44413,699.27814,247.87953,194.34116,654.10822,298.4614,162.49423,638.9375,318.27173,120.62894,604.3299
1996,16.625,177.42053,216.11671,632.86108,159.92377,167.6609,650.85345,191.7029,149.71033,675.06104,219.86818,115.98083,696.75177,247.68369,193.91212,654.48041,298.23535,162.64078,639.0423,318.27173,120.62894,604.3299
1997,16.633,177.0751,216.37004,632.85492,159.92377,167.6609,650.85345,192.02956,149.39398,675.12732,219.15836,116.22205,697.45825,247.87903,194.0311,654.60291,298.12842,162.33034,638.94568,318.27173,120.62894,604.3299
1998,16.642,177.0751,216.37004,632.85492,159.92377,167.6609,650.85345,192.02956,149.39398,675.12732,219.15836,116.22205,697.45825,247.78531,193.82542,654.55231,298.23535,162.64078,639.0423,318.13684,120.7058,604.28674
1999,16.65,177.0751,216.37004,632.85492,159.92377,167.6609,650.85345,192.02956,149.39398,675.12732,219.29375,116.24962,696.86047,247.87953,194.34116,654.10822,298.14996,162.70276,639.15369,318.13684,120.7058,604.28674
2000,16.658,177.0751,216.37004,632.85492,159.92377,167.6609,650.85345,192.02956,149.39398,675.12732,219.15836,116.22205,697.45825,247.94438,194.43622,654.23108,298.34821,162.82254,639.14581,318.13684,120.7058,604.28674
2001,16.667,176.89194,216.55777,633.00653,160.03918,168.38206,651.17194,191.61493,150.18709,675.2547,219.15836,116.22205,697.45825,247.87849,194.4771,654.17755,298.26184,162.89047,639.24066,318.13684,120.7058,604.28674
2002,16.675,176.89194,216.55777,633.00653,159.96663,168.43488,650.90063,192.02956,149.39398,675.12732,219.15836,116.22205,697.45825,247.87953,194.34116,654.10822,298.14996,162.70276,639.15369,318.10611,121.15289,604.22925
2003,16.683,176.77472,216.73373,632.92542,159.92377,167.6609,650.85345,192.02956,149.39398,675.12732,219.15836,116.22205,697.45825,247.87953,194.34116,654.10822,298.14996,162.70276,639.15369,318.22391,121.00001,604.33148
2004,16.692,176.89194,216.55777,633.00653,159.55986,168.67548,650.84698,191.61493,150.18709,675.2547,219.36111,116.10938,697.5343,247.9503,194.84343,654.0907,298.14996,162.70276,639.15369,318.10611,121.15289,604.22925
2005,16.7,176.77472,216.73373,632.92542,159.53818,168.69849,650.5824,191.61493,150.18709,675.2547,219.15836,116.22205,697.45825,247.97212,194.84248,654.2066,298.26184,162.89047,639.24066,318.10611,121.15289,604.22925
2006,16.708,176.77472,216.73373,632.92542,159.96663,168.43488,650.90063,192.02956,149.39398,675.12732,219.43114,117.11022,697.49902,248.01962,194.85036,654.2749,298.23376,163.13437,639.40381,318.10611,121.15289,604.22925
2007,16.717,176.77472,216.73373,632.92542,159.53818,168.69849,650.5824,191.40703,150.8784,675.46826,219.6236,116.95621,697.86322,248.10368,195.07231,654.21307,298.14465,162.97946,639.34564,317.98428,121.74976,604.16333
2008,16.725,176.77472,216.73373,632.92542,159.53818,168.69849,650.5824,191.92558,151.73703,675.70331,219.43114,117.11022,697.49902,247.99635,194.85524,654.1582,297.11209,163.10818,638.85327,317.87595,121.35665,604.29999
2009,16.733,176.77472,216.73373,632.92542,159.53818,168.69849,650.5824,191.92558,151.73703,675.70331,219.43114,117.11022,697.49902,248.15741,195.1142,654.6123,297.13818,162.85457,638.67108,317.8299,121.77782,604.35797
2010,16.742,176.77472,216.73373,632.92542,159.53818,168.69849,650.5824,191.92558,151.73703,675.70331,219.43114,117.11022,697.49902,248.14331,195.05476,654.65771,298.13254,163.74612,639.47144,317.98428,121.74976,604.16333
2011,16.75,176.77472,216.73373,632.92542,159.53818,168.69849,650.5824,191.51016,152.17897,675.38672,219.43114,117.11022,697.49902,247.9503,194.84343,654.0907,296.92825,163.28815,638.63202,317.98428,121.74976,604.16333
2012,16.758,176.77472,216.73373,632.92542,159.53818,168.69849,650.5824,191.80353,152.00986,675.50812,219.43114,117.11022,697.49902,247.89993,194.93945,653.83057,297.87338,164.17169,639.35492,317.98428,121.74976,604.16333
2013,16.767,176.77472,216.73373,632.92542,159.53818,168.69849,650.5824,191.80353,152.00986,675.50812,220.08606,118.46501,698.06128,248.06053,195.1947,653.98022,297.57858,164.07542,638.9693,317.98428,121.74976,604.16333
2014,16.775,175.81619,213.93925,633.37976,159.53818,168.69849,650.5824,191.24731,152.36168,674.93469,219.63397,116.99751,697.57513,247.88179,194.92389,653.79651,297.40604,164.01416,639.25494,318.11819,122.05825,604.02405
2015,16.783,177.03336,217.49277,632.75317,159.53818,168.69849,650.5824,191.58914,152.38501,675.23157,219.63397,116.99751,697.57513,248.17747,195.36551,654.31714,297.68976,164.15863,638.88177,317.8299,121.77782,604.35797
2016,16.792,176.91479,217.1409,632.9671,159.53818,168.69849,650.5824,191.58914,152.38501,675.23157,219.43114,117.11022,697.49902,248.0352,195.1528,653.91895,297.68976,164.15863,638.88177,317.98428,121.74976,604.16333
2017,16.8,176.77472,216.73373,632.92542,159.53818,168.69849,650.5824,191.24731,152.36168,674.93469,219.43114,117.11022,697.49902,247.88179,194.92389,653.79651,297.98981,163.97829,639.07526,317.98428,121.74976,604.16333
2018,16.808,176.77472,216.73373,632.92542,159.53818,168.69849,650.5824,191.86734,152.22272,675.34558,219.59335,117.45773,697.5921,248.06053,195.1947,653.98022,297.98453,164.2549,639.2674,317.98428,121.74976,604.16333
2019,16.817,175.81619,213.93925,633.37976,159.53818,168.69849,650.5824,192.06868,153.24704,675.26154,219.79622,117.34502,697.66821,248.0352,195.1528,653.91895,297.82254,163.64047,639.16876,317.98428,121.74976,604.16333
2020,16.825,175.81619,213.93925,633.37976,159.53818,168.69849,650.5824,192.37059,153.27054,675.4931,219.59335,117.45773,697.5921,248.22154,195.45389,654.43433,298.22012,163.87598,639.10699,317.98428,121.74976,604.16333
2021,16.833,175.90961,214.01509,633.28937,159.53818,168.69849,650.5824,192.30681,153.05789,675.65564,219.59335,117.45773,697.5921,248.22154,195.45389,654.43433,298.22012,163.87598,639.10699,318.06003,121.5741,604.28723
2022,16.842,175.90961,214.01509,633.28937,159.53818,168.69849,650.5824,192.42885,152.78529,675.85083,219.78584,117.30375,697.95636,248.06053,195.1947,653.98022,298.43494,163.38203,639.17657,318.06003,121.5741,604.28723
2023,16.85,177.03438,217.29326,632.85077,159.53818,168.69849,650.5824,192.37059,153.27054,675.4931,219.59335,117.45773,697.5921,248.06053,195.1947,653.98022,298.43494,163.38203,639.17657,318.06003,121.5741,604.28723
2024,16.858,177.03438,217.29326,632.85077,159.53818,168.69849,650.5824,192.14742,153.05652,675.40546,219.78584,117.30375,697.95636,248.17747,195.36551,654.31714,298.43494,163.38203,639.17657,317.98428,121.74976,604.16333
2025,16.867,177.03438,217.29326,632.85077,159.53818,168.69849,650.5824,192.37059,153.27054,675.4931,219.92281,117.23532,697.95905,248.22154,195.45389,654.43433,298.38907,163.49852,638.95404,318.2348,121.62017,604.23334
2026,16.875,177.03438,217.29326,632.85077,159.53818,168.69849,650.5824,192.37059,153.27054,675.4931,219.59335,117.45773,697.5921,248.06053,195.1947,653.98022,298.52567,163.04329,638.87323,318.10611,121.15289,604.22925
2027,16.883,177.03438,217.29326,632.85077,159.53818,168.69849,650.5824,192.37059,153.27054,675.4931,219.59335,117.45773,697.5921,248.06053,195.1947,653.98022,298.44028,163.10527,638.98462,318.17783,121.42125,604.38947
2028,16.892,177.03438,217.29326,632.85077,159.53818,168.69849,650.5824,192.06868,153.24704,675.26154,219.78584,117.30375,697.95636,248.0352,195.1528,653.91895,298.4017,163.22385,638.75891,318.30066,121.15685,604.2049
2029,16.9,177.1268,217.56815,632.66278,159.53818,168.69849,650.5824,192.54202,153.47966,675.32635,219.59335,117.45773,697.5921,248.05217,196.83328,654.39313,298.52567,163.04329,638.87323,318.22391,121.00001,604.33148
2030,16.908,176.05844,214.24332,633.40692,159.53818,168.69849,650.5824,192.06868,153.24704,675.26154,219.59335,117.45773,697.5921,248.15202,196.91385,654.30811,298.52567,163.04329,638.87323,318.22391,121.00001,604.33148
2031,16.917,175.90961,214.01509,633.28937,159.96663,168.43488,650.90063,192.06868,153.24704,675.26154,219.59335,117.45773,697.5921,248.01456,196.09111,653.77228,298.75171,162.89674,638.76837,318.22391,121.00001,604.33148
2032,16.925,176.05844,214.24332,633.40692,159.96663,168.43488,650.90063,192.54202,153.47966,675.32635,219.59335,117.45773,697.5921,248.06053,195.1947,653.98022,298.75171,162.89674,638.76837,318.22391,121.00001,604.33148
2033,16.933,175.90961,214.01509,633.28937,160.08212,169.15611,651.21942,192.69344,153.25928,675.4801,219.59335,117.45773,697.5921,248.22154,195.45389,654.43433,298.49924,162.67072,638.79291,318.30066,121.15685,604.2049
2034,16.942,176.27037,213.11145,633.10876,159.96663,168.43488,650.90063,192.92828,154.18887,675.82434,219.92281,117.23532,697.95905,248.3219,195.54994,654.34076,298.75171,162.89674,638.76837,318.22391,121.00001,604.33148
2035,16.95,176.05844,214.24332,633.40692,160.08212,169.15611,651.21942,192.74886,154.19347,675.29285,219.59335,117.45773,697.5921,248.27672,195.46651,654.22552,298.72549,163.35313,638.87225,318.30066,121.15685,604.2049
2036,16.958,176.05844,214.24332,633.40692,159.65382,169.41978,650.90131,192.74886,154.19347,675.29285,219.79622,117.34502,697.66821,248.17747,195.36551,654.31714,298.68417,163.05681,638.65826,318.2348,121.62017,604.23334
2037,16.967,176.05844,214.24332,633.40692,159.65382,169.41978,650.90131,192.74886,154.19347,675.29285,219.78584,117.30375,697.95636,248.27672,195.46651,654.22552,298.38907,163.49852,638.95404,318.30066,121.15685,604.2049
2038,16.975,176.27037,213.11145,633.10876,160.08212,169.15611,651.21942,192.74886,154.19347,675.29285,219.79622,117.34502,697.66821,248.27672,195.46651,654.22552,298.63696,163.20525,638.68481,318.10611,121.15289,604.22925
2039,16.983,176.27037,213.11145,633.10876,159.53818,168.69849,650.5824,192.74886,154.19347,675.29285,219.79622,117.34502,697.66821,248.27672,195.46651,654.22552,298.52261,163.43573,638.52985,318.2348,121.62017,604.23334
2040,16.992,176.27037,213.11145,633.10876,159.65382,169.41978,650.90131,193.09967,154.3978,675.65759,219.8244,117.7683,697.55304,248.02733,195.80212,653.69232,298.40555,163.62859,638.98169,318.03033,121.32857,604.10535
2041,17,176.05844,214.24332,633.40692,159.53818,168.69849,650.5824,192.74886,154.19347,675.29285,219.78584,117.30375,697.95636,248.27672,195.46651,654.22552,298.52261,163.43573,638.52985,318.30066,121.15685,604.2049
2042,17.008,177.2758,217.79649,632.7804,159.65382,169.41978,650.90131,192.74886,154.19347,675.29285,219.79622,117.34502,697.66821,248.27672,195.46651,654.22552,298.52261,163.43573,638.52985,318.30066,121.15685,604.2049
2043,17.017,177.2758,217.79649,632.7804,159.65382,169.41978,650.90131,193.09967,154.3978,675.65759,219.59335,117.45773,697.5921,248.16089,195.29076,653.88666,298.24008,163.6028,638.63043,318.30066,121.15685,604.2049
2044,17.025,177.2758,217.79649,632.7804,160.08212,169.15611,651.21942,192.74886,154.19347,675.29285,219.59335,117.45773,697.5921,248.34521,195.38589,654.51965,298.4017,163.22385,638.75891,318.30066,121.15685,604.2049
2045,17.033,176.27037,213.11145,633.10876,160.08212,169.15611,651.21942,193.09967,154.3978,675.65759,219.92281,117.23532,697.95905,248.3219,195.54994,654.34076,298.68417,163.05681,638.65826,318.11734,121.15704,604.42377
2046,17.042,176.27037,213.11145,633.10876,159.96663,168.43488,650.90063,192.5753,153.97832,675.45471,219.92281,117.23532,697.95905,248.13446,195.25381,653.82733,298.4017,163.22385,638.75891,318.11734,121.15704,604.42377
2047,17.05,176.27037,213.11145,633.10876,160.08212,169.15611,651.21942,192.5753,153.97832,675.45471,219.79622,117.34502,697.66821,248.13446,195.25381,653.82733,298.4017,163.22385,638.75891,318.30066,121.15685,604.2049
2048,17.058,176.27037,213.11145,633.10876,160.08212,169.15611,651.21942,192.85907,154.00595,675.43445,219.77084,117.67772,697.73779,248.13446,195.25381,653.82733,298.4017,163.22385,638.75891,318.11734,121.15704,604.42377
2049,17.067,176.05844,214.24332,633.40692,160.08212,169.15611,651.21942,192.74886,154.19347,675.29285,219.71588,117.71943,697.89288,248.13446,195.25381,653.82733,298.75171,162.89674,638.76837,318.10611,121.15289,604.22925
2050,17.075,177.50647,217.61452,632.62384,160.08212,169.15611,651.21942,192.74886,154.19347,675.29285,219.57892,117.78797,697.8902,248.13446,195.25381,653.82733,298.68417,163.05681,638.65826,318.30066,121.15685,604.2049
2051,17.083,177.85173,217.36143,632.62994,160.08212,169.15611,651.21942,193.09967,154.3978,675.65759,219.71982,118.34228,697.8772,248.16089,195.29076,653.88666,298.68417,163.05681,638.65826,318.30066,121.15685,604.2049
2052,17.092,177.50647,217.61452,632.62384,159.96663,168.43488,650.90063,192.74886,154.19347,675.29285,219.85913,117.66815,697.24432,248.13446,195.25381,653.82733,298.68417,163.05681,638.65826,318.30066,121.15685,604.2049
2053,17.1,176.83229,212.74297,632.98071,160.03918,168.38206,651.17194,192.85907,154.00595,675.43445,219.72087,117.73898,698.01611,248.13446,195.25381,653.82733,299.00107,162.90004,638.54211,318.30066,121.15685,604.2049
2054,17.108,176.63445,213.80745,633.25677,160.47165,169.08054,651.29065,193.3598,153.42261,675.32776,220.56981,117.25749,697.52527,248.06154,196.34799,653.75134,299.00107,162.90004,638.54211,318.30066,121.15685,604.2049
2055,17.117,176.63445,213.80745,633.25677,159.96663,168.43488,650.90063,193.51122,153.2021,675.48145,220.44083,117.35653,696.87494,248.55269,196.06517,653.70758,299.00107,162.90004,638.54211,318.20389,120.83937,604.17877
2056,17.125,177.85173,217.36143,632.62994,160.39914,169.13341,651.01947,193.06726,153.31583,675.22107,219.35522,118.03606,698.00671,248.53708,195.98827,653.63275,299.00107,162.90004,638.54211,318.30066,121.15685,604.2049
2057,17.133,177.85173,217.36143,632.62994,159.96663,168.43488,650.90063,194.06268,153.06842,675.54437,221.05992,116.92924,697.79822,248.55269,196.06517,653.70758,299.00107,162.90004,638.54211,318.20389,120.83937,604.17877
2058,17.142,177.98647,217.17708,632.71033,160.18871,168.48349,650.8775,194.06268,153.06842,675.54437,221.53294,116.64587,696.51904,248.55269,196.06517,653.70758,299.00107,162.90004,638.54211,318.20389,120.83937,604.17877
2059,17.15,177.98647,217.17708,632.71033,160.62117,169.18199,650.99634,193.87184,151.42886,675.50616,221.53294,116.64587,696.51904,248.55269,196.06517,653.70758,298.00534,162.70753,637.85535,318.20389,120.83937,604.17877
2060,17.158,176.76927,213.6225,633.33722,160.18871,168.48349,650.8775,193.87184,151.42886,675.50616,220.8143,117.09531,697.60638,248.55269,196.06517,653.70758,298.00534,162.70753,637.85535,318.20389,120.83937,604.17877
2061,17.167,176.76927,213.6225,633.33722,160.18871,168.48349,650.8775,193.78946,151.34332,675.40015,220.82094,116.72952,699.51843,248.53708,195.98827,653.63275,298.00534,162.70753,637.85535,318.20389,120.83937,604.17877
2062,17.175,176.76927,213.6225,633.33722,160.62117,169.18199,650.99634,192.87914,150.72733,674.97675,220.65112,116.32696,699.40216,248.53708,195.98827,653.63275,297.83804,162.4127,637.96393,317.9686,120.65604,604.08746
2063,17.183,176.76927,213.6225,633.33722,160.18871,168.48349,650.8775,193.31407,150.50931,675.17456,220.37094,116.58759,696.50964,248.55269,196.06517,653.70758,297.83804,162.4127,637.96393,317.91635,120.76073,603.92419
2064,17.192,176.76927,213.6225,633.33722,160.18871,168.48349,650.8775,193.28262,150.61137,675.20685,220.37094,116.58759,696.50964,248.53708,195.98827,653.63275,297.83804,162.4127,637.96393,317.91635,120.76073,603.92419
2065,17.2,176.76927,213.6225,633.33722,160.18871,168.48349,650.8775,193.31407,150.50931,675.17456,220.76337,116.25417,699.23517,248.46072,195.96642,653.80505,298.04556,162.19254,637.81671,317.91635,120.76073,603.92419
2066,17.208,177.98647,217.17708,632.71033,160.18871,168.48349,650.8775,192.81078,149.45993,675.02673,220.49988,116.48845,697.15979,248.46072,195.96642,653.80505,298.04556,162.19254,637.81671,318.23273,120.62242,603.79425
2067,17.217,176.57317,213.3886,633.22455,160.18871,168.48349,650.8775,192.39954,149.86443,674.94666,220.37094,116.58759,696.50964,248.45738,195.45515,653.78601,298.04556,162.19254,637.81671,318.23273,120.62242,603.79425
2068,17.225,176.57317,213.3886,633.22455,161.05606,167.77458,651.57239,192.81078,149.45993,675.02673,220.37094,116.58759,696.50964,248.50984,195.46951,653.86005,298.04556,162.19254,637.81671,318.32761,120.4107,603.7774
2069,17.233,176.57317,213.3886,633.22455,161.41924,167.74022,651.56195,192.80289,149.74847,675.1767,220.37094,116.58759,696.50964,248.40263,195.52971,653.71136,298.04556,162.19254,637.81671,318.32761,120.4107,603.7774
2070,17.242,176.57317,213.3886,633.22455,161.05606,167.77458,651.57239,192.39954,149.86443,674.94666,220.37094,116.58759,696.50964,248.30119,195.25685,653.6651,298.04556,162.19254,637.81671,318.23273,120.62242,603.79425
2071,17.25,176.57317,213.3886,633.22455,161.05606,167.77458,651.57239,192.80289,149.74847,675.1767,220.37094,116.58759,696.50964,248.55882,195.72804,653.83228,298.04556,162.19254,637.81671,317.80936,121.00674,604.11261
2072,17.258,176.57317,213.3886,633.22455,161.05606,167.77458,651.57239,192.80289,149.74847,675.1767,220.37094,116.58759,696.50964,248.30119,195.25685,653.6651,298.04556,162.19254,637.81671,317.91635,120.76073,603.92419
2073,17.267,176.75374,213.91037,633.2868,161.41924,167.74022,651.56195,192.80289,149.74847,675.1767,220.46504,116.47369,696.40436,248.30119,195.25685,653.6651,298.04556,162.19254,637.81671,318.23273,120.62242,603.79425
2074,17.275,176.75374,213.91037,633.2868,161.05606,167.77458,651.57239,192.80289,149.74847,675.1767,220.46504,116.47369,696.40436,248.30962,195.03963,653.47284,298.04556,162.19254,637.81671,318.23273,120.62242,603.79425
2075,17.283,176.57317,213.3886,633.22455,161.41924,167.74022,651.56195,192.80289,149.74847,675.1767,220.46504,116.47369,696.40436,248.30119,195.25685,653.6651,297.99792,162.39006,637.164,318.23273,120.62242,603.79425
2076,17.292,176.75374,213.91037,633.2868,161.41924,167.74022,651.56195,192.80289,149.74847,675.1767,220.5351,116.50429,696.39349,248.42352,194.88136,653.57751,297.99792,162.39006,637.164,318.23273,120.62242,603.79425
2077,17.3,176.75374,213.91037,633.2868,161.41924,167.74022,651.56195,192.80289,149.74847,675.1767,221.11903,118.02855,696.40289,248.30119,195.25685,653.6651,298.04556,162.19254,637.81671,318.23273,120.62242,603.79425
2078,17.308,176.75374,213.91037,633.2868,161.41924,167.74022,651.56195,192.80289,149.74847,675.1767,221.0253,118.12807,696.49628,248.42352,194.88136,653.57751,298.04556,162.19254,637.81671,318.35956,121.02624,603.60223
2079,17.317,177.69081,216.64844,632.76642,160.18871,168.48349,650.8775,192.80289,149.74847,675.1767,220.71039,116.2429,695.96271,248.5797,195.07964,653.69843,298.04556,162.19254,637.81671,318.35956,121.02624,603.60223
2080,17.325,177.7901,216.94299,632.5976,160.18871,168.48349,650.8775,192.80289,149.74847,675.1767,220.71039,116.2429,695.96271,248.42352,194.88136,653.57751,297.99792,162.39006,637.164,318.27185,120.08199,602.8468
2081,17.333,176.75374,213.91037,633.2868,160.18871,168.48349,650.8775,192.9996,149.62462,674.7998,221.80226,115.53351,695.60693,248.0977,195.13573,653.36798,298.20142,162.29121,636.96918,318.35956,121.02624,603.60223
2082,17.342,177.53151,216.18378,632.76996,160.18871,168.48349,650.8775,192.80289,149.74847,675.1767,220.71039,116.2429,695.96271,248.0977,195.13573,653.36798,298.24899,162.09386,637.62189,318.35956,121.02624,603.60223
2083,17.35,177.53151,216.18378,632.76996,160.18871,168.48349,650.8775,192.80289,149.74847,675.1767,220.71039,116.2429,695.96271,247.98264,194.84726,653.37164,299.22461,162.21852,638.32257,318.29111,121.15971,603.24347
2084,17.358,177.69081,216.64844,632.76642,160.18871,168.48349,650.8775,192.93465,149.57013,675.31165,220.44818,115.51799,695.96594,247.98264,194.84726,653.37164,298.24899,162.09386,637.62189,318.62878,120.84702,603.49274
2085,17.367,177.69081,216.64844,632.76642,160.07329,167.76224,650.5589,192.80289,149.74847,675.1767,220.44818,115.51799,695.96594,248.0977,195.13573,653.36798,298.20142,162.29121,636.96918,318.35956,121.02624,603.60223
2086,17.375,177.62259,215.95287,632.96527,160.18871,168.48349,650.8775,192.80289,149.74847,675.1767,221.21678,116.09158,696.77338,248.06425,195.17868,653.71191,299.22461,162.21852,638.32257,318.62878,120.84702,603.49274
2087,17.383,177.62259,215.95287,632.96527,160.18871,168.48349,650.8775,192.80289,149.74847,675.1767,221.21678,116.09158,696.77338,248.19064,195.49329,653.9873,299.02286,162.28972,638.53064,318.35956,121.02624,603.60223
2088,17.392,177.62259,215.95287,632.96527,160.18871,168.48349,650.8775,192.93465,149.57013,675.31165,220.97095,116.25789,696.55933,248.22046,195.37698,653.83289,299.02286,162.28972,638.53064,318.62878,120.84702,603.49274
2089,17.4,177.62259,215.95287,632.96527,160.37477,167.57443,650.86053,192.93465,149.57013,675.31165,221.94653,116.5921,696.0542,248.06425,195.17868,653.71191,299.02286,162.28972,638.53064,318.35956,121.02624,603.60223
2090,17.408,177.62259,215.95287,632.96527,161.31281,167.02391,650.98187,192.93465,149.57013,675.31165,221.94653,116.5921,696.0542,248.06425,195.17868,653.71191,299.02286,162.28972,638.53064,318.56033,120.98047,603.13391
2091,17.417,177.71358,215.72226,633.16077,161.41924,167.74022,651.56195,192.93465,149.57013,675.31165,221.38075,117.06447,697.11249,248.39728,194.47939,653.60626,298.69131,161.67456,638.30756,318.35956,121.02624,603.60223
2092,17.425,177.71358,215.72226,633.16077,161.41924,167.74022,651.56195,192.93465,149.57013,675.31165,220.97195,115.29839,698.63708,248.39728,194.47939,653.60626,299.02286,162.28972,638.53064,318.29111,121.15971,603.24347
2093,17.433,177.71358,215.72226,633.16077,160.49005,168.29561,651.17902,192.93465,149.57013,675.31165,220.82274,115.25248,696.82983,248.06425,195.17868,653.71191,299.02286,162.28972,638.53064,318.29111,121.15971,603.24347
2094,17.442,177.62259,215.95287,632.96527,160.37477,167.57443,650.86053,192.93465,149.57013,675.31165,220.44818,115.51799,695.96594,248.39728,194.47939,653.60626,299.02286,162.28972,638.53064,318.49292,120.92052,603.09326
2095,17.45,177.71358,215.72226,633.16077,160.26802,168.24715,651.20209,192.80289,149.74847,675.1767,220.44818,115.51799,695.96594,248.03445,195.29495,653.86639,299.02286,162.28972,638.53064,318.29111,121.15971,603.24347
2096,17.458,177.71358,215.72226,633.16077,160.94951,167.05827,650.99225,192.80289,149.74847,675.1767,220.2785,115.11565,695.84998,248.03445,195.29495,653.86639,298.77127,161.42227,638.23657,318.29111,121.15971,603.24347
2097,17.467,177.62259,215.95287,632.96527,160.94951,167.05827,650.99225,192.80289,149.74847,675.1767,220.2785,115.11565,695.84998,248.06425,195.17868,653.71191,298.69131,161.67456,638.30756,318.29111,121.15971,603.24347
2098,17.475,177.71358,215.72226,633.16077,161.05606,167.77458,651.57239,192.80289,149.74847,675.1767,220.44818,115.51799,695.96594,248.0878,195.13741,653.96271,298.69131,161.67456,638.30756,318.29111,121.15971,603.24347
2099,17.483,177.71358,215.72226,633.16077,160.15266,167.52596,650.88367,192.17624,149.6514,675.10699,220.2785,115.11565,695.84998,248.00616,194.80605,653.62244,298.77127,161.42227,638.23657,318.29111,121.15971,603.24347
2100,17.492,177.62259,215.95287,632.96527,160.94951,167.05827,650.99225,192.80289,149.74847,675.1767,220.40732,115.01633,696.49982,248.00729,195.56435,654.19861,298.77127,161.42227,638.23657,318.16428,120.75594,603.43542
2101,17.5,177.71358,215.72226,633.16077,160.26802,168.24715,651.20209,192.80289,149.74847,675.1767,220.6705,114.78137,698.5741,247.95549,195.11668,653.70398,298.69131,161.67456,638.30756,318.29111,121.15971,603.24347
2102,17.508,177.71358,215.72226,633.16077,161.05606,167.77458,651.57239,192.80289,149.74847,675.1767,220.6705,114.78137,698.5741,248.00616,194.80605,653.62244,299.02286,162.28972,638.53064,318.29111,121.15971,603.24347
2103,17.517,177.91129,215.58727,633.38934,160.26802,168.24715,651.20209,192.93465,149.57013,675.31165,220.2785,115.11565,695.84998,248.33197,194.5517,653.83197,299.10281,162.03751,638.45966,318.29111,121.15971,603.24347
2104,17.525,177.91129,215.58727,633.38934,160.15266,167.52596,650.88367,192.80289,149.74847,675.1767,220.2785,115.11565,695.84998,248.28131,194.86229,653.91351,298.69131,161.67456,638.30756,318.36606,120.5168,603.28522
2105,17.533,177.91129,215.58727,633.38934,160.26802,168.24715,651.20209,192.80289,149.74847,675.1767,221.17575,116.54027,698.784,248.20439,194.13922,654.21954,298.69131,161.67456,638.30756,318.36606,120.5168,603.28522
2106,17.542,177.91129,215.58727,633.38934,160.26802,168.24715,651.20209,192.98581,149.24638,675.17419,220.6705,114.78137,698.5741,248.34309,194.01071,654.29431,298.69131,161.67456,638.30756,318.53088,120.72502,602.86609
2107,17.55,177.82025,215.81799,633.19385,160.26802,168.24715,651.20209,192.93465,149.57013,675.31165,221.3698,114.40633,695.49438,248.30219,194.66789,653.98645,299.02286,162.28972,638.53064,318.44608,120.89774,603.27289
2108,17.558,177.82025,215.81799,633.19385,160.26802,168.24715,651.20209,192.80289,149.74847,675.1767,220.2785,115.11565,695.84998,248.30219,194.66789,653.98645,299.02286,162.28972,638.53064,318.61304,120.73372,603.12714
2109,17.567,177.91129,215.58727,633.38934,160.26802,168.24715,651.20209,192.80289,149.74847,675.1767,220.6705,114.78137,698.5741,248.33197,194.5517,653.83197,299.02286,162.28972,638.53064,318.85007,120.63603,603.01721
2110,17.575,177.91129,215.58727,633.38934,160.26802,168.24715,651.20209,192.81078,149.45993,675.02673,220.6705,114.78137,698.5741,248.40305,194.59348,654.05463,299.10281,162.03751,638.45966,318.53088,120.72502,602.86609
2111,17.583,177.91129,215.58727,633.38934,160.26802,168.24715,651.20209,192.98581,149.24638,675.17419,220.2785,115.11565,695.84998,248.40305,194.59348,654.05463,298.69131,161.67456,638.30756,318.85007,120.63603,603.01721
2112,17.592,177.91129,215.58727,633.38934,160.26802,168.24715,651.20209,192.98581,149.24638,675.17419,220.2785,115.11565,695.84998,248.43839,194.44469,653.88318,298.69131,161.67456,638.30756,318.44608,120.89774,603.27289
2113,17.6,177.82025,215.81799,633.19385,160.49005,168.29561,651.17902,192.80289,149.74847,675.1767,220.6705,114.78137,698.5741,248.30219,194.66789,653.98645,299.02286,162.28972,638.53064,318.85007,120.63603,603.01721
2114,17.608,177.91129,215.58727,633.38934,161.05606,167.77458,651.57239,192.80289,149.74847,675.1767,221.17575,116.54027,698.784,248.30219,194.66789,653.98645,299.10281,162.03751,638.45966,318.76791,120.62736,602.75616
2115,17.617,177.91129,215.58727,633.38934,160.49005,168.29561,651.17902,192.81078,149.45993,675.02673,220.85455,117.06591,696.19543,248.43839,194.44469,653.88318,299.10281,162.03751,638.45966,318.76791,120.62736,602.75616
2116,17.625,177.91129,215.58727,633.38934,160.49005,168.29561,651.17902,192.80289,149.74847,675.1767,220.36295,114.94389,695.66852,248.33197,194.5517,653.83197,298.99072,162.36975,637.69855,318.76791,120.62736,602.75616
2117,17.633,177.91129,215.58727,633.38934,160.49005,168.29561,651.17902,192.80289,149.74847,675.1767,220.38116,115.44775,695.82971,248.30219,194.66789,653.98645,299.10281,162.03751,638.45966,318.76791,120.62736,602.75616
2118,17.642,177.91129,215.58727,633.38934,160.26802,168.24715,651.20209,192.98581,149.24638,675.17419,220.92641,117.02251,696.2536,248.43839,194.44469,653.88318,298.99072,162.36975,637.69855,318.76791,120.62736,602.75616
2119,17.65,177.91129,215.58727,633.38934,160.49005,168.29561,651.17902,192.98581,149.24638,675.17419,220.49364,115.45726,695.94348,248.43839,194.44469,653.88318,298.77127,161.42227,638.23657,318.76791,120.62736,602.75616
2120,17.658,177.91129,215.58727,633.38934,161.41924,167.74022,651.56195,192.93465,149.57013,675.31165,220.5864,115.31566,696.54572,248.33197,194.5517,653.83197,298.68744,161.08141,637.3465,318.76791,120.62736,602.75616
2121,17.667,177.91129,215.58727,633.38934,160.49005,168.29561,651.17902,192.98581,149.24638,675.17419,220.74339,114.9196,698.4696,248.43839,194.44469,653.88318,298.97308,161.35095,638.02844,318.76791,120.62736,602.75616
2122,17.675,177.91129,215.58727,633.38934,160.62399,167.31546,650.98944,193.13139,149.44627,674.93481,220.74339,114.9196,698.4696,248.33197,194.5517,653.83197,299.22308,162.03641,637.27008,318.76791,120.62736,602.75616
2123,17.683,178.16975,216.34695,633.21686,160.49005,168.29561,651.17902,193.38292,148.7706,674.75336,221.03333,116.87398,696.81897,248.33197,194.5517,653.83197,299.19254,162.29831,637.49048,318.76791,120.62736,602.75616
2124,17.692,177.91129,215.58727,633.38934,160.37477,167.57443,650.86053,193.18352,148.95824,674.70941,220.5864,115.31566,696.54572,248.60815,194.2963,653.76978,299.33084,162.09833,637.09265,318.76791,120.62736,602.75616
2125,17.7,177.91129,215.58727,633.38934,160.87515,167.21587,650.7876,193.38292,148.7706,674.75336,220.5864,115.31566,696.54572,248.47984,194.44768,653.72424,299.00363,161.08905,637.80804,318.76791,120.62736,602.75616
2126,17.708,178.1841,215.39468,633.55499,161.0638,168.06171,651.12921,193.38292,148.7706,674.75336,220.80742,115.17365,696.74219,248.47984,194.44768,653.72424,298.78152,160.94797,637.31573,318.76791,120.62736,602.75616
2127,17.717,178.1841,215.39468,633.55499,160.87515,167.21587,650.7876,193.38292,148.7706,674.75336,221.64543,115.12223,695.53851,248.78195,194.38493,653.72333,298.88928,161.00987,637.13831,318.76791,120.62736,602.75616
2128,17.725,178.1841,215.39468,633.55499,160.87515,167.21587,650.7876,193.38292,148.7706,674.75336,220.5864,115.31566,696.54572,248.76884,194.08072,653.68903,299.33084,162.09833,637.09265,318.76791,120.62736,602.75616
2129,17.733,178.3658,216.4751,633.16577,160.87515,167.21587,650.7876,193.38292,148.7706,674.75336,220.01439,117.50772,697.15283,248.75189,194.20403,653.86969,299.33084,162.09833,637.09265,318.76791,120.62736,602.75616
2130,17.742,178.1841,215.39468,633.55499,161.03313,167.93761,650.50061,193.38292,148.7706,674.75336,220.80742,115.17365,696.74219,248.90039,194.28235,653.53046,299.33084,162.09833,637.09265,318.76791,120.62736,602.75616
2131,17.75,178.1841,215.39468,633.55499,161.3344,167.74934,650.80212,193.38292,148.7706,674.75336,220.9211,115.30636,696.67712,248.75842,194.42616,653.47247,299.33084,162.09833,637.09265,318.76791,120.62736,602.75616
2132,17.758,178.1841,215.39468,633.55499,161.68515,168.94037,651.23291,193.18352,148.95824,674.70941,220.81294,114.76834,696.75519,248.9127,194.21541,653.50623,299.33084,162.09833,637.09265,318.76791,120.62736,602.75616
2133,17.767,178.1841,215.39468,633.55499,161.82088,168.1181,650.71289,193.18352,148.95824,674.70941,220.81294,114.76834,696.75519,249.12091,194.3504,653.89679,298.88928,161.00987,637.13831,318.76791,120.62736,602.75616
2134,17.775,178.1841,215.39468,633.55499,161.82088,168.1181,650.71289,193.18352,148.95824,674.70941,221.28265,116.38554,697.02618,249.56856,193.98273,653.9118,298.88928,161.00987,637.13831,318.76791,120.62736,602.75616
2135,17.783,178.1841,215.39468,633.55499,161.95512,167.79228,650.87445,193.18352,148.95824,674.70941,221.28265,116.38554,697.02618,249.40149,193.81303,653.79816,299.78458,161.82138,637.17755,318.76791,120.62736,602.75616
2136,17.792,178.44249,216.15454,633.38245,161.95512,167.79228,650.87445,193.18352,148.95824,674.70941,220.81294,114.76834,696.75519,249.43079,194.17041,653.79596,299.78458,161.82138,637.17755,318.76791,120.62736,602.75616
2137,17.8,178.1841,215.39468,633.55499,161.82123,167.64236,650.45837,193.18352,148.95824,674.70941,220.81294,114.76834,696.75519,249.40149,193.81303,653.79816,299.78458,161.82138,637.17755,318.76791,120.62736,602.75616
2138,17.808,178.1841,215.39468,633.55499,161.95549,167.31654,650.61993,193.18352,148.95824,674.70941,220.81294,114.76834,696.75519,249.40149,193.81303,653.79816,299.78458,161.82138,637.17755,318.76791,120.62736,602.75616
2139,17.817,178.1841,215.39468,633.55499,161.95549,167.31654,650.61993,193.18352,148.95824,674.70941,221.24449,116.19398,696.95465,249.21758,194.19756,653.73572,299.78458,161.82138,637.17755,318.76791,120.62736,602.75616
2140,17.825,178.1841,215.39468,633.55499,161.95549,167.31654,650.61993,193.18352,148.95824,674.70941,220.81294,114.76834,696.75519,249.40149,193.81303,653.79816,299.34314,160.73276,637.22327,318.76791,120.62736,602.75616
2141,17.833,178.1841,215.39468,633.55499,161.2489,167.11882,650.35022,193.38292,148.7706,674.75336,220.81294,114.76834,696.75519,249.28258,193.82048,653.65936,299.34314,160.73276,637.22327,318.76791,120.62736,602.75616
2142,17.842,178.1841,215.39468,633.55499,161.2489,167.11882,650.35022,193.18352,148.95824,674.70941,220.81294,114.76834,696.75519,249.40149,193.81303,653.79816,299.34314,160.73276,637.22327,318.76791,120.62736,602.75616
2143,17.85,178.1841,215.39468,633.55499,161.41591,167.2561,650.49023,193.18352,148.95824,674.70941,221.24449,116.19398,696.95465,248.9127,194.21541,653.50623,299.33084,162.09833,637.09265,318.76791,120.62736,602.75616
2144,17.858,178.1841,215.39468,633.55499,161.11456,167.44432,650.1886,193.18352,148.95824,674.70941,221.24449,116.19398,696.95465,249.05046,194.02785,653.62207,299.33084,162.09833,637.09265,318.76791,120.62736,602.75616
2145,17.867,178.1841,215.39468,633.55499,160.84357,166.73221,650.38214,193.18352,148.95824,674.70941,220.81294,114.76834,696.75519,248.9127,194.21541,653.50623,299.33084,162.09833,637.09265,318.76791,120.62736,602.75616
2146,17.875,177.91129,215.58727,633.38934,160.70918,167.05771,650.22052,193.38292,148.7706,674.75336,220.81294,114.76834,696.75519,248.74532,194.12193,653.43817,299.33084,162.09833,637.09265,318.76791,120.62736,602.75616
2147,17.883,177.91129,215.58727,633.38934,160.70918,167.05771,650.22052,193.18352,148.95824,674.70941,220.81294,114.76834,696.75519,248.9127,194.21541,653.50623,298.88629,161.2321,637.27905,318.76791,120.62736,602.75616
2148,17.892,177.91129,215.58727,633.38934,160.84357,166.73221,650.38214,193.18352,148.95824,674.70941,220.9211,115.30636,696.67712,248.76244,194.22382,653.53296,299.11139,161.15097,637.63068,318.76791,120.62736,602.75616
2149,17.9,177.91129,215.58727,633.38934,160.70918,167.05771,650.22052,193.18352,148.95824,674.70941,220.59195,114.91026,696.55872,248.76244,194.22382,653.53296,299.3046,161.96628,638.25159,318.76791,120.62736,602.75616
2150,17.908,177.91129,215.58727,633.38934,160.70918,167.05771,650.22052,193.18352,148.95824,674.70941,221.1454,116.09447,697.01416,248.76244,194.22382,653.53296,299.32785,162.32051,637.2334,318.85007,120.63603,603.01721
2151,17.917,177.91129,215.58727,633.38934,160.70918,167.05771,650.22052,193.18352,148.95824,674.70941,220.80742,115.17365,696.74219,248.56706,194.33098,653.4928,299.19254,162.29831,637.49048,318.85007,120.63603,603.01721
2152,17.925,177.91129,215.58727,633.38934,160.70918,167.05771,650.22052,193.18352,148.95824,674.70941,220.81294,114.76834,696.75519,248.76244,194.22382,653.53296,299.32785,162.32051,637.2334,318.85007,120.63603,603.01721
2153,17.933,177.91129,215.58727,633.38934,160.70918,167.05771,650.22052,193.18352,148.95824,674.70941,220.81294,114.76834,696.75519,248.76244,194.22382,653.53296,299.43985,161.98849,637.99451,318.76791,120.62736,602.75616
2154,17.942,177.91129,215.58727,633.38934,160.70918,167.05771,650.22052,193.18352,148.95824,674.70941,220.9211,115.30636,696.67712,248.56706,194.33098,653.4928,299.43985,161.98849,637.99451,318.76791,120.62736,602.75616
2155,17.95,177.91129,215.58727,633.38934,160.70918,167.05771,650.22052,193.18352,148.95824,674.70941,220.9211,115.30636,696.67712,248.73422,194.50069,653.60651,299.43985,161.98849,637.99451,318.76791,120.62736,602.75616
2156,17.958,177.91129,215.58727,633.38934,160.70918,167.05771,650.22052,193.18352,148.95824,674.70941,220.9211,115.30636,696.67712,248.56706,194.33098,653.4928,299.43985,161.98849,637.99451,318.76791,120.62736,602.75616
2157,17.967,177.91129,215.58727,633.38934,161.01064,166.86955,650.52228,193.18352,148.95824,674.70941,220.9211,115.30636,696.67712,248.92957,194.39352,653.64667,299.43985,161.98849,637.99451,318.76791,120.62736,602.75616
2158,17.975,177.91129,215.58727,633.38934,160.87515,167.21587,650.7876,193.18352,148.95824,674.70941,220.9211,115.30636,696.67712,248.73422,194.50069,653.60651,299.43985,161.98849,637.99451,318.85007,120.63603,603.01721
2159,17.983,177.91129,215.58727,633.38934,160.57373,167.40404,650.4859,193.18352,148.95824,674.70941,220.9211,115.30636,696.67712,248.97064,194.35881,653.92358,299.43985,161.98849,637.99451,318.85007,120.63603,603.01721
2160,17.992,177.91129,215.58727,633.38934,160.87515,167.21587,650.7876,193.18352,148.95824,674.70941,220.9211,115.30636,696.67712,248.78009,194.40099,654.0332,299.14835,162.17561,638.18689,318.85007,120.63603,603.01721
2161,18,177.91129,215.58727,633.38934,161.3344,167.74934,650.80212,193.18352,148.95824,674.70941,221.31537,116.63177,696.87799,249.07573,194.28273,653.80835,299.37683,161.92946,637.91443,318.85007,120.63603,603.01721
2162,18.008,177.91129,215.58727,633.38934,160.70918,167.05771,650.22052,193.18352,148.95824,674.70941,221.31537,116.63177,696.87799,248.60815,194.2963,653.76978,299.22461,162.21852,638.32257,318.85007,120.63603,603.01721
2163,18.017,177.91129,215.58727,633.38934,161.3344,167.74934,650.80212,193.18352,148.95824,674.70941,221.31537,116.63177,696.87799,248.73422,194.50069,653.60651,299.43985,161.98849,637.99451,318.99625,120.8978,602.89142
2164,18.025,177.91129,215.58727,633.38934,161.3344,167.74934,650.80212,193.18352,148.95824,674.70941,221.31537,116.63177,696.87799,248.7753,194.46599,653.88342,299.22461,162.21852,638.32257,318.99625,120.8978,602.89142
2165,18.033,177.91129,215.58727,633.38934,160.57373,167.40404,650.4859,193.18352,148.95824,674.70941,221.31537,116.63177,696.87799,248.39728,194.47939,653.60626,299.35992,162.24072,638.06555,318.99625,120.8978,602.89142
2166,18.042,177.91129,215.58727,633.38934,160.57373,167.40404,650.4859,193.18352,148.95824,674.70941,220.9211,115.30636,696.67712,248.7753,194.46599,653.88342,299.22461,162.21852,638.32257,318.99625,120.8978,602.89142
2167,18.05,177.91129,215.58727,633.38934,162.21291,166.43144,650.9375,193.18352,148.95824,674.70941,221.31537,116.63177,696.87799,248.46777,194.4292,654.034,298.9487,162.27754,638.35852,318.76791,120.62736,602.75616
2168,18.058,177.91129,215.58727,633.38934,162.21291,166.43144,650.9375,193.18352,148.95824,674.70941,220.9211,115.30636,696.67712,248.60522,194.65981,654.0293,299.02286,162.28972,638.53064,318.85007,120.63603,603.01721
2169,18.067,177.91129,215.58727,633.38934,161.72818,166.83394,650.65057,193.38292,148.7706,674.75336,220.70007,115.44837,696.48065,248.35326,194.53285,653.97766,299.14835,162.17561,638.18689,318.99625,120.8978,602.89142
2170,18.075,177.91129,215.58727,633.38934,162.46912,166.02257,650.48016,193.38292,148.7706,674.75336,220.70007,115.44837,696.48065,248.35326,194.53285,653.97766,298.9487,162.27754,638.35852,318.99625,120.8978,602.89142
2171,18.083,177.91129,215.58727,633.38934,162.21291,166.43144,650.9375,193.18352,148.95824,674.70941,221.31537,116.63177,696.87799,248.43839,194.44469,653.88318,299.02286,162.28972,638.53064,318.85007,120.63603,603.01721
2172,18.092,177.91129,215.58727,633.38934,162.21291,166.43144,650.9375,193.13139,149.44627,674.93481,220.9211,115.30636,696.67712,248.33197,194.5517,653.83197,299.10281,162.03751,638.45966,318.99625,120.8978,602.89142
2173,18.1,177.91129,215.58727,633.38934,160.64629,167.35121,650.75739,193.18352,148.95824,674.70941,221.31537,116.63177,696.87799,248.60522,194.65981,654.0293,299.02286,162.28972,638.53064,318.99625,120.8978,602.89142
2174,18.108,177.91129,215.58727,633.38934,160.39708,167.60997,650.62842,193.18352,148.95824,674.70941,221.2014,116.27034,698.54956,248.46777,194.4292,654.034,299.04404,162.04657,638.29779,318.85007,120.63603,603.01721
2175,18.117,177.91129,215.58727,633.38934,162.21291,166.43144,650.9375,193.38292,148.7706,674.75336,221.31537,116.63177,696.87799,248.48273,194.68834,654.08344,298.9487,162.27754,638.35852,318.99625,120.8978,602.89142
2176,18.125,177.91129,215.58727,633.38934,160.87515,167.21587,650.7876,193.18352,148.95824,674.70941,221.31537,116.63177,696.87799,248.60522,194.65981,654.0293,299.02286,162.28972,638.53064,318.99625,120.8978,602.89142
2177,18.133,177.91129,215.58727,633.38934,162.21291,166.43144,650.9375,193.18352,148.95824,674.70941,221.30043,116.36976,698.49011,248.46777,194.4292,654.034,298.9487,162.27754,638.35852,318.99625,120.8978,602.89142
2178,18.142,177.82025,215.81799,633.19385,160.87515,167.21587,650.7876,193.18352,148.95824,674.70941,221.31537,116.63177,696.87799,248.55765,194.73239,654.30365,299.22284,162.70457,638.39539,319.02798,120.77814,603.21045
2179,18.15,177.82025,215.81799,633.19385,160.87515,167.21587,650.7876,193.18352,148.95824,674.70941,221.31537,116.63177,696.87799,248.50729,194.9238,654.22565,299.07565,162.40952,638.50183,319.02798,120.77814,603.21045
2180,18.158,177.82025,215.81799,633.19385,160.87515,167.21587,650.7876,193.18352,148.95824,674.70941,220.9211,115.30636,696.67712,248.55765,194.73239,654.30365,298.18198,162.3983,637.89893,319.21274,120.99427,603.33374
2181,18.167,177.82025,215.81799,633.19385,160.87515,167.21587,650.7876,193.18352,148.95824,674.70941,221.31537,116.63177,696.87799,248.60492,194.59506,654.15778,298.32071,162.63361,637.80902,319.02798,120.77814,603.21045
2182,18.175,177.82025,215.81799,633.19385,160.57373,167.40404,650.4859,193.18352,148.95824,674.70941,221.30043,116.36976,698.49011,248.64442,195.08974,654.34943,298.32071,162.63361,637.80902,319.21274,120.99427,603.33374
2183,18.183,177.82025,215.81799,633.19385,160.57373,167.40404,650.4859,193.18352,148.95824,674.70941,221.31537,116.63177,696.87799,248.64442,195.08974,654.34943,298.32071,162.63361,637.80902,319.18103,121.11394,603.01477
2184,18.192,177.82025,215.81799,633.19385,160.57373,167.40404,650.4859,193.18352,148.95824,674.70941,220.9211,115.30636,696.67712,248.69608,195.24225,654.25452,298.21283,162.48734,637.70813,319.02798,120.77814,603.21045
2185,18.2,177.82025,215.81799,633.19385,160.32449,167.66267,650.35699,193.19595,149.22676,674.50873,221.31537,116.63177,696.87799,248.64442,195.08974,654.34943,298.41504,162.55809,637.66083,319.18103,121.11394,603.01477
2186,18.208,177.62259,215.95287,632.96527,160.57373,167.40404,650.4859,193.18352,148.95824,674.70941,221.31537,116.63177,696.87799,248.69608,195.24225,654.25452,298.21283,162.48734,637.70813,319.21274,120.99427,603.33374
2187,18.217,177.98767,216.80838,632.82605,160.32449,167.66267,650.35699,193.18352,148.95824,674.70941,221.31537,116.63177,696.87799,248.64442,195.08974,654.34943,298.27719,162.79256,637.25659,319.21274,120.99427,603.33374
2188,18.225,177.7901,216.94299,632.5976,160.32449,167.66267,650.35699,193.19595,149.22676,674.50873,220.9211,115.30636,696.67712,248.64442,195.08974,654.34943,298.27719,162.79256,637.25659,319.21274,120.99427,603.33374
2189,18.233,177.53151,216.18378,632.76996,160.78398,168.19626,650.3717,193.18352,148.95824,674.70941,220.60732,115.59,695.87836,248.64442,195.08974,654.34943,298.32071,162.63361,637.80902,319.21274,120.99427,603.33374
2190,18.242,177.53151,216.18378,632.76996,160.32449,167.66267,650.35699,193.18352,148.95824,674.70941,220.76955,115.93755,695.97137,248.61069,195.11852,654.11456,298.32071,162.63361,637.80902,319.21274,120.99427,603.33374
2191,18.25,177.53151,216.18378,632.76996,160.57373,167.40404,650.4859,193.19595,149.22676,674.50873,220.76955,115.93755,695.97137,248.61069,195.11852,654.11456,298.32071,162.63361,637.80902,319.21274,120.99427,603.33374
2192,18.258,177.53151,216.18378,632.76996,160.32449,167.66267,650.35699,193.19595,149.22676,674.50873,220.70007,115.44837,696.48065,248.64442,195.08974,654.34943,299.22284,162.70457,638.39539,319.03598,121.10883,603.44556
2193,18.267,177.53151,216.18378,632.76996,160.32449,167.66267,650.35699,193.04434,149.44757,674.35474,221.08337,115.65397,696.7702,248.69608,195.24225,654.25452,299.09567,163.00806,637.63501,319.03598,121.10883,603.44556
2194,18.275,177.7901,216.94299,632.5976,160.32449,167.66267,650.35699,193.00844,149.17181,674.56201,221.12238,116.44022,696.54572,248.69608,195.24225,654.25452,299.09567,163.00806,637.63501,319.03598,121.10883,603.44556
2195,18.283,177.53151,216.18378,632.76996,160.51337,168.50861,650.69885,193.04434,149.44757,674.35474,220.74864,115.66326,696.63879,248.69608,195.24225,654.25452,299.09567,163.00806,637.63501,319.03598,121.10883,603.44556
2196,18.292,177.53151,216.18378,632.76996,160.32449,167.66267,650.35699,193.00844,149.17181,674.56201,220.74864,115.66326,696.63879,248.53258,195.55194,654.0686,299.12344,162.96217,637.76813,319.03598,121.10883,603.44556
2197,18.3,177.53151,216.18378,632.76996,160.07329,167.76224,650.5589,193.00844,149.17181,674.56201,220.65587,115.80482,696.0365,248.38722,195.73486,653.9693,299.22284,162.70457,638.39539,319.03598,121.10883,603.44556
2198,18.308,177.53151,216.18378,632.76996,160.07329,167.76224,650.5589,193.04434,149.44757,674.35474,220.65587,115.80482,696.0365,248.61069,195.11852,654.11456,299.22284,162.70457,638.39539,318.85928,121.22324,603.55743
2199,18.317,177.53151,216.18378,632.76996,160.07329,167.76224,650.5589,193.00844,149.17181,674.56201,220.61972,115.54758,696.69464,248.38722,195.73486,653.9693,298.10944,162.85698,637.93463,318.85928,121.22324,603.55743
2200,18.325,177.53151,216.18378,632.76996,160.07329,167.76224,650.5589,193.00844,149.17181,674.56201,221.03687,115.7959,698.59113,248.46072,195.96642,653.80505,299.00107,162.90004,638.54211,318.85928,121.22324,603.55743
2201,18.333,177.53151,216.18378,632.76996,160.07329,167.76224,650.5589,192.84673,149.73575,674.81952,221.22284,116.45492,698.6864,248.29385,195.75111,653.65887,298.00534,162.70753,637.85535,319.01685,121.68538,603.55884
2202,18.342,177.53151,216.18378,632.76996,159.85117,167.71361,650.58203,192.81078,149.45993,675.02673,221.11952,117.52237,696.29102,248.46072,195.96642,653.80505,299.00107,162.90004,638.54211,319.01685,121.68538,603.55884
2203,18.35,177.53151,216.18378,632.76996,159.85117,167.71361,650.58203,192.84673,149.73575,674.81952,221.02429,117.09857,696.26843,248.06935,195.69589,653.80286,299.00967,162.93442,638.51721,319.01685,121.68538,603.55884
2204,18.358,177.53151,216.18378,632.76996,159.85117,167.71361,650.58203,192.84673,149.73575,674.81952,221.03687,115.7959,698.59113,248.10713,195.87009,653.60785,299.00107,162.90004,638.54211,319.01685,121.68538,603.55884
2205,18.367,177.53151,216.18378,632.76996,159.85117,167.71361,650.58203,192.84673,149.73575,674.81952,220.77678,115.15175,698.61859,248.10713,195.87009,653.60785,299.00107,162.90004,638.54211,319.01685,121.68538,603.55884
2206,18.375,177.42053,216.11671,632.86108,159.85117,167.71361,650.58203,192.84673,149.73575,674.81952,221.11952,117.52237,696.29102,247.79472,196.05212,653.69019,299.00107,162.90004,638.54211,319.01685,121.68538,603.55884
2207,18.383,177.42053,216.11671,632.86108,159.85117,167.71361,650.58203,192.29453,149.86923,674.75647,220.78706,116.3336,696.06427,247.76399,195.8979,653.87396,299.02216,162.80899,638.61316,318.64886,121.91956,603.42303
2208,18.392,177.42053,216.11671,632.86108,159.85117,167.71361,650.58203,192.29453,149.86923,674.75647,221.03687,115.7959,698.59113,247.93156,194.92723,653.99963,299.00967,162.93442,638.51721,318.9314,121.86729,603.73236
2209,18.4,177.3033,216.2928,632.77997,159.42256,167.97717,650.26361,192.29453,149.86923,674.75647,220.84509,115.84684,698.68243,247.79472,196.05212,653.69019,299.00107,162.90004,638.54211,318.97003,122.43044,603.44189
2210,18.408,177.42053,216.11671,632.86108,159.42256,167.97717,650.26361,192.29453,149.86923,674.75647,220.41171,116.53979,696.34979,247.79472,196.05212,653.69019,298.59796,163.19862,638.22076,318.86545,122.33075,603.76074
2211,18.417,177.0751,216.37004,632.85492,159.85117,167.71361,650.58203,192.29453,149.86923,674.75647,220.50352,116.46224,696.25262,248.06053,195.1947,653.98022,298.83945,163.27901,638.4137,318.86545,122.33075,603.76074
2212,18.425,177.18608,216.43712,632.76379,159.42256,167.97717,650.26361,192.29453,149.86923,674.75647,220.37032,116.07276,698.77631,248.06053,195.1947,653.98022,298.83945,163.27901,638.4137,318.86545,122.33075,603.76074
2213,18.433,176.9579,216.54601,632.7738,159.53818,168.69849,650.5824,192.14302,150.09013,674.60266,220.37032,116.07276,698.77631,248.06053,195.1947,653.98022,298.43637,163.57745,638.09241,319.14804,122.82919,603.77441
2214,18.442,177.05135,216.62148,632.68335,159.96663,168.43488,650.90063,192.64655,151.13913,674.75061,220.42899,116.53973,696.78271,247.96165,196.26743,653.83643,298.43637,163.57745,638.09241,318.97003,122.43044,603.44189
2215,18.45,176.9579,216.54601,632.7738,159.53818,168.69849,650.5824,192.79802,150.9184,674.90436,220.11069,116.80575,696.10712,247.96165,196.26743,653.83643,298.43637,163.57745,638.09241,319.14804,122.82919,603.77441
2216,18.458,176.9579,216.54601,632.7738,159.53818,168.69849,650.5824,192.64655,151.13913,674.75061,220.42899,116.53973,696.78271,248.06053,195.1947,653.98022,298.43637,163.57745,638.09241,319.14804,122.82919,603.77441
2217,18.467,177.05135,216.62148,632.68335,159.72467,168.59619,650.40338,192.79802,150.9184,674.90436,220.3605,116.26848,698.63416,248.06154,196.34799,653.75134,298.2948,163.59119,638.11096,318.55225,123.06084,603.8197
2218,18.475,176.9579,216.54601,632.7738,159.53818,168.69849,650.5824,192.64655,151.13913,674.75061,220.3605,116.26848,698.63416,248.06053,195.1947,653.98022,298.43637,163.57745,638.09241,319.25262,122.92887,603.45557
2219,18.483,176.9579,216.54601,632.7738,159.53818,168.69849,650.5824,192.64655,151.13913,674.75061,220.11069,116.80575,696.10712,248.06154,196.34799,653.75134,298.43637,163.57745,638.09241,318.97943,122.9925,603.59186
2220,18.492,177.05135,216.62148,632.68335,159.53818,168.69849,650.5824,192.64655,151.13913,674.75061,220.11069,116.80575,696.10712,248.13435,196.48634,654.26874,298.13391,163.71057,638.28137,318.87482,122.89275,603.91071
2221,18.5,176.9579,216.54601,632.7738,159.53818,168.69849,650.5824,192.64655,151.13913,674.75061,220.3605,116.26848,698.63416,248.22154,195.45389,654.43433,298.17529,164.00694,638.49542,318.87482,122.89275,603.91071
2222,18.508,176.9579,216.54601,632.7738,159.53818,168.69849,650.5824,192.80205,152.50383,674.99628,220.3605,116.26848,698.63416,248.22154,195.45389,654.43433,298.17529,164.00694,638.49542,318.87482,122.89275,603.91071
2223,18.517,176.9579,216.54601,632.7738,159.53818,168.69849,650.5824,192.64655,151.13913,674.75061,220.12363,117.04951,696.1759,248.22154,195.45389,654.43433,298.56393,163.73207,638.74384,318.87482,122.89275,603.91071
2224,18.525,176.9579,216.54601,632.7738,159.96663,168.43488,650.90063,192.80205,152.50383,674.99628,220.22491,117.03426,696.4621,248.22154,195.45389,654.43433,298.56393,163.73207,638.74384,318.87482,122.89275,603.91071
2225,18.533,176.9579,216.54601,632.7738,159.96663,168.43488,650.90063,193.3598,153.42261,675.32776,220.50305,116.91971,698.87469,248.08798,195.96526,654.23993,298.56393,163.73207,638.74384,318.77173,123.37762,603.66998
2226,18.542,176.9579,216.54601,632.7738,159.53818,168.69849,650.5824,192.80205,152.50383,674.99628,220.93431,118.55698,698.7251,248.1844,195.88087,654.56744,298.17529,164.00694,638.49542,318.87875,123.42278,603.7265
2227,18.55,177.15428,216.78006,632.88647,159.53818,168.69849,650.5824,193.09967,154.3978,675.65759,220.41547,117.80497,696.43994,248.18832,196.06126,654.14636,298.17529,164.00694,638.49542,319.06357,123.63895,603.84979
2228,18.558,177.24773,216.85553,632.79608,159.53818,168.69849,650.5824,193.09967,154.3978,675.65759,220.41547,117.80497,696.43994,248.18832,196.06126,654.14636,297.81253,164.41989,638.78082,318.56693,123.51163,603.69391
2229,18.567,177.31004,217.38043,632.51111,159.96663,168.43488,650.90063,193.09967,154.3978,675.65759,220.66542,117.2674,698.96802,248.28473,195.97693,654.47388,298.64127,164.05589,638.7868,318.87875,123.42278,603.7265
2230,18.575,177.50647,217.61452,632.62384,159.53818,168.69849,650.5824,193.09967,154.3978,675.65759,220.66542,117.2674,698.96802,248.18832,196.06126,654.14636,297.85889,165.26169,638.40912,318.87875,123.42278,603.7265
2231,18.583,177.50647,217.61452,632.62384,159.53818,168.69849,650.5824,193.09967,154.3978,675.65759,220.41547,117.80497,696.43994,248.18832,196.06126,654.14636,297.67957,164.74928,638.73621,318.96045,124.1238,603.60913
2232,18.592,176.9579,216.54601,632.7738,159.53818,168.69849,650.5824,193.09967,154.3978,675.65759,220.41547,117.80497,696.43994,248.18832,196.06126,654.14636,297.66699,165.0239,638.93152,318.87875,123.42278,603.7265
2233,18.6,177.15428,216.78006,632.88647,159.53818,168.69849,650.5824,192.68002,154.34024,675.28558,220.57216,117.29828,699.15582,248.18832,196.06126,654.14636,297.62714,164.66721,638.90613,318.64972,124.1298,603.63873
2234,18.608,177.15428,216.78006,632.88647,159.53818,168.69849,650.5824,193.09967,154.3978,675.65759,220.40977,116.95061,699.0625,248.18832,196.06126,654.14636,297.62714,164.66721,638.90613,318.56693,123.51163,603.69391
2235,18.617,176.9579,216.54601,632.7738,159.53818,168.69849,650.5824,193.09967,154.3978,675.65759,220.72301,119.08379,696.625,248.28473,195.97693,654.47388,297.63235,164.39058,638.71393,318.56693,123.51163,603.69391
2236,18.625,177.05135,216.62148,632.68335,159.53818,168.69849,650.5824,193.09967,154.3978,675.65759,220.54041,118.89029,696.82898,248.28473,195.97693,654.47388,297.62714,164.66721,638.90613,318.72516,123.73205,603.81696
2237,18.633,176.9579,216.54601,632.7738,159.53818,168.69849,650.5824,193.09967,154.3978,675.65759,220.25313,117.45747,696.34686,248.31798,195.36942,654.7619,297.90268,164.27014,638.62646,318.55225,123.06084,603.8197
2238,18.642,176.9579,216.54601,632.7738,159.53818,168.69849,650.5824,193.3598,153.42261,675.32776,220.25313,117.45747,696.34686,248.28473,195.97693,654.47388,298.17529,164.00694,638.49542,318.87875,123.42278,603.7265
2239,18.65,177.31004,217.38043,632.51111,159.53818,168.69849,650.5824,193.3598,153.42261,675.32776,220.25313,117.45747,696.34686,248.28473,195.97693,654.47388,298.56393,163.73207,638.74384,318.87482,122.89275,603.91071
2240,18.658,177.05135,216.62148,632.68335,159.53818,168.69849,650.5824,193.3598,153.42261,675.32776,220.25313,117.45747,696.34686,248.41832,195.46552,654.66833,298.56393,163.73207,638.74384,318.87482,122.89275,603.91071
2241,18.667,177.05135,216.62148,632.68335,159.96663,168.43488,650.90063,193.3598,153.42261,675.32776,220.21199,116.79053,696.39337,248.41832,195.46552,654.66833,298.56393,163.73207,638.74384,318.87482,122.89275,603.91071
2242,18.675,177.24773,216.85553,632.79608,159.96663,168.43488,650.90063,192.80205,152.50383,674.99628,220.57973,117.0946,696.44202,248.25726,195.20654,654.21423,298.56393,163.73207,638.74384,318.87482,122.89275,603.91071
2243,18.683,177.05135,216.62148,632.68335,159.96663,168.43488,650.90063,192.64655,151.13913,674.75061,220.56683,116.85089,696.37323,248.25726,195.20654,654.21423,298.56393,163.73207,638.74384,318.87482,122.89275,603.91071
2244,18.692,177.31004,217.38043,632.51111,159.96663,168.43488,650.90063,192.64655,151.13913,674.75061,220.46614,117.15848,696.3139,248.25201,196.84302,654.61713,298.83945,163.27901,638.4137,318.87482,122.89275,603.91071
2245,18.7,177.31004,217.38043,632.51111,159.96663,168.43488,650.90063,192.64655,151.13913,674.75061,220.41171,116.53979,696.34979,248.25726,195.20654,654.21423,298.83945,163.27901,638.4137,319.14804,122.82919,603.77441
2246,18.708,177.18608,216.43712,632.76379,159.96663,168.43488,650.90063,192.79802,150.9184,674.90436,220.41171,116.53979,696.34979,248.23438,196.41551,654.57782,298.83945,163.27901,638.4137,319.14804,122.82919,603.77441
2247,18.717,177.53151,216.18378,632.76996,159.96663,168.43488,650.90063,193.34999,150.78485,674.96735,220.50352,116.46224,696.25262,248.06165,196.19678,654.14545,299.00107,162.90004,638.54211,318.97003,122.43044,603.44189
2248,18.725,177.53151,216.18378,632.76996,159.96663,168.43488,650.90063,192.84673,149.73575,674.81952,220.59534,116.38456,696.15546,248.06165,196.19678,654.14545,299.00107,162.90004,638.54211,318.86545,122.33075,603.76074
2249,18.733,177.53151,216.18378,632.76996,159.85117,167.71361,650.58203,192.84673,149.73575,674.81952,220.59534,116.38456,696.15546,248.06165,196.19678,654.14545,299.00107,162.90004,638.54211,319.01685,121.68538,603.55884
2250,18.742,177.53151,216.18378,632.76996,159.96663,168.43488,650.90063,192.81078,149.45993,675.02673,220.78706,116.3336,696.06427,248.24028,195.83315,654.16156,299.00967,162.93442,638.51721,319.01685,121.68538,603.55884
2251,18.75,177.53151,216.18378,632.76996,159.85117,167.71361,650.58203,192.84673,149.73575,674.81952,220.78706,116.3336,696.06427,248.24028,195.83315,654.16156,299.00967,162.93442,638.51721,319.01685,121.68538,603.55884
2252,18.758,177.53151,216.18378,632.76996,159.85117,167.71361,650.58203,192.84673,149.73575,674.81952,220.59534,116.38456,696.15546,248.31508,196.05067,654.03076,299.00107,162.90004,638.54211,319.01685,121.68538,603.55884
2253,18.767,177.7901,216.94299,632.5976,159.85117,167.71361,650.58203,192.84673,149.73575,674.81952,220.87984,116.19199,696.66669,248.31508,196.05067,654.03076,299.00107,162.90004,638.54211,319.01685,121.68538,603.55884
2254,18.775,177.53151,216.18378,632.76996,160.07329,167.76224,650.5589,192.81078,149.45993,675.02673,221.43271,116.96175,698.65906,248.28381,195.54016,654.08032,299.00967,162.93442,638.51721,319.01685,121.68538,603.55884
2255,18.783,177.53151,216.18378,632.76996,160.07329,167.76224,650.5589,192.81078,149.45993,675.02673,220.90565,115.26735,698.56287,248.28381,195.54016,654.08032,298.10944,162.85698,637.93463,319.01685,121.68538,603.55884
2256,18.792,177.53151,216.18378,632.76996,160.07329,167.76224,650.5589,192.81078,149.45993,675.02673,220.78706,116.3336,696.06427,248.36192,195.10678,654.12634,298.86246,162.63936,638.62366,319.01685,121.68538,603.55884
2257,18.8,177.53151,216.18378,632.76996,160.07329,167.76224,650.5589,192.84673,149.73575,674.81952,220.52695,115.6891,696.09241,248.27512,194.74948,654.08051,297.9707,162.62166,638.02454,318.7131,120.96142,603.68323
2258,18.808,177.53151,216.18378,632.76996,160.07329,167.76224,650.5589,192.81078,149.45993,675.02673,220.77678,115.15175,698.61859,248.50729,194.9238,654.22565,299.00967,162.93442,638.51721,318.7131,120.96142,603.68323
2259,18.817,177.53151,216.18378,632.76996,160.07329,167.76224,650.5589,192.98581,149.24638,675.17419,220.77678,115.15175,698.61859,248.42052,194.5665,654.17981,298.86246,162.63936,638.62366,318.7131,120.96142,603.68323
2260,18.825,177.62259,215.95287,632.96527,159.85117,167.71361,650.58203,193.18352,148.95824,674.70941,220.65587,115.80482,696.0365,248.42052,194.5665,654.17981,298.86246,162.63936,638.62366,318.7131,120.96142,603.68323
2261,18.833,177.62259,215.95287,632.96527,160.07329,167.76224,650.5589,192.9996,149.62462,674.7998,220.84076,115.40559,696.89117,248.31502,194.64186,654.11139,298.86246,162.63936,638.62366,318.7131,120.96142,603.68323
2262,18.842,177.62259,215.95287,632.96527,160.07329,167.76224,650.5589,193.00844,149.17181,674.56201,220.6145,114.804,698.52533,248.42052,194.5665,654.17981,298.86246,162.63936,638.62366,318.7131,120.96142,603.68323
2263,18.85,177.62259,215.95287,632.96527,160.07329,167.76224,650.5589,193.18352,148.95824,674.70941,220.6145,114.804,698.52533,248.42052,194.5665,654.17981,298.86246,162.63936,638.62366,318.47784,120.77803,603.59192
2264,18.858,177.71358,215.72226,633.16077,160.07329,167.76224,650.5589,193.18352,148.95824,674.70941,220.3647,115.34154,695.99939,248.42052,194.5665,654.17981,298.86246,162.63936,638.62366,318.7131,120.96142,603.68323
2265,18.867,177.71358,215.72226,633.16077,160.07329,167.76224,650.5589,193.18352,148.95824,674.70941,220.3647,115.34154,695.99939,248.36195,194.6282,653.77771,299.02286,162.28972,638.53064,318.8898,120.84701,603.57135
2266,18.875,177.71358,215.72226,633.16077,160.07329,167.76224,650.5589,193.18352,148.95824,674.70941,220.6145,114.804,698.52533,248.42052,194.5665,654.17981,299.07565,162.40952,638.50183,318.8898,120.84701,603.57135
2267,18.883,177.71358,215.72226,633.16077,160.07329,167.76224,650.5589,193.18352,148.95824,674.70941,220.6145,114.804,698.52533,248.5372,193.88753,654.27032,299.07565,162.40952,638.50183,318.8898,120.84701,603.57135
2268,18.892,177.71358,215.72226,633.16077,160.07329,167.76224,650.5589,193.18352,148.95824,674.70941,220.3647,115.34154,695.99939,248.40305,194.59348,654.05463,299.02286,162.28972,638.53064,318.8898,120.84701,603.57135
2269,18.9,177.71358,215.72226,633.16077,160.07329,167.76224,650.5589,193.18352,148.95824,674.70941,220.5864,115.31566,696.54572,248.40305,194.59348,654.05463,299.02286,162.28972,638.53064,318.8898,120.84701,603.57135
2270,18.908,177.71358,215.72226,633.16077,160.07329,167.76224,650.5589,193.00844,149.17181,674.56201,220.6145,114.804,698.52533,248.40305,194.59348,654.05463,298.81622,162.51395,638.6767,318.8898,120.84701,603.57135
2271,18.917,177.62259,215.95287,632.96527,160.32254,167.50362,650.68781,193.18352,148.95824,674.70941,220.6145,114.804,698.52533,248.40305,194.59348,654.05463,299.02286,162.28972,638.53064,318.8898,120.84701,603.57135
2272,18.925,177.71358,215.72226,633.16077,160.07329,167.76224,650.5589,193.18352,148.95824,674.70941,220.3647,115.34154,695.99939,248.40305,194.59348,654.05463,298.81622,162.51395,638.6767,318.8898,120.84701,603.57135
2273,18.933,177.71358,215.72226,633.16077,160.07329,167.76224,650.5589,193.18352,148.95824,674.70941,221.4026,114.8737,695.65967,248.5372,193.88753,654.27032,298.86246,162.63936,638.62366,318.8898,120.84701,603.57135
2274,18.942,177.71358,215.72226,633.16077,160.07329,167.76224,650.5589,193.18352,148.95824,674.70941,220.9697,115.52126,696.83527,248.5372,193.88753,654.27032,299.07565,162.40952,638.50183,318.8898,120.84701,603.57135
2275,18.95,177.51161,215.8858,633.05646,159.85117,167.71361,650.58203,193.18352,148.95824,674.70941,220.74339,114.9196,698.4696,248.42052,194.5665,654.17981,299.07565,162.40952,638.50183,318.8898,120.84701,603.57135
2276,18.958,177.6026,215.65518,633.25195,159.85117,167.71361,650.58203,193.18352,148.95824,674.70941,220.45746,115.19997,696.60162,248.5372,193.88753,654.27032,298.86246,162.63936,638.62366,318.7131,120.96142,603.68323
2277,18.967,177.6026,215.65518,633.25195,159.85117,167.71361,650.58203,192.98581,149.24638,675.17419,220.77364,116.74765,696.23254,248.47758,193.79984,654.15784,298.81622,162.51395,638.6767,318.7131,120.96142,603.68323
2278,18.975,177.6026,215.65518,633.25195,159.85117,167.71361,650.58203,192.98581,149.24638,675.17419,220.3647,115.34154,695.99939,248.5372,193.88753,654.27032,299.07565,162.40952,638.50183,318.7131,120.96142,603.68323
2279,18.983,177.6026,215.65518,633.25195,159.85117,167.71361,650.58203,192.98581,149.24638,675.17419,220.3647,115.34154,695.99939,248.47758,193.79984,654.15784,299.02286,162.28972,638.53064,318.47784,120.77803,603.59192
2280,18.992,177.6026,215.65518,633.25195,159.85117,167.71361,650.58203,192.98581,149.24638,675.17419,220.45746,115.19997,696.60162,248.47758,193.79984,654.15784,298.83939,162.42152,638.74353,318.1741,120.89711,603.53564
2281,19,177.51161,215.8858,633.05646,159.85117,167.71361,650.58203,192.58188,149.26054,675.19043,220.6145,114.804,698.52533,248.40305,194.59348,654.05463,298.83939,162.42152,638.74353,318.1741,120.89711,603.53564
2282,19.008,177.6026,215.65518,633.25195,159.85117,167.71361,650.58203,192.58188,149.26054,675.19043,220.6145,114.804,698.52533,248.5372,193.88753,654.27032,299.07565,162.40952,638.50183,318.47784,120.77803,603.59192
2283,19.017,177.6026,215.65518,633.25195,159.85117,167.71361,650.58203,192.98581,149.24638,675.17419,220.3647,115.34154,695.99939,248.30777,194.15948,654.4657,299.00293,162.2112,638.59558,318.1741,120.89711,603.53564
2284,19.025,177.6026,215.65518,633.25195,159.85117,167.71361,650.58203,192.80289,149.74847,675.1767,220.45746,115.19997,696.60162,248.17461,194.25542,654.37396,298.83939,162.42152,638.74353,318.1741,120.89711,603.53564
2285,19.033,177.51161,215.8858,633.05646,159.85117,167.71361,650.58203,192.81078,149.45993,675.02673,220.6145,114.804,698.52533,248.38342,193.28392,654.60199,298.83939,162.42152,638.74353,318.1799,121.08704,603.39209
2286,19.042,177.6026,215.65518,633.25195,159.85117,167.71361,650.58203,192.58188,149.26054,675.19043,220.6145,114.804,698.52533,248.5372,193.88753,654.27032,298.88678,162.54317,638.69269,318.1741,120.89711,603.53564
2287,19.05,177.6026,215.65518,633.25195,159.85117,167.71361,650.58203,192.81078,149.45993,675.02673,220.3647,115.34154,695.99939,248.47758,193.79984,654.15784,298.83939,162.42152,638.74353,318.1741,120.89711,603.53564
2288,19.058,177.6026,215.65518,633.25195,159.85117,167.71361,650.58203,192.81078,149.45993,675.02673,220.3647,115.34154,695.99939,248.47758,193.79984,654.15784,298.83939,162.42152,638.74353,318.32516,120.7926,603.59766
2289,19.067,177.6026,215.65518,633.25195,159.85117,167.71361,650.58203,192.81078,149.45993,675.02673,220.6145,114.804,698.52533,248.47758,193.79984,654.15784,298.83939,162.42152,638.74353,318.1741,120.89711,603.53564
2290,19.075,177.51161,215.8858,633.05646,159.85117,167.71361,650.58203,192.72153,149.4006,675.43921,221.08681,116.18713,698.59985,248.31677,194.00565,654.09094,298.83939,162.42152,638.74353,318.1741,120.89711,603.53564
2291,19.083,177.51161,215.8858,633.05646,159.85117,167.71361,650.58203,192.58188,149.26054,675.19043,220.3647,115.34154,695.99939,248.47191,193.48227,654.64221,298.73553,162.50734,638.48035,318.47784,120.77803,603.59192
2292,19.092,177.6026,215.65518,633.25195,159.85117,167.71361,650.58203,192.76292,149.0929,675.30334,220.3647,115.34154,695.99939,248.38342,193.28392,654.60199,298.55371,161.81111,638.50732,318.1741,120.89711,603.53564
2293,19.1,177.6026,215.65518,633.25195,159.85117,167.71361,650.58203,192.58188,149.26054,675.19043,220.77678,115.15175,698.61859,248.30777,194.15948,654.4657,298.48474,161.89882,638.45361,318.47784,120.77803,603.59192
2294,19.108,177.51161,215.8858,633.05646,159.85117,167.71361,650.58203,192.58188,149.26054,675.19043,220.42265,114.85494,698.61664,248.38342,193.28392,654.60199,298.83939,162.42152,638.74353,318.04025,120.58881,603.67487
2295,19.117,177.51161,215.8858,633.05646,160.15266,167.52596,650.88367,192.58188,149.26054,675.19043,220.62894,116.79671,696.51996,248.47758,193.79984,654.15784,298.83939,162.42152,638.74353,318.04025,120.58881,603.67487
2296,19.125,177.51161,215.8858,633.05646,159.85117,167.71361,650.58203,192.58188,149.26054,675.19043,220.1729,115.39249,696.0907,248.14943,194.73976,654.16937,298.83939,162.42152,638.74353,317.81204,120.65849,603.8017
2297,19.133,177.6026,215.65518,633.25195,160.94951,167.05827,650.99225,192.17624,149.6514,675.10699,220.1729,115.39249,696.0907,247.95653,193.6299,654.6319,298.83939,162.42152,638.74353,317.81204,120.65849,603.8017
2298,19.142,177.51161,215.8858,633.05646,160.15266,167.52596,650.88367,192.17624,149.6514,675.10699,220.1729,115.39249,696.0907,247.87653,193.68056,654.35864,298.83939,162.42152,638.74353,317.81204,120.65849,603.8017
2299,19.15,177.42053,216.11671,632.86108,159.85117,167.71361,650.58203,192.58188,149.26054,675.19043,220.1729,115.39249,696.0907,248.38342,193.28392,654.60199,298.55371,161.81111,638.50732,317.81204,120.65849,603.8017
2300,19.158,177.42053,216.11671,632.86108,160.15266,167.52596,650.88367,192.58188,149.26054,675.19043,220.1729,115.39249,696.0907,247.93681,193.60431,654.67047,298.55371,161.81111,638.50732,317.81204,120.65849,603.8017
2301,19.167,177.51161,215.8858,633.05646,160.15266,167.52596,650.88367,192.58188,149.26054,675.19043,220.59079,116.80892,696.31244,248.38342,193.28392,654.60199,298.55371,161.81111,638.50732,317.81204,120.65849,603.8017
2302,19.175,177.51161,215.8858,633.05646,160.15266,167.52596,650.88367,192.17624,149.6514,675.10699,220.1729,115.39249,696.0907,248.18404,193.52473,654.50922,298.55371,161.81111,638.50732,317.88785,120.4828,603.92566
2303,19.183,177.6026,215.65518,633.25195,160.15266,167.52596,650.88367,192.17624,149.6514,675.10699,220.1729,115.39249,696.0907,248.33197,194.5517,653.83197,298.55371,161.81111,638.50732,317.81204,120.65849,603.8017
2304,19.192,177.71358,215.72226,633.16077,160.15266,167.52596,650.88367,192.17624,149.6514,675.10699,220.1729,115.39249,696.0907,248.31677,194.00565,654.09094,298.83939,162.42152,638.74353,318.04025,120.58881,603.67487
2305,19.2,177.62259,215.95287,632.96527,160.15266,167.52596,650.88367,192.58188,149.26054,675.19043,220.1729,115.39249,696.0907,248.47758,193.79984,654.15784,299.00293,162.2112,638.59558,318.04025,120.58881,603.67487
2306,19.208,177.62259,215.95287,632.96527,160.15266,167.52596,650.88367,192.57957,149.53545,675.33698,221.63303,116.29955,696.23322,248.20439,194.13922,654.21954,298.71722,161.60075,638.35944,318.31604,120.33788,603.8335
2307,19.217,177.71358,215.72226,633.16077,160.37477,167.57443,650.86053,192.81078,149.45993,675.02673,221.40915,115.27145,696.0658,248.34309,194.01071,654.29431,298.69131,161.67456,638.30756,318.32761,120.4107,603.7774
2308,19.225,177.71358,215.72226,633.16077,161.31281,167.02391,650.98187,192.98581,149.24638,675.17419,220.37112,115.7393,696.40552,248.43839,194.44469,653.88318,299.00293,162.2112,638.59558,318.5054,120.2319,603.72351
2309,19.233,176.8622,213.02177,633.6488,160.07329,167.76224,650.5589,192.98581,149.24638,675.17419,219.4649,116.0547,697.35541,248.43839,194.44469,653.88318,299.02286,162.28972,638.53064,318.55582,120.30496,603.66296
2310,19.242,176.8622,213.02177,633.6488,161.72818,166.83394,650.65057,192.93465,149.57013,675.31165,219.4649,116.0547,697.35541,248.35326,194.53285,653.97766,299.07565,162.40952,638.50183,318.32761,120.4107,603.7774
2311,19.25,176.95332,212.79048,633.84436,162.21291,166.43144,650.9375,192.98581,149.24638,675.17419,220.84412,115.41199,697.09448,248.43839,194.44469,653.88318,299.02286,162.28972,638.53064,318.73157,120.14906,603.52179
2312,19.258,176.95332,212.79048,633.84436,160.87515,167.21587,650.7876,192.98581,149.24638,675.17419,220.84412,115.41199,697.09448,248.61746,194.42651,653.85754,299.02286,162.28972,638.53064,318.73157,120.14906,603.52179
2313,19.267,176.95332,212.79048,633.84436,161.0638,168.06171,651.12921,193.18352,148.95824,674.70941,220.84412,115.41199,697.09448,248.80743,194.23405,653.91461,299.07565,162.40952,638.50183,318.73157,120.14906,603.52179
2314,19.275,176.95332,212.79048,633.84436,160.87515,167.21587,650.7876,193.18352,148.95824,674.70941,220.84412,115.41199,697.09448,248.56706,194.33098,653.4928,299.22461,162.21852,638.32257,318.73157,120.14906,603.52179
2315,19.283,176.95332,212.79048,633.84436,160.87515,167.21587,650.7876,193.18352,148.95824,674.70941,220.84412,115.41199,697.09448,249.12091,194.3504,653.89679,299.3046,161.96628,638.25159,318.73157,120.14906,603.52179
2316,19.292,176.95332,212.79048,633.84436,161.3344,167.74934,650.80212,193.18352,148.95824,674.70941,220.84412,115.41199,697.09448,248.9127,194.21541,653.50623,299.3046,161.96628,638.25159,318.73157,120.14906,603.52179
2317,19.3,177.13387,213.31245,633.90662,161.3344,167.74934,650.80212,193.18352,148.95824,674.70941,220.71321,114.89822,696.81952,249.07983,194.38512,653.61987,299.75842,161.68919,638.33655,318.88181,120.51637,603.3363
2318,19.308,177.13387,213.31245,633.90662,161.00955,166.89008,650.94916,193.18352,148.95824,674.70941,220.9198,114.4134,696.88586,248.9127,194.21541,653.50623,299.3046,161.96628,638.25159,318.73157,120.14906,603.52179
2319,19.317,177.13387,213.31245,633.90662,161.01064,166.86955,650.52228,193.18352,148.95824,674.70941,220.83568,115.28587,697.05023,248.80351,194.18912,653.80988,299.3046,161.96628,638.25159,318.73157,120.14906,603.52179
2320,19.325,177.91129,215.58727,633.38934,160.87515,167.21587,650.7876,193.18352,148.95824,674.70941,220.96744,115.40026,696.99677,248.80351,194.18912,653.80988,298.97308,161.35095,638.02844,318.88181,120.51637,603.3363
2321,19.333,177.91129,215.58727,633.38934,160.98778,165.86951,650.80225,193.18352,148.95824,674.70941,220.83568,115.28587,697.05023,248.76244,194.22382,653.53296,298.77127,161.42227,638.23657,318.73157,120.14906,603.52179
2322,19.342,177.91129,215.58727,633.38934,160.85234,166.21574,651.0675,193.18352,148.95824,674.70941,220.83568,115.28587,697.05023,248.80351,194.18912,653.80988,298.97308,161.35095,638.02844,318.73157,120.14906,603.52179
2323,19.35,176.95332,212.79048,633.84436,161.01064,166.86955,650.52228,193.38292,148.7706,674.75336,220.653,114.85004,696.71375,248.45631,194.48891,653.47345,298.97308,161.35095,638.02844,318.73157,120.14906,603.52179
2324,19.358,176.95332,212.79048,633.84436,160.70918,167.05771,650.22052,193.18352,148.95824,674.70941,220.653,114.85004,696.71375,248.56706,194.33098,653.4928,299.3046,161.96628,638.25159,318.73157,120.14906,603.52179
2325,19.367,176.95332,212.79048,633.84436,160.68625,166.058,650.50043,192.96063,148.80489,674.83856,221.26859,113.79602,695.5592,248.94014,193.98515,653.93878,298.97308,161.35095,638.02844,319.81775,118.70781,604.00037
2326,19.375,176.80957,212.50273,633.6886,160.68625,166.058,650.50043,193.38292,148.7706,674.75336,220.17752,114.505,695.91473,248.72836,194.24532,653.61877,298.77127,161.42227,638.23657,318.71341,120.21239,603.54053
2327,19.383,177.91129,215.58727,633.38934,160.43698,166.31686,650.37146,193.16975,148.60121,674.88092,219.09291,115.1825,697.04535,248.55522,194.3094,653.59735,298.97308,161.35095,638.02844,318.71341,120.21239,603.54053
2328,19.392,177.7674,215.29941,633.23352,160.43698,166.31686,650.37146,193.16975,148.60121,674.88092,219.09291,115.1825,697.04535,248.27977,194.00101,654.09259,298.77499,161.36847,638.27747,318.71176,119.95461,603.73071
2329,19.4,177.7674,215.29941,633.23352,160.43698,166.31686,650.37146,193.16975,148.60121,674.88092,220.30632,114.40583,696.56439,248.21785,193.39185,654.34656,298.77499,161.36847,638.27747,318.71176,119.95461,603.73071
2330,19.408,177.7674,215.29941,633.23352,160.68625,166.058,650.50043,193.16975,148.60121,674.88092,220.17752,114.505,695.91473,248.31639,193.18347,654.47815,298.80179,161.1604,638.01624,318.71341,120.21239,603.54053
2331,19.417,177.73309,215.17383,633.33704,160.20035,166.44753,650.58112,193.16975,148.60121,674.88092,220.17752,114.505,695.91473,248.31639,193.18347,654.47815,298.82449,160.99556,638.13593,318.71265,120.62778,603.44324
2332,19.425,177.73309,215.17383,633.33704,160.44962,166.18867,650.71002,193.16975,148.60121,674.88092,220.30632,114.40583,696.56439,247.85017,193.90511,653.66504,298.82449,160.99556,638.13593,318.71176,119.95461,603.73071
2333,19.433,177.73309,215.17383,633.33704,159.97813,166.39885,650.60425,192.97293,148.7251,675.25787,220.56949,114.1713,698.63824,247.85017,193.90511,653.66504,298.82449,160.99556,638.13593,318.71176,119.95461,603.73071
2334,19.442,177.43214,214.58624,633.44165,160.20035,166.44753,650.58112,193.16975,148.60121,674.88092,220.56949,114.1713,698.63824,248.55899,192.8544,654.56641,298.79593,161.10042,638.0639,318.71176,119.95461,603.73071
2335,19.45,177.61568,215.11171,633.42725,160.20035,166.44753,650.58112,193.16975,148.60121,674.88092,220.55058,114.24395,696.64545,248.55899,192.8544,654.56641,298.79593,161.10042,638.0639,318.71176,119.95461,603.73071
2336,19.458,177.61568,215.11171,633.42725,160.44962,166.18867,650.71002,193.16975,148.60121,674.88092,220.17752,114.505,695.91473,248.327,192.82521,654.3493,298.78278,161.24501,638.33771,318.71176,119.95461,603.73071
2337,19.467,177.61568,215.11171,633.42725,159.97813,166.39885,650.60425,193.16975,148.60121,674.88092,220.55197,114.23966,696.77832,248.47391,193.79683,654.43201,298.79593,161.10042,638.0639,318.71176,119.95461,603.73071
2338,19.475,177.61568,215.11171,633.42725,159.82828,166.71396,650.86176,193.16975,148.60121,674.88092,220.30632,114.40583,696.56439,248.42532,193.10805,654.42047,298.78278,161.24501,638.33771,318.71265,120.62778,603.44324
2339,19.483,177.61568,215.11171,633.42725,159.97813,166.39885,650.60425,193.16975,148.60121,674.88092,220.17752,114.505,695.91473,248.47391,193.79683,654.43201,298.79593,161.10042,638.0639,318.71176,119.95461,603.73071
2340,19.492,177.61568,215.11171,633.42725,159.97813,166.39885,650.60425,193.16975,148.60121,674.88092,220.17752,114.505,695.91473,248.20511,193.0345,654.23212,298.82449,160.99556,638.13593,318.71176,119.95461,603.73071
2341,19.5,177.73309,215.17383,633.33704,159.97813,166.39885,650.60425,193.16975,148.60121,674.88092,220.17752,114.505,695.91473,248.42532,193.10805,654.42047,298.77499,161.36847,638.27747,318.71176,119.95461,603.73071
2342,19.508,177.73309,215.17383,633.33704,160.00105,167.39844,650.32446,193.16975,148.60121,674.88092,220.63809,116.27833,696.23083,248.35596,194.20383,654.24945,298.79593,161.10042,638.0639,318.6687,120.00648,603.42786
2343,19.517,177.73309,215.17383,633.33704,160.00105,167.39844,650.32446,192.91829,149.27686,675.06232,220.30632,114.40583,696.56439,248.34309,194.01071,654.29431,298.79593,161.10042,638.0639,318.45212,120.27412,603.53754
2344,19.525,177.7674,215.29941,633.23352,159.82828,166.71396,650.86176,193.16975,148.60121,674.88092,220.17752,114.505,695.91473,248.34309,194.01071,654.29431,298.79593,161.10042,638.0639,318.29874,120.46304,603.42346
2345,19.533,177.7674,215.29941,633.23352,160.00105,167.39844,650.32446,192.72153,149.4006,675.43921,220.17752,114.505,695.91473,248.34309,194.01071,654.29431,298.79593,161.10042,638.0639,318.29874,120.46304,603.42346
2346,19.542,177.56966,215.43439,633.00488,159.85117,167.71361,650.58203,192.72153,149.4006,675.43921,220.17752,114.505,695.91473,248.5195,193.62396,653.97626,298.77499,161.36847,638.27747,318.07516,120.61578,603.53143
2347,19.55,177.56966,215.43439,633.00488,159.85117,167.71361,650.58203,192.72153,149.4006,675.43921,220.2785,115.11565,695.84998,248.43839,194.44469,653.88318,298.77127,161.42227,638.23657,318.64499,120.34586,603.18164
2348,19.558,177.7674,215.29941,633.23352,160.15266,167.52596,650.88367,192.72153,149.4006,675.43921,220.2785,115.11565,695.84998,248.26628,194.38272,654.38873,298.77499,161.36847,638.27747,318.25568,120.51476,603.12061
2349,19.567,177.56966,215.43439,633.00488,160.15266,167.52596,650.88367,192.57957,149.53545,675.33698,220.2785,115.11565,695.84998,248.34309,194.01071,654.29431,298.77127,161.42227,638.23657,318.77182,120.74957,602.98962
2350,19.575,177.7674,215.29941,633.23352,160.15266,167.52596,650.88367,192.77631,149.41171,674.96014,220.2785,115.11565,695.84998,248.34309,194.01071,654.29431,298.77499,161.36847,638.27747,318.3765,120.84807,602.98138
2351,19.583,177.45866,215.36729,633.09607,160.15266,167.52596,650.88367,192.59621,149.74059,674.56982,220.2785,115.11565,695.84998,248.34309,194.01071,654.29431,298.77127,161.42227,638.23657,318.64499,120.34586,603.18164
2352,19.592,177.56966,215.43439,633.00488,160.15266,167.52596,650.88367,192.80289,149.74847,675.1767,220.06673,115.1778,695.73975,248.34309,194.01071,654.29431,298.77499,161.36847,638.27747,318.3765,120.84807,602.98138
2353,19.6,177.56966,215.43439,633.00488,160.15266,167.52596,650.88367,192.57957,149.53545,675.33698,220.06673,115.1778,695.73975,248.43839,194.44469,653.88318,298.77499,161.36847,638.27747,318.3765,120.84807,602.98138
2354,19.608,177.56966,215.43439,633.00488,160.15266,167.52596,650.88367,192.17624,149.6514,675.10699,220.06673,115.1778,695.73975,248.34309,194.01071,654.29431,298.71722,161.60075,638.35944,318.20877,121.06542,603.1286
2355,19.617,177.45866,215.36729,633.09607,160.94951,167.05827,650.99225,192.17624,149.6514,675.10699,220.06673,115.1778,695.73975,248.43839,194.44469,653.88318,298.77499,161.36847,638.27747,318.20877,121.06542,603.1286
2356,19.625,177.62259,215.95287,632.96527,160.94951,167.05827,650.99225,192.17624,149.6514,675.10699,220.06673,115.1778,695.73975,248.34309,194.01071,654.29431,298.77499,161.36847,638.27747,318.15289,121.00084,603.08948
2357,19.633,177.56966,215.43439,633.00488,160.94951,167.05827,650.99225,192.39954,149.86443,674.94666,219.76424,115.31044,695.83142,248.34309,194.01071,654.29431,298.77499,161.36847,638.27747,317.99319,121.22717,603.24225
2358,19.642,177.45866,215.36729,633.09607,160.94951,167.05827,650.99225,191.7029,149.71033,675.06104,219.76424,115.31044,695.83142,248.42532,193.10805,654.42047,298.77127,161.42227,638.23657,318.29111,121.15971,603.24347
2359,19.65,177.45866,215.36729,633.09607,160.94951,167.05827,650.99225,192.17624,149.6514,675.10699,219.76424,115.31044,695.83142,248.34309,194.01071,654.29431,298.77499,161.36847,638.27747,317.99319,121.22717,603.24225
2360,19.658,177.45866,215.36729,633.09607,160.94951,167.05827,650.99225,192.17624,149.6514,675.10699,220.06673,115.1778,695.73975,248.34309,194.01071,654.29431,298.71722,161.60075,638.35944,317.99319,121.22717,603.24225
2361,19.667,177.36766,215.5979,632.90057,160.94951,167.05827,650.99225,191.7029,149.71033,675.06104,219.76424,115.31044,695.83142,248.5195,193.62396,653.97626,298.77499,161.36847,638.27747,318.15289,121.00084,603.08948
2362,19.675,177.45866,215.36729,633.09607,160.94951,167.05827,650.99225,192.17624,149.6514,675.10699,219.76424,115.31044,695.83142,248.43839,194.44469,653.88318,298.46567,161.55759,638.02142,317.99319,121.22717,603.24225
2363,19.683,177.45866,215.36729,633.09607,160.94951,167.05827,650.99225,191.7029,149.71033,675.06104,219.76424,115.31044,695.83142,248.42532,193.10805,654.42047,298.77499,161.36847,638.27747,317.99319,121.22717,603.24225
2364,19.692,177.45866,215.36729,633.09607,160.94951,167.05827,650.99225,191.7029,149.71033,675.06104,219.76424,115.31044,695.83142,248.08943,194.157,654.40906,298.36801,161.72089,637.9151,318.29111,121.15971,603.24347
2365,19.7,177.36766,215.5979,632.90057,160.94951,167.05827,650.99225,191.92625,149.92346,674.90076,219.76424,115.31044,695.83142,248.42532,193.10805,654.42047,298.71722,161.60075,638.35944,317.97855,121.4398,603.0882
2366,19.708,177.36766,215.5979,632.90057,160.94951,167.05827,650.99225,192.17624,149.6514,675.10699,220.06673,115.1778,695.73975,247.94421,194.34958,654.29126,298.46567,161.55759,638.02142,317.97855,121.4398,603.0882
2367,19.717,177.45866,215.36729,633.09607,160.94951,167.05827,650.99225,191.7029,149.71033,675.06104,220.06673,115.1778,695.73975,248.08943,194.157,654.40906,298.77499,161.36847,638.27747,317.6778,121.3884,603.33673
2368,19.725,177.45866,215.36729,633.09607,160.94951,167.05827,650.99225,191.7029,149.71033,675.06104,219.76424,115.31044,695.83142,247.92468,195.08783,654.03577,298.77499,161.36847,638.27747,317.90967,121.16048,602.98138
2369,19.733,177.45866,215.36729,633.09607,160.94951,167.05827,650.99225,191.7029,149.71033,675.06104,219.76424,115.31044,695.83142,248.43839,194.44469,653.88318,299.0607,161.979,638.51367,318.06107,121.00936,603.07593
2370,19.742,177.45866,215.36729,633.09607,160.94951,167.05827,650.99225,192.17624,149.6514,675.10699,220.06673,115.1778,695.73975,248.5195,193.62396,653.97626,298.77499,161.36847,638.27747,317.99319,121.22717,603.24225
2371,19.75,177.45866,215.36729,633.09607,160.15266,167.52596,650.88367,192.17624,149.6514,675.10699,220.06673,115.1778,695.73975,248.34309,194.01071,654.29431,298.77499,161.36847,638.27747,318.20877,121.06542,603.1286
2372,19.758,177.45866,215.36729,633.09607,160.15266,167.52596,650.88367,192.17624,149.6514,675.10699,220.06673,115.1778,695.73975,248.34309,194.01071,654.29431,298.77127,161.42227,638.23657,318.1803,121.15122,602.94415
2373,19.767,177.56966,215.43439,633.00488,160.15266,167.52596,650.88367,192.17624,149.6514,675.10699,220.06673,115.1778,695.73975,248.34309,194.01071,654.29431,298.77499,161.36847,638.27747,318.29297,120.78145,602.72052
2374,19.775,177.45866,215.36729,633.09607,160.15266,167.52596,650.88367,192.17624,149.6514,675.10699,220.06673,115.1778,695.73975,248.43839,194.44469,653.88318,299.10281,162.03751,638.45966,318.49292,120.92052,603.09326
2375,19.783,177.7674,215.29941,633.23352,160.15266,167.52596,650.88367,192.17624,149.6514,675.10699,220.2785,115.11565,695.84998,248.43839,194.44469,653.88318,299.10281,162.03751,638.45966,318.36606,120.5168,603.28522
2376,19.792,177.7674,215.29941,633.23352,160.15266,167.52596,650.88367,192.57957,149.53545,675.33698,220.2785,115.11565,695.84998,248.43839,194.44469,653.88318,298.77499,161.36847,638.27747,318.3765,120.84807,602.98138
2377,19.8,177.7674,215.29941,633.23352,160.15266,167.52596,650.88367,192.93465,149.57013,675.31165,220.2785,115.11565,695.84998,248.43839,194.44469,653.88318,298.77127,161.42227,638.23657,318.66104,120.74113,602.69037
2378,19.808,177.7674,215.29941,633.23352,160.15266,167.52596,650.88367,192.5313,149.68611,675.08167,220.2785,115.11565,695.84998,248.43839,194.44469,653.88318,298.77127,161.42227,638.23657,318.77182,120.74957,602.98962
2379,19.817,177.91129,215.58727,633.38934,160.37477,167.57443,650.86053,192.9996,149.62462,674.7998,220.2785,115.11565,695.84998,248.00616,194.80605,653.62244,298.77127,161.42227,638.23657,318.10068,120.65892,602.03351
2380,19.825,177.91129,215.58727,633.38934,160.15266,167.52596,650.88367,192.9996,149.62462,674.7998,220.2785,115.11565,695.84998,248.33197,194.5517,653.83197,298.54913,161.28137,637.74426,318.64407,119.94015,602.27185
2381,19.833,177.7674,215.29941,633.23352,160.62595,167.47485,650.65863,193.13139,149.44627,674.93481,220.41026,115.23006,695.79645,248.33197,194.5517,653.83197,298.60153,161.14828,637.83655,318.27832,120.99408,602.56641
2382,19.842,177.91129,215.58727,633.38934,160.37477,167.57443,650.86053,193.38292,148.7706,674.75336,220.2785,115.11565,695.84998,248.33197,194.5517,653.83197,299.12604,162.392,637.44141,318.66104,120.74113,602.69037
2383,19.85,177.7674,215.29941,633.23352,160.37477,167.57443,650.86053,193.38292,148.7706,674.75336,220.41026,115.23006,695.79645,248.33197,194.5517,653.83197,299.33511,161.70442,638.03125,318.66104,120.74113,602.69037
2384,19.858,177.91129,215.58727,633.38934,160.37477,167.57443,650.86053,193.38292,148.7706,674.75336,220.41026,115.23006,695.79645,248.47984,194.44768,653.72424,299.32785,162.32051,637.2334,318.66104,120.74113,602.69037
2385,19.867,177.91129,215.58727,633.38934,160.37477,167.57443,650.86053,193.38292,148.7706,674.75336,220.30933,114.61948,695.86121,248.47984,194.44768,653.72424,298.88629,161.2321,637.27905,318.66104,120.74113,602.69037
2386,19.875,177.91129,215.58727,633.38934,160.62595,167.47485,650.65863,193.38292,148.7706,674.75336,220.17752,114.505,695.91473,248.20439,194.13922,654.21954,298.88928,161.00987,637.13831,318.76791,120.62736,602.75616
2387,19.883,177.91129,215.58727,633.38934,161.01064,166.86955,650.52228,193.38292,148.7706,674.75336,220.30632,114.40583,696.56439,248.45114,193.85556,654.23584,298.88928,161.00987,637.13831,318.76791,120.62736,602.75616
2388,19.892,177.7674,215.29941,633.23352,161.01064,166.86955,650.52228,193.38292,148.7706,674.75336,220.70123,114.28566,698.5849,248.49895,194.47789,653.862,299.32785,162.32051,637.2334,318.76791,120.62736,602.75616
2389,19.9,177.91129,215.58727,633.38934,160.32449,167.66267,650.35699,193.38292,148.7706,674.75336,220.56949,114.1713,698.63824,248.47984,194.44768,653.72424,299.19254,162.29831,637.49048,318.76791,120.62736,602.75616
2390,19.908,177.7674,215.29941,633.23352,160.32449,167.66267,650.35699,193.38292,148.7706,674.75336,220.3324,113.80483,695.8692,248.70078,193.97498,653.78296,299.33084,162.09833,637.09265,318.76791,120.62736,602.75616
2391,19.917,177.7674,215.29941,633.23352,160.57373,167.40404,650.4859,193.38292,148.7706,674.75336,220.21851,114.14823,696.40472,248.60185,194.15453,653.65906,298.88928,161.00987,637.13831,318.76791,120.62736,602.75616
2392,19.925,177.91129,215.58727,633.38934,160.18204,168.59804,649.45892,193.38292,148.7706,674.75336,220.14407,114.79366,695.96387,248.76884,194.08072,653.68903,298.88928,161.00987,637.13831,318.76791,120.62736,602.75616
2393,19.933,177.7674,215.29941,633.23352,160.57373,167.40404,650.4859,193.38292,148.7706,674.75336,220.25653,114.80319,696.07764,248.70078,193.97498,653.78296,298.78152,160.94797,637.31573,318.76791,120.62736,602.75616
2394,19.942,177.7674,215.29941,633.23352,160.45993,167.31636,650.09161,193.38292,148.7706,674.75336,220.25653,114.80319,696.07764,248.70078,193.97498,653.78296,298.88928,161.00987,637.13831,318.76791,120.62736,602.75616
2395,19.95,177.7674,215.29941,633.23352,160.32449,167.66267,650.35699,193.38292,148.7706,674.75336,220.25653,114.80319,696.07764,248.57314,193.56241,654.17065,298.88928,161.00987,637.13831,318.76791,120.62736,602.75616
2396,19.958,177.7674,215.29941,633.23352,160.7614,167.12856,650.39331,193.38292,148.7706,674.75336,220.25653,114.80319,696.07764,248.87393,193.91086,653.80444,298.78906,160.79669,637.43134,318.41797,120.64104,602.7843
2397,19.967,177.7674,215.29941,633.23352,160.7614,167.12856,650.39331,193.38292,148.7706,674.75336,220.25653,114.80319,696.07764,248.70078,193.97498,653.78296,298.78152,160.94797,637.31573,318.76791,120.62736,602.75616
2398,19.975,177.7674,215.29941,633.23352,160.7614,167.12856,650.39331,193.38292,148.7706,674.75336,220.20367,114.48412,695.93518,248.72701,193.20813,653.87634,298.78152,160.94797,637.31573,318.65085,120.31388,602.95245
2399,19.983,177.7674,215.29941,633.23352,161.98434,166.42508,650.19312,193.16975,148.60121,674.88092,220.20367,114.48412,695.93518,248.44263,192.8457,654.41034,298.78152,160.94797,637.31573,318.65085,120.31388,602.95245
2400,19.992,177.7674,215.29941,633.23352,161.98434,166.42508,650.19312,193.38292,148.7706,674.75336,220.00868,114.52927,695.83661,248.74629,193.49829,654.19214,298.78906,160.79669,637.43134,318.41797,120.64104,602.7843
2401,20,177.7674,215.29941,633.23352,160.7614,167.12856,650.39331,193.38292,148.7706,674.75336,220.20367,114.48412,695.93518,248.7494,192.70349,654.04889,298.78906,160.79669,637.43134,318.41797,120.64104,602.7843
2402,20.008,177.73309,215.17383,633.33704,160.7614,167.12856,650.39331,193.38292,148.7706,674.75336,220.2964,114.34259,696.53717,248.74629,193.49829,654.19214,298.78152,160.94797,637.31573,318.76791,120.62736,602.75616
2403,20.017,177.7674,215.29941,633.23352,160.7614,167.12856,650.39331,193.38292,148.7706,674.75336,220.45335,113.9467,698.46039,248.76859,192.65355,654.31482,298.78152,160.94797,637.31573,318.76791,120.62736,602.75616
2404,20.025,177.7674,215.29941,633.23352,160.7614,167.12856,650.39331,193.38292,148.7706,674.75336,220.20367,114.48412,695.93518,248.74629,193.49829,654.19214,298.96252,161.01706,637.87231,318.41797,120.64104,602.7843
2405,20.033,177.7674,215.29941,633.23352,161.98434,166.42508,650.19312,193.38292,148.7706,674.75336,220.20367,114.48412,695.93518,248.76859,192.65355,654.31482,299.00363,161.08905,637.80804,318.76791,120.62736,602.75616
2406,20.042,177.7674,215.29941,633.23352,160.7614,167.12856,650.39331,193.38292,148.7706,674.75336,220.26443,114.41966,696.15247,248.7494,192.70349,654.04889,298.88928,161.00987,637.13831,318.76791,120.62736,602.75616
2407,20.05,177.7674,215.29941,633.23352,160.7614,167.12856,650.39331,193.38292,148.7706,674.75336,220.26443,114.41966,696.15247,248.69566,193.80887,654.27362,298.78152,160.94797,637.31573,318.76791,120.62736,602.75616
2408,20.058,178.04025,215.10686,633.39917,161.01064,166.86955,650.52228,193.38292,148.7706,674.75336,220.84778,116.07024,696.3335,248.74629,193.49829,654.19214,299.11139,161.15097,637.63068,318.76791,120.62736,602.75616
2409,20.067,178.04025,215.10686,633.39917,161.01064,166.86955,650.52228,193.38292,148.7706,674.75336,220.84778,116.07024,696.3335,248.74629,193.49829,654.19214,299.11139,161.15097,637.63068,318.76791,120.62736,602.75616
2410,20.075,177.7674,215.29941,633.23352,161.01064,166.86955,650.52228,193.38292,148.7706,674.75336,220.3934,114.53542,696.0965,248.74629,193.49829,654.19214,299.11139,161.15097,637.63068,318.76791,120.62736,602.75616
2411,20.083,177.7674,215.29941,633.23352,161.01064,166.86955,650.52228,193.38292,148.7706,674.75336,220.53908,114.59111,696.4162,248.87393,193.91086,653.80444,299.33084,162.09833,637.09265,318.76791,120.62736,602.75616
2412,20.092,177.7674,215.29941,633.23352,161.01064,166.86955,650.52228,193.38292,148.7706,674.75336,220.50713,114.66821,696.03143,248.79451,194.06279,653.85266,299.16428,161.80376,637.06927,318.76791,120.62736,602.75616
2413,20.1,177.7674,215.29941,633.23352,161.01064,166.86955,650.52228,193.38292,148.7706,674.75336,220.98854,116.08911,696.63434,248.87393,193.91086,653.80444,299.44287,161.76634,637.85388,318.76791,120.62736,602.75616
2414,20.108,177.7674,215.29941,633.23352,161.01064,166.86955,650.52228,193.38292,148.7706,674.75336,220.50713,114.66821,696.03143,248.6412,193.66823,654.07672,298.97308,161.35095,638.02844,318.76791,120.62736,602.75616
2415,20.117,177.7674,215.29941,633.23352,161.01064,166.86955,650.52228,193.38292,148.7706,674.75336,220.44638,114.7327,695.81409,248.69566,193.80887,654.27362,299.11139,161.15097,637.63068,318.76791,120.62736,602.75616
2416,20.125,178.04025,215.10686,633.39917,161.01064,166.86955,650.52228,193.38292,148.7706,674.75336,221.48419,114.26541,695.47437,248.6412,193.66823,654.07672,299.11139,161.15097,637.63068,318.91409,120.88914,602.63037
2417,20.133,177.7674,215.29941,633.23352,161.01064,166.86955,650.52228,193.38292,148.7706,674.75336,220.50713,114.66821,696.03143,248.79451,194.06279,653.85266,299.40146,161.73154,637.79584,318.76791,120.62736,602.75616
2418,20.142,177.7674,215.29941,633.23352,161.01064,166.86955,650.52228,193.38292,148.7706,674.75336,220.50713,114.66821,696.03143,248.79654,193.33154,653.77417,299.43985,161.98849,637.99451,318.91409,120.88914,602.63037
2419,20.15,177.7674,215.29941,633.23352,161.01064,166.86955,650.52228,193.38292,148.7706,674.75336,220.94687,116.16978,696.27393,248.60185,194.15453,653.65906,299.43985,161.98849,637.99451,318.91409,120.88914,602.63037
2420,20.158,177.7674,215.29941,633.23352,162.46912,166.02257,650.48016,193.38292,148.7706,674.75336,220.50713,114.66821,696.03143,248.69849,193.73041,654.18365,299.37683,161.92946,637.91443,318.91409,120.88914,602.63037
2421,20.167,177.7674,215.29941,633.23352,162.46912,166.02257,650.48016,193.38292,148.7706,674.75336,220.50713,114.66821,696.03143,248.53856,193.81544,654.15784,299.37683,161.92946,637.91443,318.91409,120.88914,602.63037
2422,20.175,177.7674,215.29941,633.23352,162.46912,166.02257,650.48016,193.38292,148.7706,674.75336,220.76006,114.4492,696.61261,248.53856,193.81544,654.15784,298.99161,161.4554,637.93341,318.91409,120.88914,602.63037
2423,20.183,177.7674,215.29941,633.23352,162.46912,166.02257,650.48016,193.38292,148.7706,674.75336,220.50713,114.66821,696.03143,248.39218,193.92786,654.25092,299.12473,161.44023,637.72168,318.91409,120.88914,602.63037
2424,20.192,177.7674,215.29941,633.23352,162.46912,166.02257,650.48016,193.38292,148.7706,674.75336,220.50713,114.66821,696.03143,248.42532,193.6664,654.27832,299.3046,161.96628,638.25159,318.91409,120.88914,602.63037
2425,20.2,177.7674,215.29941,633.23352,162.46912,166.02257,650.48016,193.38292,148.7706,674.75336,220.53908,114.59111,696.4162,248.45399,194.25851,653.76678,299.10281,162.03751,638.45966,318.91409,120.88914,602.63037
2426,20.208,177.7674,215.29941,633.23352,162.46912,166.02257,650.48016,193.38292,148.7706,674.75336,220.50713,114.66821,696.03143,248.48817,194.26024,653.91998,299.24371,161.94461,638.1261,318.91409,120.88914,602.63037
2427,20.217,177.73309,215.17383,633.33704,161.98434,166.42508,650.19312,193.38292,148.7706,674.75336,220.50713,114.66821,696.03143,248.45798,193.26451,654.35309,299.14835,162.17561,638.18689,318.91409,120.88914,602.63037
2428,20.225,177.7674,215.29941,633.23352,162.46912,166.02257,650.48016,193.38292,148.7706,674.75336,220.44638,114.7327,695.81409,248.45798,193.26451,654.35309,299.04404,162.04657,638.29779,318.91409,120.88914,602.63037
2429,20.233,177.7674,215.29941,633.23352,161.98434,166.42508,650.19312,193.42253,149.0224,674.56335,220.50713,114.66821,696.03143,248.45798,193.26451,654.35309,299.04404,162.04657,638.29779,318.91409,120.88914,602.63037
2430,20.242,177.7674,215.29941,633.23352,161.98434,166.42508,650.19312,193.2511,148.94899,674.61835,220.50713,114.66821,696.03143,248.31651,193.57309,654.41345,298.9487,162.27754,638.35852,318.91409,120.88914,602.63037
2431,20.25,177.7674,215.29941,633.23352,161.98434,166.42508,650.19312,193.38292,148.7706,674.75336,220.55449,115.27087,695.73584,248.27373,193.69624,654.55341,298.9487,162.27754,638.35852,318.91409,120.88914,602.63037
2432,20.258,177.7674,215.29941,633.23352,161.98434,166.42508,650.19312,193.38292,148.7706,674.75336,220.53908,114.59111,696.4162,248.51196,193.76572,654.14069,299.04404,162.04657,638.29779,318.91409,120.88914,602.63037
2433,20.267,177.7674,215.29941,633.23352,161.98434,166.42508,650.19312,193.2511,148.94899,674.61835,220.3934,114.53542,696.0965,248.25729,194.20047,654.30859,298.9487,162.27754,638.35852,318.91409,120.88914,602.63037
2434,20.275,177.7674,215.29941,633.23352,161.98434,166.42508,650.19312,193.2511,148.94899,674.61835,220.3934,114.53542,696.0965,248.33197,194.5517,653.83197,299.02286,162.28972,638.53064,318.91409,120.88914,602.63037
2435,20.283,177.73309,215.17383,633.33704,161.98434,166.42508,650.19312,193.2511,148.94899,674.61835,220.33266,114.59989,695.87921,248.47685,193.535,653.86053,299.02286,162.28972,638.53064,318.91409,120.88914,602.63037
2436,20.292,177.7674,215.29941,633.23352,161.98434,166.42508,650.19312,193.2511,148.94899,674.61835,220.20367,114.48412,695.93518,248.21785,193.39185,654.34656,298.77127,161.42227,638.23657,318.91409,120.88914,602.63037
2437,20.3,177.7674,215.29941,633.23352,161.98434,166.42508,650.19312,193.38292,148.7706,674.75336,220.19843,114.5806,695.99799,248.21785,193.39185,654.34656,298.77127,161.42227,638.23657,318.76791,120.62736,602.75616
2438,20.308,177.73309,215.17383,633.33704,161.98434,166.42508,650.19312,193.2511,148.94899,674.61835,220.20367,114.48412,695.93518,248.31651,193.57309,654.41345,298.7919,161.55743,638.1051,318.76791,120.62736,602.75616
2439,20.317,177.7674,215.29941,633.23352,161.98434,166.42508,650.19312,193.2511,148.94899,674.61835,220.31184,115.02241,695.85693,248.28322,194.81184,654.04974,299.04404,162.04657,638.29779,318.76791,120.62736,602.75616
2440,20.325,177.7674,215.29941,633.23352,161.98434,166.42508,650.19312,193.2511,148.94899,674.61835,220.20367,114.48412,695.93518,248.41324,193.95119,654.0611,298.94461,162.30415,637.67047,318.76791,120.62736,602.75616
2441,20.333,177.7674,215.29941,633.23352,161.98434,166.42508,650.19312,193.2511,148.94899,674.61835,220.13768,114.64507,695.7807,248.55475,193.64261,654.00073,299.02328,161.97508,638.36121,318.42377,120.83091,602.64069
2442,20.342,177.7674,215.29941,633.23352,161.98434,166.42508,650.19312,193.2511,148.94899,674.61835,220.3934,114.53542,696.0965,248.21785,193.39185,654.34656,298.77127,161.42227,638.23657,318.76791,120.62736,602.75616
2443,20.35,177.73309,215.17383,633.33704,161.98434,166.42508,650.19312,193.2511,148.94899,674.61835,220.06943,114.46481,696.05389,248.34407,193.05409,654.27881,298.77127,161.42227,638.23657,318.76791,120.62736,602.75616
2444,20.358,177.7674,215.29941,633.23352,161.98434,166.42508,650.19312,193.2511,148.94899,674.61835,220.3934,114.53542,696.0965,248.21785,193.39185,654.34656,299.10281,162.03751,638.45966,318.91409,120.88914,602.63037
2445,20.367,177.7674,215.29941,633.23352,161.98434,166.42508,650.19312,193.2511,148.94899,674.61835,220.50713,114.66821,696.03143,248.34407,193.05409,654.27881,299.3046,161.96628,638.25159,318.91409,120.88914,602.63037
2446,20.375,177.7674,215.29941,633.23352,161.98434,166.42508,650.19312,193.2511,148.94899,674.61835,220.50713,114.66821,696.03143,248.55475,193.64261,654.00073,299.27744,162.18687,637.28705,318.91409,120.88914,602.63037
2447,20.383,177.7674,215.29941,633.23352,160.7614,167.12856,650.39331,193.38292,148.7706,674.75336,220.50713,114.66821,696.03143,248.48817,194.26024,653.91998,299.24371,161.94461,638.1261,318.91409,120.88914,602.63037
2448,20.392,177.7674,215.29941,633.23352,162.46912,166.02257,650.48016,193.38292,148.7706,674.75336,220.50713,114.66821,696.03143,248.47685,193.535,653.86053,299.3046,161.96628,638.25159,318.91409,120.88914,602.63037
2449,20.4,178.02583,216.05907,633.06104,162.46912,166.02257,650.48016,193.38292,148.7706,674.75336,220.50713,114.66821,696.03143,248.48817,194.26024,653.91998,299.14432,162.20204,637.49884,318.91409,120.88914,602.63037
2450,20.408,177.7674,215.29941,633.23352,162.46912,166.02257,650.48016,193.38292,148.7706,674.75336,220.50713,114.66821,696.03143,248.65887,193.4545,654.11169,299.14432,162.20204,637.49884,318.91409,120.88914,602.63037
2451,20.417,177.7674,215.29941,633.23352,162.46912,166.02257,650.48016,193.38292,148.7706,674.75336,220.50713,114.66821,696.03143,248.65985,193.68437,654.37531,299.27744,162.18687,637.28705,318.91409,120.88914,602.63037
2452,20.425,177.7674,215.29941,633.23352,161.98434,166.42508,650.19312,193.38292,148.7706,674.75336,220.50713,114.66821,696.03143,248.83,193.85237,654.26453,299.27744,162.18687,637.28705,318.91409,120.88914,602.63037
2453,20.433,178.04025,215.10686,633.39917,163.07918,166.28947,650.46857,193.42253,149.0224,674.56335,220.50713,114.66821,696.03143,248.79451,194.06279,653.85266,299.37683,161.92946,637.91443,318.91409,120.88914,602.63037
2454,20.442,178.29861,215.86668,633.22668,163.07918,166.28947,650.46857,193.42253,149.0224,674.56335,220.50713,114.66821,696.03143,248.79451,194.06279,653.85266,299.71414,161.88879,637.35736,318.91409,120.88914,602.63037
2455,20.45,178.29861,215.86668,633.22668,163.07918,166.28947,650.46857,193.42253,149.0224,674.56335,220.50713,114.66821,696.03143,248.79451,194.06279,653.85266,299.27744,162.18687,637.28705,318.91409,120.88914,602.63037
2456,20.458,178.04025,215.10686,633.39917,161.41591,167.2561,650.49023,193.42253,149.0224,674.56335,220.50713,114.66821,696.03143,248.79451,194.06279,653.85266,299.14432,162.20204,637.49884,318.91409,120.88914,602.63037
2457,20.467,178.04025,215.10686,633.39917,161.41591,167.2561,650.49023,193.42253,149.0224,674.56335,220.50713,114.66821,696.03143,249.03374,194.0264,654.0321,299.27744,162.18687,637.28705,318.91409,120.88914,602.63037
2458,20.475,178.04025,215.10686,633.39917,161.41591,167.2561,650.49023,193.42253,149.0224,674.56335,221.23967,114.31425,695.94983,248.92603,194.18478,653.93353,299.71414,161.88879,637.35736,318.91409,120.88914,602.63037
2459,20.483,178.04025,215.10686,633.39917,161.41591,167.2561,650.49023,193.42253,149.0224,674.56335,220.77556,114.51051,696.18079,248.92603,194.18478,653.93353,299.37683,161.92946,637.91443,318.91409,120.88914,602.63037
2460,20.492,177.7674,215.29941,633.23352,161.41591,167.2561,650.49023,193.38292,148.7706,674.75336,220.78827,114.56094,695.8208,248.92603,194.18478,653.93353,299.71414,161.88879,637.35736,318.91409,120.88914,602.63037
2461,20.5,177.7674,215.29941,633.23352,161.01064,166.86955,650.52228,193.38292,148.7706,674.75336,220.77556,114.51051,696.18079,248.77371,194.0952,653.63672,299.71414,161.88879,637.35736,318.91409,120.88914,602.63037
2462,20.508,177.7674,215.29941,633.23352,161.41591,167.2561,650.49023,193.38292,148.7706,674.75336,220.77556,114.51051,696.18079,248.92603,194.18478,653.93353,299.27744,162.18687,637.28705,318.91409,120.88914,602.63037
2463,20.517,178.02583,216.05907,633.06104,161.01064,166.86955,650.52228,193.42253,149.0224,674.56335,220.77556,114.51051,696.18079,248.76611,194.26981,653.90778,299.37802,162.4351,637.2337,318.91409,120.88914,602.63037
2464,20.525,177.7674,215.29941,633.23352,163.07918,166.28947,650.46857,193.42253,149.0224,674.56335,220.77556,114.51051,696.18079,248.92603,194.18478,653.93353,299.37683,161.92946,637.91443,318.91409,120.88914,602.63037
2465,20.533,177.7674,215.29941,633.23352,161.41591,167.2561,650.49023,193.42253,149.0224,674.56335,220.88167,116.23765,696.06909,248.60985,194.28419,654.07941,299.37683,161.92946,637.91443,318.91409,120.88914,602.63037
2466,20.542,177.7674,215.29941,633.23352,162.46912,166.02257,650.48016,193.42253,149.0224,674.56335,220.77556,114.51051,696.18079,248.39218,193.92786,654.25092,299.24371,161.94461,638.1261,318.91409,120.88914,602.63037
2467,20.55,177.7674,215.29941,633.23352,161.01064,166.86955,650.52228,193.38292,148.7706,674.75336,220.50713,114.66821,696.03143,248.48817,194.26024,653.91998,299.37683,161.92946,637.91443,318.91409,120.88914,602.63037
2468,20.558,177.7674,215.29941,633.23352,161.01064,166.86955,650.52228,193.2511,148.94899,674.61835,220.50713,114.66821,696.03143,248.44994,194.36922,654.05365,299.24371,161.94461,638.1261,318.91409,120.88914,602.63037
2469,20.567,177.7674,215.29941,633.23352,161.01064,166.86955,650.52228,193.31215,149.21024,674.42157,220.50713,114.66821,696.03143,248.48817,194.26024,653.91998,299.24371,161.94461,638.1261,318.91409,120.88914,602.63037
2470,20.575,177.7674,215.29941,633.23352,160.7614,167.12856,650.39331,193.42253,149.0224,674.56335,220.50713,114.66821,696.03143,248.31502,194.64186,654.11139,299.24371,161.94461,638.1261,318.91409,120.88914,602.63037
2471,20.583,177.7674,215.29941,633.23352,160.7614,167.12856,650.39331,193.31215,149.21024,674.42157,220.95251,116.67558,695.99231,248.20439,194.13922,654.21954,299.22461,162.21852,638.32257,318.91409,120.88914,602.63037
2472,20.592,177.7674,215.29941,633.23352,160.7614,167.12856,650.39331,193.2511,148.94899,674.61835,220.85344,116.57607,696.05188,248.21906,194.30948,654.44226,298.9487,162.27754,638.35852,318.91409,120.88914,602.63037
2473,20.6,177.7674,215.29941,633.23352,160.5247,167.25928,650.60297,193.2511,148.94899,674.61835,220.3855,114.91896,696.02167,248.21906,194.30948,654.44226,298.9487,162.27754,638.35852,318.91409,120.88914,602.63037
2474,20.608,177.45866,215.36729,633.09607,160.7614,167.12856,650.39331,192.9996,149.62462,674.7998,220.19055,114.96415,695.92322,248.27373,193.69624,654.55341,299.04404,162.04657,638.29779,318.91409,120.88914,602.63037
2475,20.617,177.56966,215.43439,633.00488,159.79463,167.71085,649.98285,192.9996,149.62462,674.7998,220.19055,114.96415,695.92322,248.27373,193.69624,654.55341,298.95193,162.18521,638.43103,318.55185,121.05284,602.54688
2476,20.625,177.45866,215.36729,633.09607,161.22551,166.67697,650.55048,192.9996,149.62462,674.7998,220.29874,115.50244,695.84497,248.37045,194.07434,654.20105,298.73553,162.50734,638.48035,318.8205,121.05374,603.03265
2477,20.633,177.45866,215.36729,633.09607,161.22551,166.67697,650.55048,192.59621,149.74059,674.56982,220.16978,115.3867,695.90094,248.14972,194.20108,654.30573,298.78192,162.39268,638.55719,318.47479,121.26083,602.91473
2478,20.642,177.45866,215.36729,633.09607,160.94951,167.05827,650.99225,192.59621,149.74059,674.56982,220.16978,115.3867,695.90094,247.78174,194.09909,654.52985,298.78192,162.39268,638.55719,318.47479,121.26083,602.91473
2479,20.65,177.45866,215.36729,633.09607,160.94951,167.05827,650.99225,191.92625,149.92346,674.90076,220.16978,115.3867,695.90094,247.78174,194.09909,654.52985,298.78192,162.39268,638.55719,318.2854,121.36681,603.02484
2480,20.658,177.45866,215.36729,633.09607,160.94951,167.05827,650.99225,192.81078,149.45993,675.02673,220.5847,116.81085,696.13568,248.03215,193.82462,654.70135,298.78192,162.39268,638.55719,318.2854,121.36681,603.02484
2481,20.667,177.41792,215.24675,633.19861,160.94951,167.05827,650.99225,191.58417,149.90024,674.60364,220.16978,115.3867,695.90094,247.78174,194.09909,654.52985,298.88678,162.54317,638.69269,318.2854,121.36681,603.02484
2482,20.675,177.3269,215.47739,633.00311,159.44427,167.95425,650.52832,191.36075,149.68709,674.76392,220.16978,115.3867,695.90094,247.78174,194.09909,654.52985,298.59201,162.743,638.47644,318.2854,121.36681,603.02484
2483,20.683,177.3269,215.47739,633.00311,159.44427,167.95425,650.52832,191.36075,149.68709,674.76392,220.16978,115.3867,695.90094,247.71043,195.41342,654.23798,298.88678,162.54317,638.69269,318.2854,121.36681,603.02484
2484,20.692,177.02211,215.85133,632.89441,159.44427,167.95425,650.52832,191.36075,149.68709,674.76392,220.30901,116.90378,696.2113,247.78174,194.09909,654.52985,298.88678,162.54317,638.69269,318.48538,121.55434,603.117
2485,20.7,176.93108,216.08212,632.69904,159.42256,167.97717,650.26361,191.36075,149.68709,674.76392,220.16978,115.3867,695.90094,247.71043,195.41342,654.23798,298.59201,162.743,638.47644,318.64886,121.91956,603.42303
2486,20.708,176.93108,216.08212,632.69904,159.42256,167.97717,650.26361,191.4399,149.94273,674.57111,220.30901,116.90378,696.2113,247.78174,194.09909,654.52985,298.35004,162.89246,638.63055,318.62631,121.97744,603.14966
2487,20.717,177.04262,214.77687,632.72437,159.42256,167.97717,650.26361,191.64528,150.16144,674.40686,219.73683,115.43449,695.79083,247.78174,194.09909,654.52985,298.12927,163.01176,638.60425,318.62631,121.97744,603.14966
2488,20.725,177.04262,214.77687,632.72437,159.42256,167.97717,650.26361,191.72258,150.03163,674.2298,219.85562,115.98579,695.61072,247.87903,194.0311,654.60291,298.26477,163.2776,638.52472,318.32162,123.04101,603.32056
2489,20.733,177.04262,214.77687,632.72437,159.42256,167.97717,650.26361,191.55089,149.82195,674.39655,219.9344,115.8686,695.8053,247.87903,194.0311,654.60291,298.26477,163.2776,638.52472,318.32162,123.04101,603.32056
2490,20.742,177.04262,214.77687,632.72437,159.42256,167.97717,650.26361,191.72258,150.03163,674.2298,220.24832,117.35476,695.85077,248.06807,194.64067,654.61395,298.13919,163.55742,638.45435,318.32162,123.04101,603.32056
2491,20.75,177.04262,214.77687,632.72437,159.42256,167.97717,650.26361,191.72258,150.03163,674.2298,219.85562,115.98579,695.61072,248.14331,195.05476,654.65771,298.13919,163.55742,638.45435,318.32162,123.04101,603.32056
2492,20.758,177.04262,214.77687,632.72437,159.42256,167.97717,650.26361,191.72258,150.03163,674.2298,220.24832,117.35476,695.85077,248.01962,194.85036,654.2749,298.13919,163.55742,638.45435,318.2489,123.1241,603.01801
2493,20.767,177.04262,214.77687,632.72437,159.42256,167.97717,650.26361,191.53499,150.34921,674.2652,219.85562,115.98579,695.61072,247.97212,194.84248,654.2066,298.13919,163.55742,638.45435,318.32162,123.04101,603.32056
2494,20.775,176.93108,216.08212,632.69904,159.42256,167.97717,650.26361,191.72258,150.03163,674.2298,219.85562,115.98579,695.61072,248.08467,194.63792,654.77325,298.13919,163.55742,638.45435,318.32162,123.04101,603.32056
2495,20.783,176.81384,216.2581,632.61786,159.42256,167.97717,650.26361,191.53499,150.34921,674.2652,219.85562,115.98579,695.61072,248.08473,195.0148,654.5495,298.13919,163.55742,638.45435,318.32162,123.04101,603.32056
2496,20.792,176.9579,216.54601,632.7738,159.42256,167.97717,650.26361,191.72258,150.03163,674.2298,219.85562,115.98579,695.61072,248.01962,194.85036,654.2749,297.91617,163.71758,638.54407,318.32162,123.04101,603.32056
2497,20.8,176.9579,216.54601,632.7738,159.42256,167.97717,650.26361,191.53499,150.34921,674.2652,219.85562,115.98579,695.61072,248.08473,195.0148,654.5495,298.07416,163.7614,638.31219,318.32162,123.04101,603.32056
2498,20.808,177.0751,216.37004,632.85492,159.42256,167.97717,650.26361,191.72258,150.03163,674.2298,219.85562,115.98579,695.61072,248.01962,194.85036,654.2749,298.15793,163.73872,638.30414,318.56784,123.50284,603.36578
2499,20.817,176.9579,216.54601,632.7738,159.42256,167.97717,650.26361,191.72258,150.03163,674.2298,219.85562,115.98579,695.61072,248.27374,195.24747,654.78436,298.07416,163.7614,638.31219,318.79572,123.43311,603.23914
2500,20.825,176.9579,216.54601,632.7738,159.42256,167.97717,650.26361,191.53499,150.34921,674.2652,219.85562,115.98579,695.61072,248.21037,195.19116,654.65686,298.07416,163.7614,638.31219,318.79572,123.43311,603.23914
2501,20.833,176.9579,216.54601,632.7738,159.42256,167.97717,650.26361,191.72258,150.03163,674.2298,219.85562,115.98579,695.61072,248.27374,195.24747,654.78436,298.07416,163.7614,638.31219,318.54446,124.15685,603.315
2502,20.842,177.0751,216.37004,632.85492,159.42256,167.97717,650.26361,191.72258,150.03163,674.2298,219.9846,116.10157,695.55475,248.15005,195.04306,654.40155,298.45453,163.57028,638.14825,319.14941,123.41374,603.21484
2503,20.85,176.9579,216.54601,632.7738,159.42256,167.97717,650.26361,191.53499,150.34921,674.2652,220.01799,116.33342,695.70374,248.09775,195.01884,654.31403,298.15793,163.73872,638.30414,319.14941,123.41374,603.21484
2504,20.858,177.44475,217.1962,632.59149,159.42256,167.97717,650.26361,191.53499,150.34921,674.2652,219.85562,115.98579,695.61072,248.21037,195.19116,654.65686,298.67572,163.20839,638.51654,318.79572,123.43311,603.23914
2505,20.867,177.7901,216.94299,632.5976,159.42256,167.97717,650.26361,192.14302,150.09013,674.60266,220.14392,115.91022,695.52124,248.27374,195.24747,654.78436,298.60184,163.28868,638.3266,318.54956,122.97131,603.19385
2506,20.875,177.67912,216.87605,632.68878,159.42256,167.97717,650.26361,191.72258,150.03163,674.2298,220.14392,115.91022,695.52124,247.85426,195.83089,654.13605,298.83701,163.27443,638.41364,318.83511,123.03483,602.88251
2507,20.883,177.53151,216.18378,632.76996,159.42256,167.97717,650.26361,191.53499,150.34921,674.2652,220.14392,115.91022,695.52124,248.09775,195.01884,654.31403,299.00967,162.93442,638.51721,318.83511,123.03483,602.88251
2508,20.892,177.53151,216.18378,632.76996,159.60909,167.87479,650.08459,191.53499,150.34921,674.2652,220.27286,116.02592,695.46533,247.97212,194.84248,654.2066,299.00967,162.93442,638.51721,318.93832,122.55009,603.12311
2509,20.9,177.38756,215.89586,632.61401,159.42256,167.97717,650.26361,193.04434,149.44757,674.35474,220.27286,116.02592,695.46533,247.85426,195.83089,654.13605,299.00967,162.93442,638.51721,319.01685,121.68538,603.55884
2510,20.908,177.53151,216.18378,632.76996,159.42256,167.97717,650.26361,192.33871,150.1297,673.8681,220.14392,115.91022,695.52124,248.00414,194.6534,654.28497,299.00967,162.93442,638.51721,319.01685,121.68538,603.55884
2511,20.917,177.38756,215.89586,632.61401,159.64473,168.026,650.24054,192.65721,150.00182,674.37305,220.22272,115.79299,695.71588,248.25348,194.24416,654.10767,298.86246,162.63936,638.62366,318.82755,121.34294,603.23853
2512,20.925,177.53151,216.18378,632.76996,159.64473,168.026,650.24054,192.65721,150.00182,674.37305,220.16978,115.3867,695.90094,248.19974,194.79161,654.02191,298.73553,162.50734,638.48035,318.82755,121.34294,603.23853
2513,20.933,177.38756,215.89586,632.61401,160.37477,167.57443,650.86053,192.65721,150.00182,674.37305,220.16978,115.3867,695.90094,248.31502,194.64186,654.11139,298.73553,162.50734,638.48035,319.03598,121.10883,603.44556
2514,20.942,177.38756,215.89586,632.61401,160.5247,167.25928,650.60297,192.65721,150.00182,674.37305,220.16978,115.3867,695.90094,248.30219,194.66789,653.98645,298.81622,162.51395,638.6767,319.00427,121.22852,603.12659
2515,20.95,177.38756,215.89586,632.61401,160.45993,167.31636,650.09161,192.65721,150.00182,674.37305,220.16978,115.3867,695.90094,248.31677,194.00565,654.09094,299.02286,162.28972,638.53064,319.00427,121.22852,603.12659
2516,20.958,177.47864,215.66498,632.80939,160.45993,167.31636,650.09161,192.59621,149.74059,674.56982,220.3647,115.34154,695.99939,248.17461,194.25542,654.37396,299.02286,162.28972,638.53064,318.70605,120.67229,603.47748
2517,20.967,177.56966,215.43439,633.00488,160.5247,167.25928,650.60297,192.59621,149.74059,674.56982,220.3647,115.34154,695.99939,248.18404,193.52473,654.50922,299.02286,162.28972,638.53064,318.88181,120.51637,603.3363
2518,20.975,177.56966,215.43439,633.00488,160.45993,167.31636,650.09161,192.59621,149.74059,674.56982,220.3647,115.34154,695.99939,248.30219,194.66789,653.98645,299.02286,162.28972,638.53064,318.70605,120.67229,603.47748
2519,20.983,177.47864,215.66498,632.80939,160.45993,167.31636,650.09161,192.9996,149.62462,674.7998,220.3647,115.34154,695.99939,248.3506,193.87277,653.92834,299.02286,162.28972,638.53064,318.70605,120.67229,603.47748
2520,20.992,177.47864,215.66498,632.80939,160.45993,167.31636,650.09161,193.2511,148.94899,674.61835,220.3647,115.34154,695.99939,248.31677,194.00565,654.09094,299.00293,162.2112,638.59558,318.36926,120.98107,603.28204
2521,21,177.56966,215.43439,633.00488,160.23775,167.26775,650.11475,192.59621,149.74059,674.56982,220.3647,115.34154,695.99939,248.31677,194.00565,654.09094,299.00293,162.2112,638.59558,318.36349,120.79114,603.4256
2522,21.008,177.56966,215.43439,633.00488,160.45993,167.31636,650.09161,192.88588,149.20535,674.49109,220.16978,115.3867,695.90094,248.21785,193.39185,654.34656,298.71722,161.60075,638.35944,318.36926,120.98107,603.28204
2523,21.017,177.45866,215.36729,633.09607,160.7614,167.12856,650.39331,193.2511,148.94899,674.61835,220.25653,114.80319,696.07764,248.21785,193.39185,654.34656,298.71722,161.60075,638.35944,318.36926,120.98107,603.28204
2524,21.025,177.56966,215.43439,633.00488,160.5247,167.25928,650.60297,193.2511,148.94899,674.61835,220.3647,115.34154,695.99939,248.21785,193.39185,654.34656,298.71722,161.60075,638.35944,318.50812,120.63396,603.28876
2525,21.033,177.56966,215.43439,633.00488,160.30258,167.2108,650.62616,192.88588,149.20535,674.49109,220.51379,116.37282,696.21246,248.21785,193.39185,654.34656,298.71722,161.60075,638.35944,318.36349,120.79114,603.4256
2526,21.042,177.56966,215.43439,633.00488,160.30258,167.2108,650.62616,192.88588,149.20535,674.49109,220.51379,116.37282,696.21246,248.21785,193.39185,654.34656,298.77499,161.36847,638.27747,318.51453,120.68663,603.48761
2527,21.05,177.45866,215.36729,633.09607,160.00105,167.39844,650.32446,193.2511,148.94899,674.61835,220.06157,114.84835,695.97913,248.21785,193.39185,654.34656,298.77499,161.36847,638.27747,318.65915,120.52946,603.35077
2528,21.058,177.41792,215.24675,633.19861,160.30258,167.2108,650.62616,193.02773,148.7361,674.77875,220.06157,114.84835,695.97913,248.21785,193.39185,654.34656,299.00293,162.2112,638.59558,318.50812,120.63396,603.28876
2529,21.067,177.45866,215.36729,633.09607,160.00105,167.39844,650.32446,193.16975,148.60121,674.88092,220.25653,114.80319,696.07764,248.08246,193.30771,654.51459,299.02328,161.97508,638.36121,318.78384,120.38301,603.44745
2530,21.075,177.41792,215.24675,633.19861,160.45993,167.31636,650.09161,193.16975,148.60121,674.88092,220.25653,114.80319,696.07764,248.31639,193.18347,654.47815,298.71722,161.60075,638.35944,318.50812,120.63396,603.28876
2531,21.083,177.41792,215.24675,633.19861,160.00105,167.39844,650.32446,193.38292,148.7706,674.75336,220.25653,114.80319,696.07764,248.21785,193.39185,654.34656,298.77499,161.36847,638.27747,318.65915,120.52946,603.35077
2532,21.092,177.41792,215.24675,633.19861,160.7614,167.12856,650.39331,193.16975,148.60121,674.88092,220.25653,114.80319,696.07764,248.21785,193.39185,654.34656,298.71722,161.60075,638.35944,318.65915,120.52946,603.35077
2533,21.1,177.45866,215.36729,633.09607,160.22322,167.44707,650.30133,193.38292,148.7706,674.75336,220.70274,116.30961,696.30933,248.31639,193.18347,654.47815,299.00293,162.2112,638.59558,318.78384,120.38301,603.44745
2534,21.108,177.45866,215.36729,633.09607,160.23775,167.26775,650.11475,193.38292,148.7706,674.75336,220.25653,114.80319,696.07764,248.45798,193.26451,654.35309,299.02328,161.97508,638.36121,318.65915,120.52946,603.35077
2535,21.117,177.7674,215.29941,633.23352,160.45993,167.31636,650.09161,193.2511,148.94899,674.61835,220.25653,114.80319,696.07764,248.12523,193.1846,654.37463,298.95193,162.18521,638.43103,318.78384,120.38301,603.44745
2536,21.125,177.45866,215.36729,633.09607,160.7614,167.12856,650.39331,193.38292,148.7706,674.75336,220.25653,114.80319,696.07764,248.2294,192.9964,654.4856,298.8035,161.48274,638.16095,318.65915,120.52946,603.35077
2537,21.133,177.65642,215.2323,633.32471,160.7614,167.12856,650.39331,193.38292,148.7706,674.75336,220.34929,114.66176,696.67969,248.31639,193.18347,654.47815,298.77499,161.36847,638.27747,318.65915,120.52946,603.35077
2538,21.142,177.61568,215.11171,633.42725,160.7614,167.12856,650.39331,193.16975,148.60121,674.88092,220.50635,114.2662,698.60303,248.21785,193.39185,654.34656,298.77499,161.36847,638.27747,318.78384,120.38301,603.44745
2539,21.15,177.73309,215.17383,633.33704,160.53926,167.08009,650.4165,193.38292,148.7706,674.75336,220.50635,114.2662,698.60303,248.12523,193.1846,654.37463,298.90836,161.63316,638.29645,318.5253,120.22119,603.49005
2540,21.158,177.61568,215.11171,633.42725,160.7614,167.12856,650.39331,193.16975,148.60121,674.88092,220.25653,114.80319,696.07764,248.2294,192.9964,654.4856,298.73215,161.69292,638.23083,318.78384,120.38301,603.44745
2541,21.167,177.61568,215.11171,633.42725,160.53926,167.08009,650.4165,193.16975,148.60121,674.88092,220.25653,114.80319,696.07764,248.31639,193.18347,654.47815,298.77499,161.36847,638.27747,318.50812,120.63396,603.28876
2542,21.175,177.61568,215.11171,633.42725,160.23775,167.26775,650.11475,193.16975,148.60121,674.88092,220.31131,114.31141,698.50446,248.31639,193.18347,654.47815,299.0607,161.979,638.51367,318.50812,120.63396,603.28876
2543,21.183,177.41792,215.24675,633.19861,160.23775,167.26775,650.11475,193.38292,148.7706,674.75336,220.50635,114.2662,698.60303,248.31639,193.18347,654.47815,299.0607,161.979,638.51367,318.50812,120.63396,603.28876
2544,21.192,177.41792,215.24675,633.19861,160.53926,167.08009,650.4165,193.16975,148.60121,674.88092,220.25653,114.80319,696.07764,248.28258,193.31635,654.64069,298.77499,161.36847,638.27747,318.4855,120.64043,603.52563
2545,21.2,177.61568,215.11171,633.42725,160.06268,166.8806,650.45197,193.38292,148.7706,674.75336,220.25653,114.80319,696.07764,248.2294,192.9964,654.4856,298.8035,161.48274,638.16095,318.50812,120.63396,603.28876
2546,21.208,177.41792,215.24675,633.19861,160.53926,167.08009,650.4165,193.2511,148.94899,674.61835,220.50635,114.2662,698.60303,248.21785,193.39185,654.34656,298.77499,161.36847,638.27747,318.65915,120.52946,603.35077
2547,21.217,177.41792,215.24675,633.19861,160.30258,167.2108,650.62616,193.02773,148.7361,674.77875,220.31131,114.31141,698.50446,248.18404,193.52473,654.50922,298.61151,161.5788,638.42542,318.36349,120.79114,603.4256
2548,21.225,177.41792,215.24675,633.19861,160.30258,167.2108,650.62616,192.57957,149.53545,675.33698,220.06157,114.84835,695.97913,248.08246,193.30771,654.51459,298.88678,162.54317,638.69269,318.36349,120.79114,603.4256
2549,21.233,177.41792,215.24675,633.19861,160.30258,167.2108,650.62616,192.66255,148.99245,674.65143,220.16978,115.3867,695.90094,247.86166,193.43442,654.61926,298.88678,162.54317,638.69269,318.1741,120.89711,603.53564
2550,21.242,177.41792,215.24675,633.19861,160.30258,167.2108,650.62616,192.66255,148.99245,674.65143,220.41951,114.84921,698.42682,248.08246,193.30771,654.51459,298.66702,162.0509,638.49249,318.36349,120.79114,603.4256
2551,21.25,177.45866,215.36729,633.09607,159.85568,167.48434,650.3053,192.37296,149.52766,674.73016,220.41951,114.84921,698.42682,247.86166,193.43442,654.61926,298.66702,162.0509,638.49249,318.36349,120.79114,603.4256
2552,21.258,177.45866,215.36729,633.09607,159.57243,167.66202,650.00598,192.17624,149.6514,675.10699,220.16978,115.3867,695.90094,247.95653,193.6299,654.6319,298.55371,161.81111,638.50732,318.1741,120.89711,603.53564
2553,21.267,177.45866,215.36729,633.09607,159.57243,167.66202,650.00598,192.17624,149.6514,675.10699,220.16978,115.3867,695.90094,247.95653,193.6299,654.6319,298.83939,162.42152,638.74353,318.1741,120.89711,603.53564
2554,21.275,177.45866,215.36729,633.09607,159.57243,167.66202,650.00598,192.58188,149.26054,675.19043,220.41951,114.84921,698.42682,248.21431,193.67238,654.74908,298.88678,162.54317,638.69269,318.37405,121.08458,603.62781
2555,21.283,177.45866,215.36729,633.09607,159.57243,167.66202,650.00598,191.7029,149.71033,675.06104,220.41951,114.84921,698.42682,247.90181,193.93443,654.61835,298.88678,162.54317,638.69269,318.37405,121.08458,603.62781
2556,21.292,177.36766,215.5979,632.90057,159.57243,167.66202,650.00598,192.17624,149.6514,675.10699,220.16978,115.3867,695.90094,248.14972,194.20108,654.30573,298.93286,162.54274,638.8905,318.3053,121.27311,603.79449
2557,21.3,177.27657,215.82881,632.7052,159.57243,167.66202,650.00598,192.17624,149.6514,675.10699,219.88142,115.46233,695.99036,247.99855,194.31252,654.26605,298.88678,162.54317,638.69269,318.37405,121.08458,603.62781
2558,21.308,177.27657,215.82881,632.7052,159.42256,167.97717,650.26361,191.7029,149.71033,675.06104,220.19955,115.19639,696.66565,247.78174,194.09909,654.52985,298.88678,162.54317,638.69269,318.37405,121.08458,603.62781
2559,21.317,177.27657,215.82881,632.7052,159.42256,167.97717,650.26361,191.98734,150.18474,674.70398,220.13109,114.92485,698.51624,247.78174,194.09909,654.52985,298.88678,162.54317,638.69269,318.39236,121.56736,603.83929
2560,21.325,177.38756,215.89586,632.61401,159.85117,167.71361,650.58203,191.92625,149.92346,674.90076,220.13109,114.92485,698.51624,247.78174,194.09909,654.52985,298.88678,162.54317,638.69269,318.39236,121.56736,603.83929
2561,21.333,177.42053,216.11671,632.86108,159.42256,167.97717,650.26361,192.25853,149.59349,674.96368,219.88142,115.46233,695.99036,247.94438,194.43622,654.23108,298.86246,162.63936,638.62366,318.9314,121.86729,603.73236
2562,21.342,177.42053,216.11671,632.86108,159.42256,167.97717,650.26361,192.29453,149.86923,674.75647,219.88142,115.46233,695.99036,248.14331,195.05476,654.65771,299.02216,162.80899,638.61316,318.58011,122.10809,603.58978
2563,21.35,177.53151,216.18378,632.76996,159.60909,167.87479,650.08459,191.98734,150.18474,674.70398,220.13109,114.92485,698.51624,247.97212,194.84248,654.2066,299.02216,162.80899,638.61316,318.58011,122.10809,603.58978
2564,21.358,177.53151,216.18378,632.76996,159.42256,167.97717,650.26361,191.98734,150.18474,674.70398,220.29344,115.27263,698.60956,248.08473,195.0148,654.5495,299.02216,162.80899,638.61316,318.58011,122.10809,603.58978
2565,21.367,177.42053,216.11671,632.86108,159.42256,167.97717,650.26361,191.98734,150.18474,674.70398,219.95197,115.88761,696.18048,248.09775,195.01884,654.31403,299.02216,162.80899,638.61316,318.58011,122.10809,603.58978
2566,21.375,177.53151,216.18378,632.76996,159.60909,167.87479,650.08459,191.98734,150.18474,674.70398,219.95197,115.88761,696.18048,247.8903,195.69531,654.06885,299.02216,162.80899,638.61316,318.64886,121.91956,603.42303
2567,21.383,177.53151,216.18378,632.76996,159.60909,167.87479,650.08459,192.14302,150.09013,674.60266,220.54387,116.11252,698.43994,247.99146,195.99686,654.25989,299.02216,162.80899,638.61316,318.534,122.52935,603.64777
2568,21.392,177.53151,216.18378,632.76996,159.42256,167.97717,650.26361,191.87708,150.37265,674.56232,220.75343,115.92491,698.77948,248.10368,195.07231,654.21307,299.00653,162.75926,638.65002,318.534,122.52935,603.64777
2569,21.4,177.53151,216.18378,632.76996,159.60909,167.87479,650.08459,192.29453,149.86923,674.75647,220.59534,116.38456,696.15546,248.15218,196.76242,654.70215,299.00107,162.90004,638.54211,318.86545,122.33075,603.76074
2570,21.408,176.7486,212.12253,633.06317,159.60909,167.87479,650.08459,191.98734,150.18474,674.70398,220.12038,116.60965,696.24951,248.10368,195.07231,654.21307,299.00107,162.90004,638.54211,318.9314,121.86729,603.73236
2571,21.417,176.46059,210.87996,633.3407,160.1983,167.69649,650.36597,192.14302,150.09013,674.60266,220.37032,116.07276,698.77631,248.15691,195.11046,654.3078,299.00107,162.90004,638.54211,318.9314,121.86729,603.73236
2572,21.425,176.7486,212.12253,633.06317,159.83125,167.92351,650.06152,192.14302,150.09013,674.60266,220.65193,116.19862,698.7345,248.15005,195.04306,654.40155,299.00967,162.93442,638.51721,318.86545,122.33075,603.76074
2573,21.433,177.69081,216.64844,632.76642,159.83125,167.92351,650.06152,192.14302,150.09013,674.60266,220.11069,116.80575,696.10712,248.06165,196.19678,654.14545,299.00107,162.90004,638.54211,319.14804,122.82919,603.77441
2574,21.442,177.56651,216.86407,632.66156,159.60909,167.87479,650.08459,191.87708,150.37265,674.56232,220.11069,116.80575,696.10712,248.0874,196.0233,654.05048,299.00107,162.90004,638.54211,318.59216,122.39427,603.89709
2575,21.45,177.69081,216.64844,632.76642,159.83125,167.92351,650.06152,191.87708,150.37265,674.56232,220.3605,116.26848,698.63416,248.0874,196.0233,654.05048,299.00107,162.90004,638.54211,318.9314,121.86729,603.73236
2576,21.458,177.56651,216.86407,632.66156,159.83125,167.92351,650.06152,192.14302,150.09013,674.60266,220.74361,116.1207,698.63733,247.96165,196.26743,653.83643,299.00107,162.90004,638.54211,318.97003,122.43044,603.44189
2577,21.467,177.7901,216.94299,632.5976,159.72467,168.59619,650.40338,192.64655,151.13913,674.75061,220.40201,116.73595,696.2074,248.06165,196.19678,654.14545,299.00107,162.90004,638.54211,318.86545,122.33075,603.76074
2578,21.475,177.7901,216.94299,632.5976,159.60909,167.87479,650.08459,192.14302,150.09013,674.60266,220.57526,118.076,696.2774,247.96165,196.26743,653.83643,299.00107,162.90004,638.54211,318.97003,122.43044,603.44189
2579,21.483,177.7901,216.94299,632.5976,160.08249,167.8239,649.85956,192.14302,150.09013,674.60266,220.11069,116.80575,696.10712,248.06165,196.19678,654.14545,299.00107,162.90004,638.54211,319.01685,121.68538,603.55884
2580,21.492,176.43831,213.57355,633.1441,160.08249,167.8239,649.85956,192.26878,151.71207,674.78619,220.48564,118.14782,696.36493,248.01456,196.09111,653.77228,299.00107,162.90004,638.54211,318.9314,121.86729,603.73236
2581,21.5,176.57317,213.3886,633.22455,160.67139,169.50031,650.32904,192.64655,151.13913,674.75061,220.40201,116.73595,696.2074,248.16151,196.27737,654.06036,299.00107,162.90004,638.54211,319.01685,121.68538,603.55884
2582,21.508,176.57317,213.3886,633.22455,160.67139,169.50031,650.32904,192.64655,151.13913,674.75061,220.48564,118.14782,696.36493,248.06165,196.19678,654.14545,299.00107,162.90004,638.54211,319.01685,121.68538,603.55884
2583,21.517,177.7901,216.94299,632.5976,159.94678,168.6449,650.38031,192.26878,151.71207,674.78619,220.48564,118.14782,696.36493,248.33104,194.96721,654.09045,299.00107,162.90004,638.54211,318.9314,121.86729,603.73236
2584,21.525,177.7901,216.94299,632.5976,159.94678,168.6449,650.38031,192.35683,151.23532,674.59247,220.11069,116.80575,696.10712,248.408,196.01704,653.85419,299.00107,162.90004,638.54211,319.01685,121.68538,603.55884
2585,21.533,177.7901,216.94299,632.5976,159.94678,168.6449,650.38031,192.26878,151.71207,674.78619,220.11069,116.80575,696.10712,248.38449,196.05826,653.60352,299.00107,162.90004,638.54211,319.01685,121.68538,603.55884
2586,21.542,177.65535,217.12735,632.51721,159.94678,168.6449,650.38031,192.77559,152.44395,674.97961,220.11069,116.80575,696.10712,248.38449,196.05826,653.60352,299.00107,162.90004,638.54211,319.01685,121.68538,603.55884
2587,21.55,177.7901,216.94299,632.5976,159.94678,168.6449,650.38031,192.26878,151.71207,674.78619,220.11069,116.80575,696.10712,248.56471,195.03743,653.76202,299.00107,162.90004,638.54211,319.01685,121.68538,603.55884
2588,21.558,177.7901,216.94299,632.5976,159.94678,168.6449,650.38031,192.35683,151.23532,674.59247,220.11069,116.80575,696.10712,248.53708,195.98827,653.63275,299.00107,162.90004,638.54211,318.9314,121.86729,603.73236
2589,21.567,176.76456,212.3877,632.95026,159.94678,168.6449,650.38031,192.26878,151.71207,674.78619,220.11069,116.80575,696.10712,248.56471,195.03743,653.76202,299.00107,162.90004,638.54211,318.80984,121.27895,603.70941
2590,21.575,175.32178,209.58994,633.8269,159.94678,168.6449,650.38031,192.26878,151.71207,674.78619,220.11069,116.80575,696.10712,248.38449,196.05826,653.60352,299.00107,162.90004,638.54211,318.72437,121.46085,603.88293
2591,21.583,175.466,209.36745,633.9328,159.94678,168.6449,650.38031,192.26878,151.71207,674.78619,220.11069,116.80575,696.10712,248.53708,195.98827,653.63275,299.00107,162.90004,638.54211,318.80984,121.27895,603.70941
2592,21.592,177.7901,216.94299,632.5976,159.94678,168.6449,650.38031,192.35683,151.23532,674.59247,220.11069,116.80575,696.10712,248.53708,195.98827,653.63275,299.00107,162.90004,638.54211,318.7131,120.96142,603.68323
2593,21.6,177.7901,216.94299,632.5976,159.94678,168.6449,650.38031,192.35683,151.23532,674.59247,220.11069,116.80575,696.10712,248.44496,195.88628,653.72766,299.00107,162.90004,638.54211,318.7131,120.96142,603.68323
2594,21.608,177.7901,216.94299,632.5976,159.83125,167.92351,650.06152,192.35683,151.23532,674.59247,219.99817,116.79617,695.99335,248.44496,195.88628,653.72766,299.00107,162.90004,638.54211,318.62766,121.14331,603.85681
2595,21.617,176.57317,213.3886,633.22455,160.31369,168.41783,650.68469,192.82988,151.17638,674.63837,220.20471,117.02385,696.28351,248.53708,195.98827,653.63275,298.00534,162.70753,637.85535,318.7131,120.96142,603.68323
2596,21.625,176.57317,213.3886,633.22455,160.44949,167.59686,650.16406,192.94016,150.98843,674.77997,220.32256,116.56396,696.26862,248.44496,195.88628,653.72766,299.00107,162.90004,638.54211,318.7131,120.96142,603.68323
2597,21.633,176.57317,213.3886,633.22455,160.31369,168.41783,650.68469,192.94016,150.98843,674.77997,220.32256,116.56396,696.26862,248.53708,195.98827,653.63275,299.00107,162.90004,638.54211,318.7131,120.96142,603.68323
2598,21.642,176.57317,213.3886,633.22455,160.63834,168.44289,650.50598,192.94016,150.98843,674.77997,220.51074,116.33597,696.05811,248.53708,195.98827,653.63275,298.00534,162.70753,637.85535,318.7131,120.96142,603.68323
2599,21.65,177.7901,216.94299,632.5976,160.44949,167.59686,650.16406,192.94016,150.98843,674.77997,220.51074,116.33597,696.05811,248.44496,195.88628,653.72766,298.00534,162.70753,637.85535,318.7131,120.96142,603.68323
2600,21.658,177.7901,216.94299,632.5976,160.44949,167.59686,650.16406,192.46057,150.12573,674.74988,220.51074,116.33597,696.05811,248.53708,195.98827,653.63275,299.00107,162.90004,638.54211,318.7131,120.96142,603.68323
2601,21.667,177.69081,216.64844,632.76642,160.44949,167.59686,650.16406,192.65721,150.00182,674.37305,220.8421,116.35722,695.90918,248.45738,195.45515,653.78601,298.00534,162.70753,637.85535,320.09875,119.50694,604.55688
2602,21.675,177.69081,216.64844,632.76642,160.58493,167.25047,649.89862,193.13676,150.86459,674.40332,220.8421,116.35722,695.90918,248.44496,195.88628,653.72766,298.00534,162.70753,637.85535,318.83099,121.02676,603.61475
2603,21.683,177.69081,216.64844,632.76642,160.58493,167.25047,649.89862,193.06062,149.88585,674.60309,220.97095,116.25789,696.55933,248.40178,195.14165,653.37793,298.21283,162.48734,637.70813,320.02744,119.57811,604.23682
2604,21.692,177.95685,217.08484,632.91937,160.44949,167.59686,650.16406,193.04434,149.44757,674.35474,221.10248,115.90868,698.68799,248.60588,195.77397,653.92273,298.21283,162.48734,637.70813,319.92462,119.23156,603.86353
2605,21.7,177.69081,216.64844,632.76642,160.99036,167.6371,649.8667,193.06062,149.88585,674.60309,221.10248,115.90868,698.68799,248.72649,194.93781,653.56207,298.21283,162.48734,637.70813,319.54547,119.65482,603.64154
2606,21.708,177.69081,216.64844,632.76642,160.8342,166.99176,650.02753,193.06062,149.88585,674.60309,221.21678,116.09158,696.77338,248.72649,194.93781,653.56207,298.21283,162.48734,637.70813,319.33011,119.77931,603.4375
2607,21.717,177.7901,216.94299,632.5976,161.64497,167.76466,649.96381,193.04434,149.44757,674.35474,221.21678,116.09158,696.77338,248.91447,194.9245,653.51605,298.21283,162.48734,637.70813,318.83099,121.02676,603.61475
2608,21.725,176.57317,213.3886,633.22455,161.64497,167.76466,649.96381,193.31215,149.21024,674.42157,221.33162,116.22639,696.71008,248.72649,194.93781,653.56207,298.21283,162.48734,637.70813,319.11475,119.90347,603.23364
2609,21.733,176.57317,213.3886,633.22455,161.64497,167.76466,649.96381,193.17099,149.69806,674.74487,222.04906,115.78274,695.48999,248.77173,194.65504,653.53473,298.21283,162.48734,637.70813,318.86053,120.03639,602.71436
2610,21.742,176.57317,213.3886,633.22455,161.11456,167.44432,650.1886,193.13139,149.44627,674.93481,221.33162,116.22639,696.71008,248.77173,194.65504,653.53473,298.24899,162.09386,637.62189,318.31717,120.75525,602.47595
2611,21.75,176.57317,213.3886,633.22455,161.23956,167.37834,649.99561,193.42253,149.0224,674.56335,221.33162,116.22639,696.71008,248.77173,194.65504,653.53473,299.40942,162.60457,638.18799,318.31717,120.75525,602.47595
2612,21.758,176.57317,213.3886,633.22455,161.64497,167.76466,649.96381,193.38292,148.7706,674.75336,221.21678,116.09158,696.77338,248.77173,194.65504,653.53473,299.67841,161.94147,638.40753,318.16702,120.38779,602.66162
2613,21.767,176.57317,213.3886,633.22455,161.64497,167.76466,649.96381,193.38292,148.7706,674.75336,221.21678,116.09158,696.77338,248.45631,194.48891,653.47345,298.33582,161.86809,637.54462,319.04129,120.84723,603.50378
2614,21.775,176.57317,213.3886,633.22455,161.23956,167.37834,649.99561,193.38292,148.7706,674.75336,221.55098,117.39852,697.01868,248.45631,194.48891,653.47345,299.22461,162.21852,638.32257,318.91446,120.44339,603.69586
2615,21.783,176.66434,213.15712,633.41998,160.70918,167.05771,650.22052,193.18352,148.95824,674.70941,220.96744,115.40026,696.99677,248.74617,194.31279,653.46716,299.3046,161.96628,638.25159,319.04129,120.84723,603.50378
2616,21.792,176.57317,213.3886,633.22455,160.70918,167.05771,650.22052,193.38292,148.7706,674.75336,221.35683,116.85757,697.23328,248.45631,194.48891,653.47345,299.10281,162.03751,638.45966,319.04129,120.84723,603.50378
2617,21.8,176.57317,213.3886,633.22455,160.70918,167.05771,650.22052,193.38292,148.7706,674.75336,220.82274,115.25248,696.82983,248.13051,194.74319,653.26385,298.69131,161.67456,638.30756,318.91446,120.44339,603.69586
2618,21.808,177.75777,216.34569,633.02075,160.45993,167.31636,650.09161,193.38292,148.7706,674.75336,220.83568,115.28587,697.05023,248.13051,194.74319,653.26385,299.02286,162.28972,638.53064,318.71341,120.21239,603.54053
2619,21.817,177.75777,216.34569,633.02075,160.70918,167.05771,650.22052,193.38292,148.7706,674.75336,220.84026,115.18409,698.69043,248.06425,195.17868,653.71191,299.02286,162.28972,638.53064,318.70413,120.62289,603.80682
2620,21.825,177.75777,216.34569,633.02075,160.70918,167.05771,650.22052,193.38292,148.7706,674.75336,220.82274,115.25248,696.82983,247.98264,194.84726,653.37164,299.02286,162.28972,638.53064,318.50192,120.44322,603.68475
2621,21.833,177.75777,216.34569,633.02075,160.45993,167.31636,650.09161,193.13139,149.44627,674.93481,221.3698,114.40633,695.49438,248.39728,194.47939,653.60626,299.02286,162.28972,638.53064,318.50192,120.44322,603.68475
2622,21.842,177.75777,216.34569,633.02075,160.45993,167.31636,650.09161,193.13139,149.44627,674.93481,220.653,114.85004,696.71375,248.06425,195.17868,653.71191,299.0607,161.979,638.51367,318.71176,119.95461,603.73071
2623,21.85,177.54257,215.85136,632.81116,160.45993,167.31636,650.09161,193.38292,148.7706,674.75336,220.6705,114.78137,698.5741,248.30196,194.04558,654.01733,298.69131,161.67456,638.30756,318.50192,120.44322,603.68475
2624,21.858,177.75777,216.34569,633.02075,160.45993,167.31636,650.09161,193.13139,149.44627,674.93481,220.6705,114.78137,698.5741,248.30196,194.04558,654.01733,298.77499,161.36847,638.27747,318.71176,119.95461,603.73071
2625,21.867,176.61162,212.63818,633.45972,160.22322,167.44707,650.30133,193.2511,148.94899,674.61835,220.2785,115.11565,695.84998,248.34309,194.01071,654.29431,298.77499,161.36847,638.27747,318.54404,120.17191,603.87781
2626,21.875,176.66434,213.15712,633.41998,160.45993,167.31636,650.09161,193.13139,149.44627,674.93481,220.2785,115.11565,695.84998,248.43839,194.44469,653.88318,298.77499,161.36847,638.27747,318.54404,120.17191,603.87781
2627,21.883,176.61162,212.63818,633.45972,160.45993,167.31636,650.09161,192.9996,149.62462,674.7998,220.6705,114.78137,698.5741,248.43839,194.44469,653.88318,298.77499,161.36847,638.27747,318.54404,120.17191,603.87781
2628,21.892,176.52052,212.86934,633.2641,160.22322,167.44707,650.30133,192.77631,149.41171,674.96014,220.6705,114.78137,698.5741,248.43839,194.44469,653.88318,299.10281,162.03751,638.45966,318.71341,120.21239,603.54053
2629,21.9,176.52052,212.86934,633.2641,160.45993,167.31636,650.09161,192.80289,149.74847,675.1767,220.2785,115.11565,695.84998,248.43839,194.44469,653.88318,299.0607,161.979,638.51367,318.54404,120.17191,603.87781
2630,21.908,176.66434,213.15712,633.41998,160.22322,167.44707,650.30133,192.9996,149.62462,674.7998,220.2785,115.11565,695.84998,248.43839,194.44469,653.88318,299.0607,161.979,638.51367,318.71176,119.95461,603.73071
2631,21.917,176.42934,213.1008,633.06866,160.22322,167.44707,650.30133,192.93465,149.57013,675.31165,220.6705,114.78137,698.5741,248.34309,194.01071,654.29431,298.77127,161.42227,638.23657,318.50192,120.44322,603.68475
2632,21.925,177.53151,216.18378,632.76996,160.45993,167.31636,650.09161,192.80289,149.74847,675.1767,220.6705,114.78137,698.5741,248.34309,194.01071,654.29431,298.77499,161.36847,638.27747,318.54404,120.17191,603.87781
2633,21.933,177.62259,215.95287,632.96527,160.45993,167.31636,650.09161,192.80289,149.74847,675.1767,220.2785,115.11565,695.84998,248.43839,194.44469,653.88318,298.69131,161.67456,638.30756,318.62878,120.84702,603.49274
2634,21.942,176.57317,213.3886,633.22455,160.45993,167.31636,650.09161,193.13139,149.44627,674.93481,220.2785,115.11565,695.84998,247.92432,194.47371,653.28271,299.0607,161.979,638.51367,318.54404,120.17191,603.87781
2635,21.95,176.52052,212.86934,633.2641,160.45993,167.31636,650.09161,193.38292,148.7706,674.75336,220.6705,114.78137,698.5741,248.43839,194.44469,653.88318,299.10281,162.03751,638.45966,318.50192,120.44322,603.68475
2636,21.958,176.57317,213.3886,633.22455,160.45993,167.31636,650.09161,192.9996,149.62462,674.7998,220.6705,114.78137,698.5741,247.92432,194.47371,653.28271,299.02286,162.28972,638.53064,318.62878,120.84702,603.49274
2637,21.967,176.66434,213.15712,633.41998,160.70918,167.05771,650.22052,192.9996,149.62462,674.7998,220.2785,115.11565,695.84998,248.43839,194.44469,653.88318,299.0607,161.979,638.51367,318.44928,120.66699,603.85223
2638,21.975,177.53151,216.18378,632.76996,160.45993,167.31636,650.09161,192.9996,149.62462,674.7998,220.2785,115.11565,695.84998,248.00616,194.80605,653.62244,299.02286,162.28972,638.53064,318.62878,120.84702,603.49274
2639,21.983,176.57317,213.3886,633.22455,160.45993,167.31636,650.09161,192.9996,149.62462,674.7998,220.6705,114.78137,698.5741,248.00616,194.80605,653.62244,299.02286,162.28972,638.53064,318.83099,121.02676,603.61475
2640,21.992,176.57317,213.3886,633.22455,160.45993,167.31636,650.09161,192.9996,149.62462,674.7998,220.6705,114.78137,698.5741,248.0878,195.13741,653.96271,299.02286,162.28972,638.53064,318.83099,121.02676,603.61475
2641,22,176.66434,213.15712,633.41998,160.45993,167.31636,650.09161,193.13139,149.44627,674.93481,220.2785,115.11565,695.84998,248.00616,194.80605,653.62244,299.02286,162.28972,638.53064,318.62878,120.84702,603.49274
2642,22.008,176.57317,213.3886,633.22455,160.45993,167.31636,650.09161,193.13139,149.44627,674.93481,220.40732,115.01633,696.49982,248.00616,194.80605,653.62244,299.02286,162.28972,638.53064,318.62878,120.84702,603.49274
2643,22.017,176.57317,213.3886,633.22455,160.45993,167.31636,650.09161,193.2511,148.94899,674.61835,220.6705,114.78137,698.5741,248.00616,194.80605,653.62244,299.02286,162.28972,638.53064,318.83099,121.02676,603.61475
2644,22.025,176.66434,213.15712,633.41998,160.45993,167.31636,650.09161,192.9996,149.62462,674.7998,220.80222,114.89568,698.52075,248.33197,194.5517,653.83197,299.02286,162.28972,638.53064,318.83099,121.02676,603.61475
2645,22.033,176.57317,213.3886,633.22455,160.45993,167.31636,650.09161,192.9996,149.62462,674.7998,220.40732,115.01633,696.49982,248.33197,194.5517,653.83197,299.02286,162.28972,638.53064,318.83099,121.02676,603.61475
2646,22.042,177.69081,216.64844,632.76642,160.45993,167.31636,650.09161,193.42253,149.0224,674.56335,220.78477,114.96442,696.66028,248.30219,194.66789,653.98645,299.02286,162.28972,638.53064,319.40366,119.31632,602.95337
2647,22.05,177.69081,216.64844,632.76642,160.45993,167.31636,650.09161,193.13139,149.44627,674.93481,220.80222,114.89568,698.52075,248.33197,194.5517,653.83197,299.02286,162.28972,638.53064,319.29144,119.78905,603.12177
2648,22.058,177.75777,216.34569,633.02075,160.70918,167.05771,650.22052,193.38292,148.7706,674.75336,220.6705,114.78137,698.5741,248.33197,194.5517,653.83197,299.10281,162.03751,638.45966,319.72217,119.54044,603.52972
2649,22.067,177.75777,216.34569,633.02075,160.45993,167.31636,650.09161,193.38292,148.7706,674.75336,220.2785,115.11565,695.84998,248.33197,194.5517,653.83197,299.02286,162.28972,638.53064,319.72217,119.54044,603.52972
2650,22.075,177.75777,216.34569,633.02075,160.70918,167.05771,650.22052,193.38292,148.7706,674.75336,220.40732,115.01633,696.49982,248.33197,194.5517,653.83197,299.10281,162.03751,638.45966,320.01941,119.24771,604.00183
2651,22.083,177.75777,216.34569,633.02075,160.45993,167.31636,650.09161,193.38292,148.7706,674.75336,220.6705,114.78137,698.5741,248.33197,194.5517,653.83197,299.10281,162.03751,638.45966,318.84027,120.61614,603.34845
2652,22.092,178.03067,215.93053,633.57562,160.70918,167.05771,650.22052,193.38292,148.7706,674.75336,220.40732,115.01633,696.49982,248.33197,194.5517,653.83197,299.02286,162.28972,638.53064,320.26736,119.06236,604.21002
2653,22.1,177.91129,215.58727,633.38934,160.70918,167.05771,650.22052,193.38292,148.7706,674.75336,220.2785,115.11565,695.84998,248.20439,194.13922,654.21954,298.77127,161.42227,638.23657,318.88181,120.51637,603.3363
2654,22.108,177.91129,215.58727,633.38934,160.45993,167.31636,650.09161,193.38292,148.7706,674.75336,221.76746,116.06962,695.86798,248.20439,194.13922,654.21954,298.77127,161.42227,638.23657,318.88181,120.51637,603.3363
2655,22.117,176.61162,212.63818,633.45972,160.70918,167.05771,650.22052,193.38292,148.7706,674.75336,220.2785,115.11565,695.84998,248.47984,194.44768,653.72424,299.10281,162.03751,638.45966,318.73157,120.14906,603.52179
2656,22.125,176.80957,212.50273,633.6886,160.45993,167.31636,650.09161,193.38292,148.7706,674.75336,220.55197,114.23966,696.77832,248.33197,194.5517,653.83197,299.10281,162.03751,638.45966,318.73157,120.14906,603.52179
2657,22.133,176.80957,212.50273,633.6886,160.70918,167.05771,650.22052,193.38292,148.7706,674.75336,220.37529,113.75191,698.32776,248.3506,193.87277,653.92834,299.0607,161.979,638.51367,318.70285,119.92014,603.69745
2658,22.142,177.81557,215.43629,633.36621,160.45993,167.31636,650.09161,193.38292,148.7706,674.75336,220.39374,114.25602,698.48932,248.21785,193.39185,654.34656,298.77499,161.36847,638.27747,318.70285,119.92014,603.69745
2659,22.15,177.56966,215.43439,633.00488,160.45993,167.31636,650.09161,193.38292,148.7706,674.75336,220.25653,114.80319,696.07764,248.42532,193.6664,654.27832,298.77499,161.36847,638.27747,318.70285,119.92014,603.69745
2660,22.158,177.7674,215.29941,633.23352,160.70918,167.05771,650.22052,193.38292,148.7706,674.75336,220.25653,114.80319,696.07764,248.59421,192.7271,654.29474,298.77499,161.36847,638.27747,318.70285,119.92014,603.69745
2661,22.167,177.7674,215.29941,633.23352,160.70918,167.05771,650.22052,193.38292,148.7706,674.75336,220.50635,114.2662,698.60303,248.21785,193.39185,654.34656,298.77499,161.36847,638.27747,318.70285,119.92014,603.69745
2662,22.175,177.7674,215.29941,633.23352,160.70918,167.05771,650.22052,193.16975,148.60121,674.88092,220.34929,114.66176,696.67969,248.34407,193.05409,654.27881,298.77499,161.36847,638.27747,318.70285,119.92014,603.69745
2663,22.183,176.80957,212.50273,633.6886,160.45993,167.31636,650.09161,193.16975,148.60121,674.88092,220.25653,114.80319,696.07764,248.39986,192.8468,654.36591,298.78278,161.24501,638.33771,318.70285,119.92014,603.69745
2664,22.192,176.61162,212.63818,633.45972,160.45993,167.31636,650.09161,193.16975,148.60121,674.88092,220.25653,114.80319,696.07764,248.44263,192.8457,654.41034,298.78278,161.24501,638.33771,318.75751,120.52538,603.41888
2665,22.2,176.80957,212.50273,633.6886,160.58493,167.25047,649.89862,193.16975,148.60121,674.88092,220.25653,114.80319,696.07764,248.44263,192.8457,654.41034,298.78278,161.24501,638.33771,318.90945,120.57191,603.55151
2666,22.208,177.56966,215.43439,633.00488,160.45993,167.31636,650.09161,193.16975,148.60121,674.88092,220.25653,114.80319,696.07764,248.25471,192.80447,654.23871,298.78278,161.24501,638.33771,318.75751,120.52538,603.41888
2667,22.217,177.73309,215.17383,633.33704,160.45993,167.31636,650.09161,193.16975,148.60121,674.88092,220.25653,114.80319,696.07764,248.25471,192.80447,654.23871,298.78278,161.24501,638.33771,318.75751,120.52538,603.41888
2668,22.225,177.53534,215.30885,633.1084,160.23775,167.26775,650.11475,193.16975,148.60121,674.88092,220.25653,114.80319,696.07764,248.39986,192.8468,654.36591,298.78278,161.24501,638.33771,318.90945,120.57191,603.55151
2669,22.233,177.53534,215.30885,633.1084,160.45993,167.31636,650.09161,193.16975,148.60121,674.88092,220.25653,114.80319,696.07764,248.44263,192.8457,654.41034,298.78278,161.24501,638.33771,318.90945,120.57191,603.55151
2670,22.242,177.52858,215.14516,633.12335,160.70918,167.05771,650.22052,193.16975,148.60121,674.88092,220.25653,114.80319,696.07764,248.44263,192.8457,654.41034,298.78278,161.24501,638.33771,318.90945,120.57191,603.55151
2671,22.25,177.73309,215.17383,633.33704,160.45993,167.31636,650.09161,193.16975,148.60121,674.88092,220.57027,114.51984,696.8761,248.44263,192.8457,654.41034,298.78278,161.24501,638.33771,318.75751,120.52538,603.41888
2672,22.258,177.73309,215.17383,633.33704,160.70918,167.05771,650.22052,193.16975,148.60121,674.88092,220.34929,114.66176,696.67969,248.44263,192.8457,654.41034,298.78278,161.24501,638.33771,318.90945,120.57191,603.55151
2673,22.267,177.73309,215.17383,633.33704,160.45993,167.31636,650.09161,193.16975,148.60121,674.88092,221.70671,115.81259,696.02264,248.61699,192.77214,654.43048,298.77499,161.36847,638.27747,318.70285,119.92014,603.69745
2674,22.275,177.7674,215.29941,633.23352,160.45993,167.31636,650.09161,193.38292,148.7706,674.75336,220.25653,114.80319,696.07764,248.44263,192.8457,654.41034,298.78278,161.24501,638.33771,318.90945,120.57191,603.55151
2675,22.283,177.73309,215.17383,633.33704,160.70918,167.05771,650.22052,193.38292,148.7706,674.75336,220.25653,114.80319,696.07764,248.44263,192.8457,654.41034,298.78278,161.24501,638.33771,318.90945,120.57191,603.55151
2676,22.292,177.7674,215.29941,633.23352,160.70918,167.05771,650.22052,193.38292,148.7706,674.75336,220.25653,114.80319,696.07764,248.44263,192.8457,654.41034,298.77499,161.36847,638.27747,318.70285,119.92014,603.69745
2677,22.3,177.7674,215.29941,633.23352,160.45993,167.31636,650.09161,193.18352,148.95824,674.70941,220.34929,114.66176,696.67969,248.55899,192.8544,654.56641,298.77499,161.36847,638.27747,318.70285,119.92014,603.69745
2678,22.308,177.7674,215.29941,633.23352,160.70918,167.05771,650.22052,193.38292,148.7706,674.75336,220.80966,116.16118,696.87451,248.31639,193.18347,654.47815,299.0607,161.979,638.51367,318.70285,119.92014,603.69745
2679,22.317,177.7674,215.29941,633.23352,160.70918,167.05771,650.22052,193.38292,148.7706,674.75336,220.57027,114.51984,696.8761,248.49474,193.76198,654.35675,299.12814,162.12552,638.49664,318.70285,119.92014,603.69745
2680,22.325,177.7674,215.29941,633.23352,160.70918,167.05771,650.22052,193.38292,148.7706,674.75336,220.25653,114.80319,696.07764,248.42065,193.3849,654.52441,299.23737,162.13788,638.66461,318.91632,120.36505,603.64508
2681,22.333,177.7674,215.29941,633.23352,160.70918,167.05771,650.22052,193.38292,148.7706,674.75336,220.25653,114.80319,696.07764,248.44263,192.8457,654.41034,298.77127,161.42227,638.23657,318.91632,120.36505,603.64508
2682,22.342,177.7674,215.29941,633.23352,160.70918,167.05771,650.22052,193.38292,148.7706,674.75336,221.03073,116.01117,697.06458,248.44263,192.8457,654.41034,298.77127,161.42227,638.23657,318.91632,120.36505,603.64508
2683,22.35,177.7674,215.29941,633.23352,160.8342,166.99176,650.02753,193.38292,148.7706,674.75336,220.34929,114.66176,696.67969,248.44263,192.8457,654.41034,298.77499,161.36847,638.27747,318.99478,120.44873,603.68115
2684,22.358,177.7674,215.29941,633.23352,160.8342,166.99176,650.02753,193.38292,148.7706,674.75336,221.29424,114.33555,695.73798,248.42532,193.6664,654.27832,299.0607,161.979,638.51367,318.99478,120.44873,603.68115
2685,22.367,177.7674,215.29941,633.23352,160.70918,167.05771,650.22052,193.38292,148.7706,674.75336,220.80966,116.16118,696.87451,248.42065,193.3849,654.52441,299.17099,162.17854,638.4411,319.06653,120.73244,603.45953
2686,22.375,177.7674,215.29941,633.23352,160.70918,167.05771,650.22052,193.38292,148.7706,674.75336,220.50635,114.2662,698.60303,248.44263,192.8457,654.41034,299.0607,161.979,638.51367,318.83667,120.22841,603.55823
2687,22.383,177.7674,215.29941,633.23352,160.70918,167.05771,650.22052,193.38292,148.7706,674.75336,220.50635,114.2662,698.60303,248.44263,192.8457,654.41034,299.10281,162.03751,638.45966,319.06653,120.73244,603.45953
2688,22.392,177.7674,215.29941,633.23352,160.70918,167.05771,650.22052,193.38292,148.7706,674.75336,220.25653,114.80319,696.07764,248.44263,192.8457,654.41034,298.77127,161.42227,638.23657,319.06653,120.73244,603.45953
2689,22.4,177.7674,215.29941,633.23352,160.70918,167.05771,650.22052,193.38292,148.7706,674.75336,221.29424,114.33555,695.73798,248.56213,193.07631,654.46411,299.17099,162.17854,638.4411,319.06653,120.73244,603.45953
2690,22.408,177.7674,215.29941,633.23352,160.8342,166.99176,650.02753,193.18352,148.95824,674.70941,220.31731,114.73876,696.29492,248.42532,193.10805,654.42047,298.77127,161.42227,638.23657,319.06653,120.73244,603.45953
2691,22.417,177.7674,215.29941,633.23352,160.8342,166.99176,650.02753,193.38292,148.7706,674.75336,220.25653,114.80319,696.07764,248.44263,192.8457,654.41034,298.77127,161.42227,638.23657,319.06653,120.73244,603.45953
2692,22.425,177.7674,215.29941,633.23352,160.8342,166.99176,650.02753,193.38292,148.7706,674.75336,220.34929,114.66176,696.67969,248.34407,193.05409,654.27881,299.10281,162.03751,638.45966,319.06653,120.73244,603.45953
2693,22.433,177.7674,215.29941,633.23352,160.8342,166.99176,650.02753,193.38292,148.7706,674.75336,220.34929,114.66176,696.67969,248.32639,193.84604,654.15436,299.10281,162.03751,638.45966,319.06653,120.73244,603.45953
2694,22.442,177.7674,215.29941,633.23352,160.8342,166.99176,650.02753,193.38292,148.7706,674.75336,220.57027,114.51984,696.8761,248.42532,193.6664,654.27832,299.02286,162.28972,638.53064,319.06653,120.73244,603.45953
2695,22.45,177.7674,215.29941,633.23352,160.8342,166.99176,650.02753,193.38292,148.7706,674.75336,220.31731,114.73876,696.29492,248.44263,192.8457,654.41034,299.10281,162.03751,638.45966,319.06653,120.73244,603.45953
2696,22.458,177.73309,215.17383,633.33704,160.8342,166.99176,650.02753,193.38292,148.7706,674.75336,220.25653,114.80319,696.07764,248.44263,192.8457,654.41034,298.77127,161.42227,638.23657,319.06653,120.73244,603.45953
2697,22.467,177.73309,215.17383,633.33704,160.8342,166.99176,650.02753,193.38292,148.7706,674.75336,220.20367,114.48412,695.93518,248.44263,192.8457,654.41034,298.79022,161.26215,638.32092,319.23889,121.27573,603.30481
2698,22.475,177.73309,215.17383,633.33704,160.70918,167.05771,650.22052,193.38292,148.7706,674.75336,220.51733,114.20069,696.73358,248.44263,192.8457,654.41034,298.77499,161.36847,638.27747,318.99478,120.44873,603.68115
2699,22.483,177.73309,215.17383,633.33704,160.70918,167.05771,650.22052,193.38292,148.7706,674.75336,220.51733,114.20069,696.73358,248.44263,192.8457,654.41034,299.01175,161.76573,638.55859,319.1904,121.10574,603.45337
2700,22.492,177.73309,215.17383,633.33704,160.70918,167.05771,650.22052,193.38292,148.7706,674.75336,220.2964,114.34259,696.53717,248.44263,192.8457,654.41034,299.01175,161.76573,638.55859,319.15839,121.00051,603.54584
2701,22.5,177.7674,215.29941,633.23352,160.70918,167.05771,650.22052,193.38292,148.7706,674.75336,220.20367,114.48412,695.93518,248.37088,192.6879,654.42529,299.04404,162.04657,638.29779,319.06653,120.73244,603.45953
2702,22.508,177.7674,215.29941,633.23352,160.70918,167.05771,650.22052,193.38292,148.7706,674.75336,220.2964,114.34259,696.53717,248.39986,192.8468,654.36591,298.79022,161.26215,638.32092,319.23889,121.27573,603.30481
2703,22.517,177.73309,215.17383,633.33704,160.8342,166.99176,650.02753,193.38292,148.7706,674.75336,220.26443,114.41966,696.15247,248.44263,192.8457,654.41034,298.79022,161.26215,638.32092,319.23889,121.27573,603.30481
2704,22.525,177.73309,215.17383,633.33704,160.70918,167.05771,650.22052,193.38292,148.7706,674.75336,220.51733,114.20069,696.73358,248.44263,192.8457,654.41034,298.77127,161.42227,638.23657,319.06653,120.73244,603.45953
2705,22.533,177.73309,215.17383,633.33704,160.8342,166.99176,650.02753,193.38292,148.7706,674.75336,220.53282,114.26196,696.30182,248.44263,192.8457,654.41034,298.79022,161.26215,638.32092,319.23889,121.27573,603.30481
2706,22.542,177.73309,215.17383,633.33704,160.8342,166.99176,650.02753,193.38292,148.7706,674.75336,220.73311,115.98692,696.38391,248.42532,193.6664,654.27832,299.0607,161.979,638.51367,318.99478,120.44873,603.68115
2707,22.55,177.73309,215.17383,633.33704,160.8342,166.99176,650.02753,193.38292,148.7706,674.75336,220.2964,114.34259,696.53717,248.42532,193.6664,654.27832,299.0607,161.979,638.51367,319.02991,120.58431,603.57513
2708,22.558,177.73309,215.17383,633.33704,160.8342,166.99176,650.02753,193.38292,148.7706,674.75336,220.2964,114.34259,696.53717,248.44263,192.8457,654.41034,299.05307,161.78044,638.53284,319.23889,121.27573,603.30481
2709,22.567,177.73309,215.17383,633.33704,160.70918,167.05771,650.22052,193.38292,148.7706,674.75336,220.80966,116.16118,696.87451,248.44263,192.8457,654.41034,299.01175,161.76573,638.55859,319.1904,121.10574,603.45337
2710,22.575,177.61568,215.11171,633.42725,160.8342,166.99176,650.02753,193.38292,148.7706,674.75336,220.20367,114.48412,695.93518,248.39986,192.8468,654.36591,298.79022,161.26215,638.32092,319.23889,121.27573,603.30481
2711,22.583,177.73309,215.17383,633.33704,160.8342,166.99176,650.02753,193.38292,148.7706,674.75336,220.31731,114.73876,696.29492,248.44263,192.8457,654.41034,298.78278,161.24501,638.33771,319.15839,121.00051,603.54584
2712,22.592,177.73309,215.17383,633.33704,160.70918,167.05771,650.22052,193.38292,148.7706,674.75336,220.2964,114.34259,696.53717,248.44263,192.8457,654.41034,298.77499,161.36847,638.27747,319.02991,120.58431,603.57513
2713,22.6,177.73309,215.17383,633.33704,160.70918,167.05771,650.22052,193.38292,148.7706,674.75336,220.20367,114.48412,695.93518,248.37088,192.6879,654.42529,298.74463,161.54236,638.297,319.1904,121.10574,603.45337
2714,22.608,177.73309,215.17383,633.33704,160.45993,167.31636,650.09161,193.38292,148.7706,674.75336,220.2964,114.34259,696.53717,248.44263,192.8457,654.41034,299.02286,162.28972,638.53064,318.88181,120.51637,603.3363
2715,22.617,177.73309,215.17383,633.33704,160.70918,167.05771,650.22052,193.38292,148.7706,674.75336,220.45335,113.9467,698.46039,248.25471,192.80447,654.23871,299.01175,161.76573,638.55859,319.00647,120.95399,603.41327
2716,22.625,177.53534,215.30885,633.1084,160.45993,167.31636,650.09161,193.38292,148.7706,674.75336,220.2964,114.34259,696.53717,248.44263,192.8457,654.41034,298.78278,161.24501,638.33771,318.82529,120.89665,603.20587
2717,22.633,177.41792,215.24675,633.19861,160.58493,167.25047,649.89862,193.38292,148.7706,674.75336,220.20367,114.48412,695.93518,248.25471,192.80447,654.23871,298.71658,161.45537,638.42108,318.97534,120.7681,603.44263
2718,22.642,177.61568,215.11171,633.42725,160.58493,167.25047,649.89862,193.38292,148.7706,674.75336,220.20367,114.48412,695.93518,248.44263,192.8457,654.41034,298.78278,161.24501,638.33771,319.10846,121.12891,603.45258
2719,22.65,177.61568,215.11171,633.42725,160.58493,167.25047,649.89862,193.38292,148.7706,674.75336,220.20367,114.48412,695.93518,248.37088,192.6879,654.42529,298.8204,161.34798,638.22498,319.02719,120.8148,603.43176
2720,22.658,177.41792,215.24675,633.19861,160.58493,167.25047,649.89862,193.38292,148.7706,674.75336,220.20367,114.48412,695.93518,248.44263,192.8457,654.41034,298.78278,161.24501,638.33771,319.00742,121.07191,603.22736
2721,22.667,177.41792,215.24675,633.19861,160.58493,167.25047,649.89862,193.38292,148.7706,674.75336,220.20367,114.48412,695.93518,248.44263,192.8457,654.41034,299.00293,162.2112,638.59558,318.97534,120.7681,603.44263
2722,22.675,177.41792,215.24675,633.19861,160.58493,167.25047,649.89862,193.02773,148.7361,674.77875,220.00868,114.52927,695.83661,248.37088,192.6879,654.42529,298.92596,161.9774,638.48633,319.10846,121.12891,603.45258
2723,22.683,177.41792,215.24675,633.19861,160.58493,167.25047,649.89862,193.38292,148.7706,674.75336,220.20367,114.48412,695.93518,248.44263,192.8457,654.41034,299.0607,161.979,638.51367,318.97534,120.7681,603.44263
2724,22.692,177.56966,215.43439,633.00488,160.58493,167.25047,649.89862,193.38292,148.7706,674.75336,220.20367,114.48412,695.93518,248.44263,192.8457,654.41034,298.77499,161.36847,638.27747,318.97534,120.7681,603.44263
2725,22.7,177.45866,215.36729,633.09607,160.58493,167.25047,649.89862,193.38292,148.7706,674.75336,220.20367,114.48412,695.93518,248.31639,193.18347,654.47815,298.77499,161.36847,638.27747,318.99478,120.44873,603.68115
2726,22.708,177.65642,215.2323,633.32471,160.45993,167.31636,650.09161,193.2511,148.94899,674.61835,220.2964,114.34259,696.53717,248.37088,192.6879,654.42529,298.90836,161.63316,638.29645,318.88379,120.69952,603.68311
2727,22.717,177.41792,215.24675,633.19861,160.58493,167.25047,649.89862,193.2511,148.94899,674.61835,220.2583,113.9919,698.36176,248.18404,193.52473,654.50922,298.77499,161.36847,638.27747,319.02991,120.58431,603.57513
2728,22.725,177.41792,215.24675,633.19861,160.58493,167.25047,649.89862,193.38292,148.7706,674.75336,220.45335,113.9467,698.46039,248.22394,192.99919,654.45428,299.12814,162.12552,638.49664,318.97534,120.7681,603.44263
2729,22.733,177.41792,215.24675,633.19861,160.58493,167.25047,649.89862,193.2511,148.94899,674.61835,220.00868,114.52927,695.83661,248.37088,192.6879,654.42529,299.05679,162.33565,638.56653,319.10342,120.99006,603.34882
2730,22.742,177.41792,215.24675,633.19861,160.21788,167.47752,649.59406,193.2511,148.94899,674.61835,220.20367,114.48412,695.93518,248.12523,193.1846,654.37463,299.05679,162.33565,638.56653,319.10342,120.99006,603.34882
2731,22.75,177.45866,215.36729,633.09607,160.58493,167.25047,649.89862,193.2511,148.94899,674.61835,220.2583,113.9919,698.36176,248.22394,192.99919,654.45428,298.83701,161.84335,638.36633,318.97534,120.7681,603.44263
2732,22.758,177.41792,215.24675,633.19861,160.21788,167.47752,649.59406,193.2511,148.94899,674.61835,220.20367,114.48412,695.93518,248.08246,193.30771,654.51459,298.66702,162.0509,638.49249,318.95728,121.10527,603.45679
2733,22.767,177.23434,214.72131,633.21295,160.21788,167.47752,649.59406,193.2511,148.94899,674.61835,220.10138,114.38775,696.43866,248.08246,193.30771,654.51459,298.88678,162.54317,638.69269,318.69022,121.02811,603.45685
2734,22.775,177.23434,214.72131,633.21295,160.21788,167.47752,649.59406,193.16975,148.60121,674.88092,220.31131,114.31141,698.50446,248.08246,193.30771,654.51459,298.88678,162.54317,638.69269,318.95728,121.10527,603.45679
2735,22.783,177.23434,214.72131,633.21295,160.58493,167.25047,649.89862,193.2511,148.94899,674.61835,220.50635,114.2662,698.60303,248.12523,193.1846,654.37463,298.88678,162.54317,638.69269,318.95728,121.10527,603.45679
2736,22.792,177.23434,214.72131,633.21295,160.21788,167.47752,649.59406,193.02773,148.7361,674.77875,220.06157,114.84835,695.97913,248.12523,193.1846,654.37463,298.88678,162.54317,638.69269,318.82922,120.88331,603.55066
2737,22.8,177.23434,214.72131,633.21295,160.21788,167.47752,649.59406,193.02773,148.7361,674.77875,220.06157,114.84835,695.97913,247.86166,193.43442,654.61926,298.8707,162.32996,638.9173,318.82516,121.63146,603.15875
2738,22.808,177.23434,214.72131,633.21295,159.99568,167.42882,649.61719,193.02773,148.7361,674.77875,220.31131,114.31141,698.50446,247.86166,193.43442,654.61926,298.84039,162.31679,638.73773,318.95526,121.50311,603.23419
2739,22.817,177.23434,214.72131,633.21295,159.99568,167.42882,649.61719,193.02773,148.7361,674.77875,220.31131,114.31141,698.50446,247.95653,193.6299,654.6319,298.83939,162.42152,638.74353,318.69022,121.02811,603.45685
2740,22.825,177.23434,214.72131,633.21295,159.75896,167.55956,649.8269,193.02773,148.7361,674.77875,220.06157,114.84835,695.97913,247.90443,193.31133,654.47931,298.66702,162.0509,638.49249,318.69022,121.02811,603.45685
2741,22.833,177.23434,214.72131,633.21295,159.99568,167.42882,649.61719,193.02773,148.7361,674.77875,220.06157,114.84835,695.97913,247.86166,193.43442,654.61926,298.65906,161.88176,638.5484,318.82516,121.63146,603.15875
2742,22.842,177.23434,214.72131,633.21295,159.75896,167.55956,649.8269,192.77631,149.41171,674.96014,220.31131,114.31141,698.50446,247.86166,193.43442,654.61926,298.8707,162.32996,638.9173,318.82516,121.63146,603.15875
2743,22.85,177.23434,214.72131,633.21295,159.99568,167.42882,649.61719,192.77631,149.41171,674.96014,220.41951,114.84921,698.42682,247.71045,193.54588,654.57959,298.88678,162.54317,638.69269,318.67218,121.36515,603.47113
2744,22.858,177.23434,214.72131,633.21295,159.57243,167.66202,650.00598,192.77631,149.41171,674.96014,220.06157,114.84835,695.97913,247.71045,193.54588,654.57959,298.88678,162.54317,638.69269,318.81308,121.78824,603.50372
2745,22.867,177.23434,214.72131,633.21295,159.75896,167.55956,649.8269,192.77631,149.41171,674.96014,220.06157,114.84835,695.97913,247.71045,193.54588,654.57959,298.93286,162.54274,638.8905,318.81308,121.78824,603.50372
2746,22.875,177.23434,214.72131,633.21295,159.75896,167.55956,649.8269,192.37296,149.52766,674.73016,220.16978,115.3867,695.90094,247.71045,193.54588,654.57959,298.88678,162.54317,638.69269,318.64886,121.91956,603.42303
2747,22.883,177.23434,214.72131,633.21295,159.75896,167.55956,649.8269,192.16476,149.46774,674.36688,220.16978,115.3867,695.90094,247.71045,193.54588,654.57959,298.88678,162.54317,638.69269,318.81308,121.78824,603.50372
2748,22.892,177.23434,214.72131,633.21295,159.75896,167.55956,649.8269,191.7029,149.71033,675.06104,220.16978,115.3867,695.90094,247.71045,193.54588,654.57959,298.88678,162.54317,638.69269,318.81308,121.78824,603.50372
2749,22.9,177.23434,214.72131,633.21295,159.75896,167.55956,649.8269,191.7029,149.71033,675.06104,220.16978,115.3867,695.90094,247.78174,194.09909,654.52985,298.88678,162.54317,638.69269,318.81308,121.78824,603.50372
2750,22.908,177.16652,215.14095,632.96497,159.75896,167.55956,649.8269,192.39954,149.86443,674.94666,220.16978,115.3867,695.90094,247.78174,194.09909,654.52985,298.93286,162.54274,638.8905,318.64886,121.91956,603.42303
2751,22.917,176.68675,215.71072,632.58313,159.75896,167.55956,649.8269,191.60904,149.3358,674.75446,219.88142,115.46233,695.99036,247.87903,194.0311,654.60291,298.88678,162.54317,638.69269,318.81308,121.78824,603.50372
2752,22.925,176.68675,215.71072,632.58313,159.75896,167.55956,649.8269,191.7029,149.71033,675.06104,220.30901,116.90378,696.2113,247.78174,194.09909,654.52985,298.63727,162.6998,638.79388,318.58011,122.10809,603.58978
2753,22.933,177.03227,215.4574,632.58929,159.75896,167.55956,649.8269,192.58188,149.26054,675.19043,220.16978,115.3867,695.90094,247.87903,194.0311,654.60291,298.81879,162.96518,638.91217,318.87122,123.03533,603.41736
2754,22.942,176.68675,215.71072,632.58313,159.75896,167.55956,649.8269,192.02956,149.39398,675.12732,219.88142,115.46233,695.99036,247.87903,194.0311,654.60291,298.81879,162.96518,638.91217,318.87122,123.03533,603.41736
2755,22.95,176.64598,215.59023,632.68567,159.75896,167.55956,649.8269,191.36075,149.68709,674.76392,219.88142,115.46233,695.99036,247.78174,194.09909,654.52985,298.81879,162.96518,638.91217,318.78018,122.99115,603.69299
2756,22.958,176.68675,215.71072,632.58313,159.60909,167.87479,650.08459,191.60904,149.3358,674.75446,219.88142,115.46233,695.99036,247.94438,194.43622,654.23108,298.7836,163.22636,638.89221,319.03537,122.90402,603.49805
2757,22.967,177.04262,214.77687,632.72437,159.75896,167.55956,649.8269,191.83807,149.53535,674.59088,219.88142,115.46233,695.99036,248.06807,194.64067,654.61395,298.7836,163.22636,638.89221,318.78018,122.99115,603.69299
2758,22.975,176.79193,214.46216,632.61145,159.75896,167.55956,649.8269,192.02956,149.39398,675.12732,219.88142,115.46233,695.99036,248.06807,194.64067,654.61395,298.82968,163.22595,639.09003,318.78018,122.99115,603.69299
2759,22.983,176.68675,215.71072,632.58313,159.60909,167.87479,650.08459,192.25853,149.59349,674.96368,219.88142,115.46233,695.99036,248.19852,194.8333,654.7406,298.82968,163.22595,639.09003,318.93835,123.21152,603.81604
2760,22.992,176.93108,216.08212,632.69904,159.60909,167.87479,650.08459,191.98734,150.18474,674.70398,219.88142,115.46233,695.99036,247.97212,194.84248,654.2066,298.65799,163.50629,638.8219,318.78018,122.99115,603.69299
2761,23,177.0751,216.37004,632.85492,159.60909,167.87479,650.08459,191.98734,150.18474,674.70398,219.88142,115.46233,695.99036,247.87535,194.46448,654.5589,298.46567,163.74821,638.92896,318.93835,123.21152,603.81604
2762,23.008,176.93108,216.08212,632.69904,159.60909,167.87479,650.08459,192.29453,149.86923,674.75647,220.04376,115.80992,696.08337,248.14331,195.05476,654.65771,298.20364,163.8916,639.00397,318.93835,123.21152,603.81604
2763,23.017,176.93108,216.08212,632.69904,159.60909,167.87479,650.08459,192.29453,149.86923,674.75647,219.88142,115.46233,695.99036,248.14331,195.05476,654.65771,298.4353,164.05623,639.32977,318.93835,123.21152,603.81604
2764,23.025,177.0751,216.37004,632.85492,159.60909,167.87479,650.08459,191.8741,149.81096,674.38361,219.95197,115.88761,696.18048,248.14331,195.05476,654.65771,298.17563,164.13538,639.1673,318.72516,123.73205,603.81696
2765,23.033,176.93108,216.08212,632.69904,159.60909,167.87479,650.08459,192.29453,149.86923,674.75647,220.04376,115.80992,696.08337,248.01962,194.85036,654.2749,298.20364,163.8916,639.00397,318.71045,123.28121,603.94275
2766,23.042,177.0751,216.37004,632.85492,159.60909,167.87479,650.08459,191.70328,150.15692,674.72424,219.86017,115.96516,696.27759,248.08473,195.0148,654.5495,298.02902,164.01053,639.17554,318.71045,123.28121,603.94275
2767,23.05,176.9579,216.54601,632.7738,159.60909,167.87479,650.08459,191.36075,149.68709,674.76392,219.86017,115.96516,696.27759,248.08473,195.0148,654.5495,298.22171,164.13499,639.36517,318.71045,123.28121,603.94275
2768,23.058,176.71356,216.17462,632.6579,159.60909,167.87479,650.08459,191.66652,149.60266,674.55194,219.67163,115.63972,696.21234,248.27374,195.24747,654.78436,298.24973,163.89117,639.20184,318.71045,123.28121,603.94275
2769,23.067,176.56952,215.88672,632.50189,159.60909,167.87479,650.08459,191.55089,149.82195,674.39655,219.67163,115.63972,696.21234,248.01962,194.85036,654.2749,297.95493,164.25471,639.14099,318.71045,123.28121,603.94275
2770,23.075,176.81384,216.2581,632.61786,159.60909,167.87479,650.08459,191.48695,149.60883,674.55914,219.67163,115.63972,696.21234,248.01962,194.85036,654.2749,298.00101,164.25433,639.33887,318.71045,123.28121,603.94275
2771,23.083,176.56952,215.88672,632.50189,159.60909,167.87479,650.08459,191.36075,149.68709,674.76392,219.67163,115.63972,696.21234,248.08473,195.0148,654.5495,298.00101,164.25433,639.33887,318.71045,123.28121,603.94275
2772,23.092,176.56952,215.88672,632.50189,159.60909,167.87479,650.08459,191.55089,149.82195,674.39655,219.67163,115.63972,696.21234,247.75447,195.35109,654.5766,298.00101,164.25433,639.33887,318.71045,123.28121,603.94275
2773,23.1,176.56952,215.88672,632.50189,159.42256,167.97717,650.26361,191.36116,150.13348,674.42712,219.67163,115.63972,696.21234,247.87361,194.66026,654.54657,297.95493,164.25471,639.14099,318.55225,123.06084,603.8197
2774,23.108,176.56952,215.88672,632.50189,159.60909,167.87479,650.08459,191.48695,149.60883,674.55914,219.67163,115.63972,696.21234,247.49767,195.17973,654.21722,298.00101,164.25433,639.33887,318.55225,123.06084,603.8197
2775,23.117,176.56952,215.88672,632.50189,159.60909,167.87479,650.08459,191.55089,149.82195,674.39655,219.67163,115.63972,696.21234,247.43224,194.77475,654.58893,298.00101,164.25433,639.33887,318.55225,123.06084,603.8197
2776,23.125,176.6763,214.61221,632.53229,159.60909,167.87479,650.08459,191.19418,150.40399,674.77612,219.67163,115.63972,696.21234,247.33882,194.32207,654.49091,298.02902,164.01053,639.17554,318.55225,123.06084,603.8197
2777,23.133,176.56952,215.88672,632.50189,159.60909,167.87479,650.08459,191.28206,149.92725,674.5824,219.53477,115.61889,696.21887,247.33882,194.32207,654.49091,298.00101,164.25433,639.33887,318.55225,123.06084,603.8197
2778,23.142,176.56952,215.88672,632.50189,159.60909,167.87479,650.08459,191.36116,150.13348,674.42712,219.45079,117.50889,696.55432,247.52933,195.0654,654.16779,298.00101,164.25433,639.33887,318.55225,123.06084,603.8197
2779,23.15,176.56952,215.88672,632.50189,159.60909,167.87479,650.08459,191.48695,149.60883,674.55914,219.5791,117.5107,696.55121,247.42232,194.76559,654.1734,297.90094,164.20009,639.41339,318.55225,123.06084,603.8197
2780,23.158,176.56952,215.88672,632.50189,159.60909,167.87479,650.08459,191.19418,150.40399,674.77612,218.96048,115.88774,696.32758,247.52933,195.0654,654.16779,297.79346,163.6904,639.32959,318.54642,122.87098,603.9632
2781,23.167,176.56952,215.88672,632.50189,159.60909,167.87479,650.08459,191.19418,150.40399,674.77612,218.96048,115.88774,696.32758,247.64195,195.23772,654.51056,297.71396,164.44679,639.17566,318.54642,122.87098,603.9632
2782,23.175,176.6763,214.61221,632.53229,159.60909,167.87479,650.08459,191.48695,149.60883,674.55914,218.96048,115.88774,696.32758,247.3569,194.3606,654.54517,297.61389,164.39255,639.25012,318.54642,122.87098,603.9632
2783,23.183,176.56952,215.88672,632.50189,159.60909,167.87479,650.08459,191.19418,150.40399,674.77612,218.96048,115.88774,696.32758,247.33882,194.32207,654.49091,297.90094,164.20009,639.41339,318.54642,122.87098,603.9632
2784,23.192,176.44855,215.54082,632.26373,159.60909,167.87479,650.08459,191.19418,150.40399,674.77612,219.53477,115.61889,696.21887,247.45633,194.31129,654.46478,298.00101,164.25433,639.33887,318.55225,123.06084,603.8197
2785,23.2,176.6763,214.61221,632.53229,159.60909,167.87479,650.08459,191.28206,149.92725,674.5824,219.53477,115.61889,696.21887,247.43562,194.7,654.13867,297.86557,163.98842,639.4184,318.55225,123.06084,603.8197
2786,23.208,176.6763,214.61221,632.53229,159.60909,167.87479,650.08459,191.55089,149.82195,674.39655,219.53477,115.61889,696.21887,247.54602,194.97005,654.55621,297.71396,164.44679,639.17566,318.55225,123.06084,603.8197
2787,23.217,176.56952,215.88672,632.50189,159.60909,167.87479,650.08459,191.36116,150.13348,674.42712,218.96048,115.88774,696.32758,247.76097,194.48793,654.20374,297.89355,163.74466,639.25507,318.306,122.59901,603.77448
2788,23.225,176.56952,215.88672,632.50189,159.60909,167.87479,650.08459,191.19418,150.40399,674.77612,218.96048,115.88774,696.32758,247.43562,194.7,654.13867,297.50635,163.88286,639.16632,318.55225,123.06084,603.8197
2789,23.233,176.56952,215.88672,632.50189,159.60909,167.87479,650.08459,191.36116,150.13348,674.42712,219.53477,115.61889,696.21887,247.45633,194.31129,654.46478,298.26062,163.55661,639.23364,318.54642,122.87098,603.9632
2790,23.242,176.56952,215.88672,632.50189,159.60909,167.87479,650.08459,191.36116,150.13348,674.42712,219.09729,115.90855,696.32104,247.33882,194.32207,654.49091,298.26062,163.55661,639.23364,318.54642,122.87098,603.9632
2791,23.25,176.69286,215.91235,632.3797,159.60909,167.87479,650.08459,191.36075,149.68709,674.76392,219.67163,115.63972,696.21234,247.78174,194.09909,654.52985,298.34592,163.17137,639.33942,318.30017,122.40914,603.91797
2792,23.258,176.56952,215.88672,632.50189,159.60909,167.87479,650.08459,191.36075,149.68709,674.76392,219.09729,115.90855,696.32104,247.87849,194.4771,654.17755,298.3692,163.40024,639.32434,318.30017,122.40914,603.91797
2793,23.267,176.68675,215.71072,632.58313,159.60909,167.87479,650.08459,191.28206,149.92725,674.5824,219.67163,115.63972,696.21234,247.87849,194.4771,654.17755,298.48135,163.43723,639.25989,318.30017,122.40914,603.91797
2794,23.275,176.93108,216.08212,632.69904,159.60909,167.87479,650.08459,191.36075,149.68709,674.76392,219.67163,115.63972,696.21234,247.87849,194.4771,654.17755,298.34592,163.17137,639.33942,318.30017,122.40914,603.91797
2795,23.283,176.93108,216.08212,632.69904,159.60909,167.87479,650.08459,191.4399,149.94273,674.57111,219.67163,115.63972,696.21234,247.99112,194.64944,654.52045,298.34592,163.17137,639.33942,318.30017,122.40914,603.91797
2796,23.292,176.93108,216.08212,632.69904,159.60909,167.87479,650.08459,191.36116,150.13348,674.42712,219.67163,115.63972,696.21234,247.87849,194.4771,654.17755,298.34592,163.17137,639.33942,318.30017,122.40914,603.91797
2797,23.3,177.04262,214.77687,632.72437,159.60909,167.87479,650.08459,191.4399,149.94273,674.57111,219.67163,115.63972,696.21234,247.78174,194.09909,654.52985,298.34592,163.17137,639.33942,318.54642,122.87098,603.9632
2798,23.308,176.93108,216.08212,632.69904,159.60909,167.87479,650.08459,191.36075,149.68709,674.76392,219.67163,115.63972,696.21234,247.78174,194.09909,654.52985,298.48135,163.43723,639.25989,318.54642,122.87098,603.9632
2799,23.317,176.93108,216.08212,632.69904,159.60909,167.87479,650.08459,191.28206,149.92725,674.5824,219.67163,115.63972,696.21234,247.78174,194.09909,654.52985,298.34592,163.17137,639.33942,318.54642,122.87098,603.9632
2800,23.325,176.93108,216.08212,632.69904,159.60909,167.87479,650.08459,191.36075,149.68709,674.76392,219.67163,115.63972,696.21234,247.87849,194.4771,654.17755,298.59698,162.76729,639.08655,318.45114,122.30469,603.97998
2801,23.333,176.93108,216.08212,632.69904,159.60909,167.87479,650.08459,191.36075,149.68709,674.76392,219.67163,115.63972,696.21234,247.87849,194.4771,654.17755,298.73242,163.0331,639.00702,318.59253,122.44965,603.90527
2802,23.342,176.93108,216.08212,632.69904,159.60909,167.87479,650.08459,191.7029,149.71033,675.06104,219.67163,115.63972,696.21234,247.87849,194.4771,654.17755,298.59698,162.76729,639.08655,318.69736,122.76652,604.02521
2803,23.35,176.93108,216.08212,632.69904,159.60909,167.87479,650.08459,191.36075,149.68709,674.76392,219.74731,115.49503,696.08813,247.87849,194.4771,654.17755,298.68335,162.69937,638.9917,318.49722,121.88342,603.92206
2804,23.358,176.93108,216.08212,632.69904,159.60909,167.87479,650.08459,191.36075,149.68709,674.76392,219.67163,115.63972,696.21234,247.78174,194.09909,654.52985,298.68335,162.69937,638.9917,318.67917,122.23499,603.85327
2805,23.367,177.27657,215.82881,632.7052,159.60909,167.87479,650.08459,191.36075,149.68709,674.76392,219.74731,115.49503,696.08813,247.78174,194.09909,654.52985,298.68335,162.69937,638.9917,318.49722,121.88342,603.92206
2806,23.375,177.27657,215.82881,632.7052,159.60909,167.87479,650.08459,191.7029,149.71033,675.06104,219.74731,115.49503,696.08813,247.78174,194.09909,654.52985,298.68335,162.69937,638.9917,318.72083,121.16183,604.10858
2807,23.383,177.27657,215.82881,632.7052,159.75896,167.55956,649.8269,191.7029,149.71033,675.06104,219.67163,115.63972,696.21234,247.78174,194.09909,654.52985,298.68335,162.69937,638.9917,318.72083,121.16183,604.10858
2808,23.392,177.27657,215.82881,632.7052,159.60909,167.87479,650.08459,191.7029,149.71033,675.06104,219.67163,115.63972,696.21234,247.87849,194.4771,654.17755,298.68335,162.69937,638.9917,318.72083,121.16183,604.10858
2809,23.4,177.27657,215.82881,632.7052,159.60909,167.87479,650.08459,191.7029,149.71033,675.06104,219.74731,115.49503,696.08813,247.87849,194.4771,654.17755,298.68335,162.69937,638.9917,318.49268,121.23158,604.23535
2810,23.408,177.03227,215.4574,632.58929,159.60909,167.87479,650.08459,192.02956,149.39398,675.12732,219.79848,115.5932,696.11121,247.87903,194.0311,654.60291,298.68335,162.69937,638.9917,318.49268,121.23158,604.23535
2811,23.417,177.03227,215.4574,632.58929,159.57243,167.66202,650.00598,191.7029,149.71033,675.06104,219.88142,115.46233,695.99036,247.90181,193.93443,654.61835,298.68335,162.69937,638.9917,318.72083,121.16183,604.10858
2812,23.425,177.03227,215.4574,632.58929,159.75896,167.55956,649.8269,192.17624,149.6514,675.10699,219.79848,115.5932,696.11121,247.90181,193.93443,654.61835,298.93286,162.54274,638.8905,318.72083,121.16183,604.10858
2813,23.433,177.03227,215.4574,632.58929,159.57243,167.66202,650.00598,191.7029,149.71033,675.06104,219.74731,115.49503,696.08813,247.90181,193.93443,654.61835,298.93286,162.54274,638.8905,318.72083,121.16183,604.10858
2814,23.442,177.03227,215.4574,632.58929,159.75896,167.55956,649.8269,191.7029,149.71033,675.06104,219.67163,115.63972,696.21234,247.90181,193.93443,654.61835,298.93286,162.54274,638.8905,318.72083,121.16183,604.10858
2815,23.45,177.27509,214.84193,633.11047,159.75896,167.55956,649.8269,191.7029,149.71033,675.06104,219.67163,115.63972,696.21234,247.80125,193.73557,654.58521,298.71628,162.35681,638.81915,318.72083,121.16183,604.10858
2816,23.458,177.23434,214.72131,633.21295,159.57243,167.66202,650.00598,191.7029,149.71033,675.06104,219.67163,115.63972,696.21234,247.71045,193.54588,654.57959,298.76266,162.30962,638.97906,318.70255,121.62167,603.83478
2817,23.467,177.16652,215.14095,632.96497,159.57243,167.66202,650.00598,191.7029,149.71033,675.06104,219.74731,115.49503,696.08813,247.61661,193.63042,654.44977,298.41415,162.28981,638.98029,318.58481,121.37867,603.95453
2818,23.475,176.87057,214.99086,632.45361,159.75896,167.55956,649.8269,191.7029,149.71033,675.06104,219.63905,114.95667,696.16632,247.55537,193.50365,654.45819,298.58133,161.87456,638.78973,318.29849,121.21815,604.03119
2819,23.483,176.88507,214.45868,632.68872,159.97617,167.64796,650.3891,191.7029,149.71033,675.06104,219.74731,115.49503,696.08813,247.55537,193.50365,654.45819,298.33835,162.03532,638.89502,318.29849,121.21815,604.03119
2820,23.492,177.04556,214.79494,632.72681,159.57243,167.66202,650.00598,191.7029,149.71033,675.06104,219.63905,114.95667,696.16632,247.61661,193.63042,654.44977,298.18515,161.76921,638.75946,318.27173,120.62894,604.3299
2821,23.5,177.11337,214.37524,632.97479,159.57243,167.66202,650.00598,191.7029,149.71033,675.06104,219.67163,115.63972,696.21234,247.80125,193.73557,654.58521,298.18515,161.76921,638.75946,318.29849,121.21815,604.03119
2822,23.508,176.87057,214.99086,632.45361,159.57243,167.66202,650.00598,191.7029,149.71033,675.06104,219.67163,115.63972,696.21234,247.61661,193.63042,654.44977,298.41415,162.28981,638.98029,318.27173,120.62894,604.3299
2823,23.517,176.91135,215.1114,632.35107,159.75896,167.55956,649.8269,191.7029,149.71033,675.06104,219.67163,115.63972,696.21234,247.80125,193.73557,654.58521,298.32611,162.35907,639.08606,318.29849,121.21815,604.03119
2824,23.525,176.88507,214.45868,632.68872,159.60909,167.87479,650.08459,191.7029,149.71033,675.06104,219.67163,115.63972,696.21234,247.80125,193.73557,654.58521,298.32611,162.35907,639.08606,318.29849,121.21815,604.03119
2825,23.533,176.88507,214.45868,632.68872,159.75896,167.55956,649.8269,191.7029,149.71033,675.06104,219.67163,115.63972,696.21234,247.80125,193.73557,654.58521,298.09711,161.83852,638.86523,318.29849,121.21815,604.03119
2826,23.542,176.88507,214.45868,632.68872,159.75896,167.55956,649.8269,191.7029,149.71033,675.06104,219.67163,115.63972,696.21234,247.61661,193.63042,654.44977,298.18515,161.76921,638.75946,318.53003,120.48231,604.56769
2827,23.55,176.87057,214.99086,632.45361,159.75896,167.55956,649.8269,191.7029,149.71033,675.06104,219.67163,115.63972,696.21234,247.80125,193.73557,654.58521,298.09711,161.83852,638.86523,318.53207,121.08971,604.23315
2828,23.558,176.87057,214.99086,632.45361,159.60909,167.87479,650.08459,191.7029,149.71033,675.06104,219.67163,115.63972,696.21234,247.61661,193.63042,654.44977,298.18515,161.76921,638.75946,318.53207,121.08971,604.23315
2829,23.567,176.91135,215.1114,632.35107,159.60909,167.87479,650.08459,191.7029,149.71033,675.06104,219.67163,115.63972,696.21234,247.68369,193.91212,654.48041,298.32611,162.35907,639.08606,318.53207,121.08971,604.23315
2830,23.575,177.03227,215.4574,632.58929,159.85117,167.71361,650.58203,191.7029,149.71033,675.06104,219.67163,115.63972,696.21234,247.5058,193.78174,654.36487,298.32611,162.35907,639.08606,318.53207,121.08971,604.23315
2831,23.583,177.03227,215.4574,632.58929,159.42256,167.97717,650.26361,191.7029,149.71033,675.06104,219.67967,115.65545,696.68658,247.59036,193.71053,654.49103,298.43149,162.54288,639.17584,318.59821,121.33857,604.28125
2832,23.592,176.91135,215.1114,632.35107,159.42256,167.97717,650.26361,191.7029,149.71033,675.06104,219.67163,115.63972,696.21234,247.68369,193.91212,654.48041,298.37601,162.5562,639.04889,318.61707,120.7765,604.61237
2833,23.6,176.91135,215.1114,632.35107,159.85117,167.71361,650.58203,191.7029,149.71033,675.06104,219.67967,115.65545,696.68658,247.78174,194.09909,654.52985,298.26184,162.89047,639.24066,318.61707,120.7765,604.61237
2834,23.608,177.0553,215.39931,632.50702,159.85117,167.71361,650.58203,191.7029,149.71033,675.06104,219.9297,115.11867,699.21265,247.68369,193.91212,654.48041,298.37601,162.5562,639.04889,318.61707,120.7765,604.61237
2835,23.617,176.83078,215.99863,632.73907,159.60909,167.87479,650.08459,191.7029,149.71033,675.06104,219.9297,115.11867,699.21265,247.78174,194.09909,654.52985,298.26184,162.89047,639.24066,318.61707,120.7765,604.61237
2836,23.625,176.70981,215.65269,632.50092,159.42256,167.97717,650.26361,192.02956,149.39398,675.12732,219.86818,115.98083,696.75177,247.94438,194.43622,654.23108,298.4848,162.7303,639.15094,318.61707,120.7765,604.61237
2837,23.633,176.70981,215.65269,632.50092,159.60909,167.87479,650.08459,191.7029,149.71033,675.06104,219.86818,115.98083,696.75177,247.81648,194.39294,654.06226,298.27304,162.76755,639.07813,318.61707,120.7765,604.61237
2838,23.642,176.70981,215.65269,632.50092,159.60909,167.87479,650.08459,191.7029,149.71033,675.06104,219.86818,115.98083,696.75177,247.87849,194.4771,654.17755,298.26184,162.89047,639.24066,318.75089,121.08495,604.47308
2839,23.65,176.83078,215.99863,632.73907,159.60909,167.87479,650.08459,192.02956,149.39398,675.12732,219.86818,115.98083,696.75177,248.0406,194.60019,654.56238,298.14465,162.97946,639.34564,318.75089,121.08495,604.47308
2840,23.658,177.0751,216.37004,632.85492,159.60909,167.87479,650.08459,191.61493,150.18709,675.2547,219.86818,115.98083,696.75177,247.99112,194.64944,654.52045,298.23376,163.13437,639.40381,318.61707,120.7765,604.61237
2841,23.667,176.9541,216.02426,632.61682,159.42256,167.97717,650.26361,192.02956,149.39398,675.12732,219.15836,116.22205,697.45825,247.95427,194.44524,654.64667,298.3692,163.40024,639.32434,318.84164,121.45896,604.82678
2842,23.675,176.83688,216.20027,632.53564,159.42256,167.97717,650.26361,192.02956,149.39398,675.12732,219.15836,116.22205,697.45825,248.01962,194.85036,654.2749,298.34592,163.17137,639.33942,318.7955,121.88032,604.88464
2843,23.683,177.0751,216.37004,632.85492,159.42256,167.97717,650.26361,191.61493,150.18709,675.2547,219.35075,116.06811,697.82239,247.97212,194.84248,654.2066,298.37973,163.13933,639.57745,318.8317,121.87973,605.08795
2844,23.692,176.05862,213.92757,633.05243,159.42256,167.97717,650.26361,191.61493,150.18709,675.2547,219.43114,117.11022,697.49902,248.08473,195.0148,654.5495,298.45331,163.681,639.42322,319.04163,122.3422,604.92981
2845,23.7,176.05862,213.92757,633.05243,159.42256,167.97717,650.26361,192.02956,149.39398,675.12732,219.84962,118.43262,697.64233,248.14331,195.05476,654.65771,298.48135,163.43723,639.25989,319.04163,122.3422,604.92981
2846,23.708,176.05862,213.92757,633.05243,159.42256,167.97717,650.26361,191.90749,149.66724,674.93201,219.43114,117.11022,697.49902,248.14331,195.05476,654.65771,298.45331,163.681,639.42322,319.04163,122.3422,604.92981
2847,23.717,176.83688,216.20027,632.53564,159.42256,167.97717,650.26361,191.61531,150.63367,674.91791,219.43114,117.11022,697.49902,247.97212,194.84248,654.2066,298.48135,163.43723,639.25989,319.04163,122.3422,604.92981
2848,23.725,176.83688,216.20027,632.53564,159.60909,167.87479,650.08459,191.60904,149.3358,674.75446,219.84962,118.43262,697.64233,248.01962,194.85036,654.2749,298.48135,163.43723,639.25989,318.7955,121.88032,604.88464
2849,23.733,176.83688,216.20027,632.53564,159.60909,167.87479,650.08459,191.61493,150.18709,675.2547,219.43114,117.11022,697.49902,247.9503,194.84343,654.0907,298.43494,163.38203,639.17657,318.53735,122.02698,604.64703
2850,23.742,176.09259,213.8273,633.13788,159.60909,167.87479,650.08459,191.69403,150.44281,675.06189,219.41826,116.86637,697.43024,247.97212,194.84248,654.2066,298.48135,163.43723,639.25989,318.44656,121.65288,604.29333
2851,23.75,176.09259,213.8273,633.13788,159.60909,167.87479,650.08459,192.02956,149.39398,675.12732,219.41826,116.86637,697.43024,248.01962,194.85036,654.2749,298.48135,163.43723,639.25989,318.57092,121.19775,604.67029
2852,23.758,176.09259,213.8273,633.13788,159.60909,167.87479,650.08459,191.61493,150.18709,675.2547,219.61072,116.71238,697.79443,247.97212,194.84248,654.2066,298.48135,163.43723,639.25989,318.3588,120.92314,604.37463
2853,23.767,176.09259,213.8273,633.13788,159.42256,167.97717,650.26361,191.61493,150.18709,675.2547,219.41826,116.86637,697.43024,247.9503,194.84343,654.0907,298.26773,163.04425,639.27008,318.61707,120.7765,604.61237
2854,23.775,176.61565,212.28011,632.98438,159.60909,167.87479,650.08459,191.97137,149.88043,674.76947,220.04741,118.2702,697.98828,248.15741,195.1142,654.6123,298.66635,162.95872,638.87976,318.61707,120.7765,604.61237
2855,23.783,176.09259,213.8273,633.13788,159.42256,167.97717,650.26361,192.02956,149.39398,675.12732,219.63397,116.99751,697.57513,248.15218,196.76242,654.70215,298.81879,162.96518,638.91217,318.61707,120.7765,604.61237
2856,23.792,176.61565,212.28011,632.98438,159.53818,168.69849,650.5824,192.25853,149.59349,674.96368,220.06134,116.77033,697.66595,248.27374,195.24747,654.78436,298.81879,162.96518,638.91217,318.61707,120.7765,604.61237
2857,23.8,176.09259,213.8273,633.13788,159.96663,168.43488,650.90063,191.89932,150.6615,674.89771,219.6236,116.95621,697.86322,247.9503,194.84343,654.0907,298.75171,162.89674,638.76837,318.61707,120.7765,604.61237
2858,23.808,176.61565,212.28011,632.98438,159.53818,168.69849,650.5824,192.08701,149.66095,674.9248,219.5666,117.13783,696.901,248.15691,195.11046,654.3078,298.75171,162.89674,638.76837,318.3588,120.92314,604.37463
2859,23.817,177.56651,216.86407,632.66156,159.53818,168.69849,650.5824,192.29453,149.86923,674.75647,219.5666,117.13783,696.901,248.06165,196.19678,654.14545,298.75171,162.89674,638.76837,318.61707,120.7765,604.61237
2860,23.825,177.69081,216.64844,632.76642,159.42256,167.97717,650.26361,191.89932,150.6615,674.89771,219.55373,116.89403,696.83228,248.09259,195.05597,654.48889,298.75171,162.89674,638.76837,318.3588,120.92314,604.37463
2861,23.833,177.56651,216.86407,632.66156,159.60909,167.87479,650.08459,191.89932,150.6615,674.89771,220.52354,118.17392,697.00299,247.9503,194.84343,654.0907,297.79239,162.33183,638.211,318.3588,120.92314,604.37463
2862,23.842,177.69081,216.64844,632.76642,159.60909,167.87479,650.08459,192.25853,149.59349,674.96368,220.12836,116.62528,696.72351,247.85426,195.83089,654.13605,297.94299,162.57304,638.42291,318.3588,120.92314,604.37463
2863,23.85,177.69081,216.64844,632.76642,159.60909,167.87479,650.08459,191.83824,150.40024,675.09442,220.12836,116.62528,696.72351,247.9503,194.84343,654.0907,298.03986,162.1842,638.08997,318.3588,120.92314,604.37463
2864,23.858,177.69081,216.64844,632.76642,159.72467,168.59619,650.40338,192.25853,149.59349,674.96368,220.85284,117.6946,697.58215,247.99635,194.85524,654.1582,298.03986,162.1842,638.08997,318.3588,120.92314,604.37463
2865,23.867,177.69081,216.64844,632.76642,159.42256,167.97717,650.26361,191.83824,150.40024,675.09442,219.86818,115.98083,696.75177,247.8903,195.69531,654.06885,298.18588,162.41238,638.31763,318.3588,120.92314,604.37463
2866,23.875,177.69081,216.64844,632.76642,159.97617,167.64796,650.3891,192.25853,149.59349,674.96368,219.72435,115.91985,697.5896,247.99635,194.85524,654.1582,298.03986,162.1842,638.08997,318.3588,120.92314,604.37463
2867,23.883,177.69081,216.64844,632.76642,159.85117,167.71361,650.58203,191.89932,150.6615,674.89771,220.37837,116.08823,699.25055,248.0874,196.0233,654.05048,298.03986,162.1842,638.08997,318.3588,120.92314,604.37463
2868,23.892,177.69081,216.64844,632.76642,159.53818,168.69849,650.5824,192.29453,149.86923,674.75647,220.12836,116.62528,696.72351,247.89474,195.98151,653.99927,298.03986,162.1842,638.08997,318.27173,120.62894,604.3299
2869,23.9,177.69081,216.64844,632.76642,159.85117,167.71361,650.58203,191.89932,150.6615,674.89771,220.12836,116.62528,696.72351,248.08926,195.73932,653.97009,297.83804,162.4127,637.96393,318.30066,121.15685,604.2049
2870,23.908,177.69081,216.64844,632.76642,159.85117,167.71361,650.58203,191.98734,150.18474,674.70398,220.11821,115.44413,699.27814,248.32472,195.21559,653.91583,297.83804,162.4127,637.96393,318.20389,120.83937,604.17877
2871,23.917,177.69081,216.64844,632.76642,160.31369,168.41783,650.68469,192.84673,149.73575,674.81952,220.21155,115.41324,699.09021,248.38406,195.21954,653.99066,297.83804,162.4127,637.96393,318.20389,120.83937,604.17877
2872,23.925,177.69081,216.64844,632.76642,160.07329,167.76224,650.5589,192.39954,149.86443,674.94666,219.84903,115.94033,696.4502,248.27811,195.14621,653.83826,297.9707,162.62166,638.02454,318.47742,120.77589,604.0423
2873,23.933,177.69081,216.64844,632.76642,160.1983,167.69649,650.36597,192.39954,149.86443,674.94666,219.98058,116.37857,696.53351,248.30119,195.25685,653.6651,297.83804,162.4127,637.96393,318.47742,120.77589,604.0423
2874,23.942,177.69081,216.64844,632.76642,160.1983,167.69649,650.36597,192.46057,150.12573,674.74988,220.48204,115.60159,697.24402,248.16475,194.86742,653.63092,298.81622,162.51395,638.6767,318.47742,120.77589,604.0423
2875,23.95,177.69081,216.64844,632.76642,160.07329,167.76224,650.5589,192.39954,149.86443,674.94666,220.50116,115.52968,699.23767,248.27866,194.70915,653.7356,298.81622,162.51395,638.6767,318.47742,120.77589,604.0423
2876,23.958,177.69081,216.64844,632.76642,160.07329,167.76224,650.5589,192.80289,149.74847,675.1767,220.50116,115.52968,699.23767,248.30219,194.66789,653.98645,298.81622,162.51395,638.6767,318.47742,120.77589,604.0423
2877,23.967,177.69081,216.64844,632.76642,160.07329,167.76224,650.5589,192.80289,149.74847,675.1767,220.10876,115.86278,696.51294,248.30219,194.66789,653.98645,298.81622,162.51395,638.6767,318.56287,120.59402,603.86871
2878,23.975,177.69081,216.64844,632.76642,160.32449,167.66267,650.35699,192.80289,149.74847,675.1767,220.10876,115.86278,696.51294,248.30844,194.59294,653.58118,298.81622,162.51395,638.6767,319.94846,119.14001,604.74213
2879,23.983,177.69081,216.64844,632.76642,160.32449,167.66267,650.35699,192.9996,149.62462,674.7998,220.83568,115.28587,697.05023,248.33197,194.5517,653.83197,298.81622,162.51395,638.6767,318.4939,120.80221,603.91785
2880,23.992,177.69081,216.64844,632.76642,160.07329,167.76224,650.5589,192.93465,149.57013,675.31165,220.75929,115.33197,699.01611,248.33197,194.5517,653.83197,299.02286,162.28972,638.53064,318.4939,120.80221,603.91785
2881,24,177.75777,216.34569,633.02075,160.57373,167.40404,650.4859,192.93465,149.57013,675.31165,220.8532,115.21741,698.91095,248.33197,194.5517,653.83197,299.10281,162.03751,638.45966,318.50192,120.44322,603.68475
2882,24.008,177.75777,216.34569,633.02075,160.57373,167.40404,650.4859,192.93465,149.57013,675.31165,220.46109,115.5514,696.18628,248.33197,194.5517,653.83197,299.10281,162.03751,638.45966,319.59064,118.69012,603.95502
2883,24.017,177.75777,216.34569,633.02075,160.70918,167.05771,650.22052,192.93465,149.57013,675.31165,220.2785,115.11565,695.84998,248.33197,194.5517,653.83197,298.77127,161.42227,638.23657,319.38721,118.95757,603.59186
2884,24.025,177.9637,216.23308,633.32104,160.32449,167.66267,650.35699,193.13139,149.44627,674.93481,220.6705,114.78137,698.5741,248.20439,194.13922,654.21954,298.77127,161.42227,638.23657,319.17188,119.08202,603.38782
2885,24.033,178.03067,215.93053,633.57562,160.45993,167.31636,650.09161,193.13139,149.44627,674.93481,220.6705,114.78137,698.5741,248.33197,194.5517,653.83197,298.77499,161.36847,638.27747,318.87408,119.02254,603.33142
2886,24.042,178.03067,215.93053,633.57562,160.07329,167.76224,650.5589,193.16975,148.60121,674.88092,220.2785,115.11565,695.84998,248.44913,193.66451,654.05981,298.77499,161.36847,638.27747,318.71176,119.95461,603.73071
2887,24.05,177.82469,216.04333,633.27527,160.45993,167.31636,650.09161,193.16975,148.60121,674.88092,220.2785,115.11565,695.84998,248.33197,194.5517,653.83197,298.77127,161.42227,638.23657,318.71341,120.21239,603.54053
2888,24.058,178.03067,215.93053,633.57562,160.07329,167.76224,650.5589,193.16975,148.60121,674.88092,220.6705,114.78137,698.5741,248.3506,193.87277,653.92834,298.77499,161.36847,638.27747,318.71176,119.95461,603.73071
2889,24.067,176.61162,212.63818,633.45972,159.85117,167.71361,650.58203,192.91829,149.27686,675.06232,220.56949,114.1713,698.63824,248.30333,193.95958,654.34351,298.77499,161.36847,638.27747,318.0817,119.7649,602.83429
2890,24.075,176.80957,212.50273,633.6886,160.00105,167.39844,650.32446,192.72153,149.4006,675.43921,220.2785,115.11565,695.84998,248.21785,193.39185,654.34656,298.77499,161.36847,638.27747,318.54404,120.17191,603.87781
2891,24.083,176.61162,212.63818,633.45972,159.85117,167.71361,650.58203,192.72153,149.4006,675.43921,219.97774,114.59811,696.01025,247.89215,193.68614,654.12799,298.77499,161.36847,638.27747,318.54404,120.17191,603.87781
2892,24.092,177.56966,215.43439,633.00488,159.85117,167.71361,650.58203,192.72153,149.4006,675.43921,220.05499,114.36618,698.61969,247.89215,193.68614,654.12799,298.78278,161.24501,638.33771,318.54123,120.83899,603.58929
2893,24.1,176.61162,212.63818,633.45972,159.85117,167.71361,650.58203,192.57957,149.53545,675.33698,220.15614,114.97623,698.5556,247.89215,193.68614,654.12799,298.66626,161.20563,638.40875,318.18231,121.10461,603.66736
2894,24.108,176.50064,212.57072,633.5509,159.85117,167.71361,650.58203,192.17624,149.6514,675.10699,219.76424,115.31044,695.83142,247.89215,193.68614,654.12799,298.77499,161.36847,638.27747,318.0199,120.63236,603.82153
2895,24.117,176.50064,212.57072,633.5509,159.85117,167.71361,650.58203,191.7029,149.71033,675.06104,219.76424,115.31044,695.83142,247.89215,193.68614,654.12799,298.66626,161.20563,638.40875,318.18231,121.10461,603.66736
2896,24.125,176.50064,212.57072,633.5509,159.85117,167.71361,650.58203,191.7029,149.71033,675.06104,220.63893,116.54066,698.66949,247.96527,194.06664,654.48242,298.65186,161.3037,638.35309,317.81314,120.77908,603.92749
2897,24.133,177.45866,215.36729,633.09607,159.85117,167.71361,650.58203,191.7029,149.71033,675.06104,220.15614,114.97623,698.5556,248.16476,193.28062,654.54651,298.4989,161.41109,638.55511,317.84354,121.41926,603.68365
2898,24.142,177.45866,215.36729,633.09607,159.85117,167.71361,650.58203,191.7029,149.71033,675.06104,219.66313,114.69982,695.89618,247.77794,193.34874,654.32214,298.43274,161.62149,638.63849,317.65979,120.96795,603.81342
2899,24.15,177.45866,215.36729,633.09607,159.42256,167.97717,650.26361,191.7029,149.71033,675.06104,219.66313,114.69982,695.89618,247.97868,193.42848,654.48889,298.48837,161.51401,638.50104,317.65979,120.96795,603.81342
2900,24.158,177.45866,215.36729,633.09607,159.42256,167.97717,650.26361,191.7029,149.71033,675.06104,220.13951,116.50088,696.19928,247.93681,193.60431,654.67047,298.43274,161.62149,638.63849,317.70294,121.5816,603.59369
2901,24.167,177.45866,215.36729,633.09607,159.42256,167.97717,650.26361,191.7029,149.71033,675.06104,220.13951,116.50088,696.19928,247.93681,193.60431,654.67047,298.4989,161.41109,638.55511,317.70294,121.5816,603.59369
2902,24.175,177.45866,215.36729,633.09607,159.42256,167.97717,650.26361,191.7029,149.71033,675.06104,219.76424,115.31044,695.83142,247.93681,193.60431,654.67047,298.48837,161.51401,638.50104,317.65979,120.96795,603.81342
2903,24.183,177.45866,215.36729,633.09607,159.7058,167.79948,650.56287,191.7029,149.71033,675.06104,219.66313,114.69982,695.89618,247.97868,193.42848,654.48889,298.43057,161.74632,638.58295,317.65979,120.96795,603.81342
2904,24.192,177.45866,215.36729,633.09607,159.7058,167.79948,650.56287,191.7029,149.71033,675.06104,220.13951,116.50088,696.19928,247.97868,193.42848,654.48889,298.43057,161.74632,638.58295,317.65979,120.96795,603.81342
2905,24.2,177.45866,215.36729,633.09607,159.7058,167.79948,650.56287,191.7029,149.71033,675.06104,220.13951,116.50088,696.19928,248.12288,193.45647,654.72809,298.4989,161.41109,638.55511,317.70294,121.5816,603.59369
2906,24.208,177.45866,215.36729,633.09607,159.7058,167.79948,650.56287,191.7029,149.71033,675.06104,219.66313,114.69982,695.89618,248.12288,193.45647,654.72809,298.48837,161.51401,638.50104,317.91547,120.84205,603.6842
2907,24.217,177.56966,215.43439,633.00488,160.94951,167.05827,650.99225,191.7029,149.71033,675.06104,219.66313,114.69982,695.89618,248.16476,193.28062,654.54651,298.55371,161.81111,638.50732,317.91547,120.84205,603.6842
2908,24.225,177.45866,215.36729,633.09607,160.30258,167.2108,650.62616,192.17624,149.6514,675.10699,219.66313,114.69982,695.89618,248.16476,193.28062,654.54651,298.71722,161.60075,638.35944,317.91547,120.84205,603.6842
2909,24.233,177.56966,215.43439,633.00488,160.15266,167.52596,650.88367,192.57957,149.53545,675.33698,219.9657,114.56715,695.80444,248.38342,193.28392,654.60199,298.61151,161.5788,638.42542,317.91547,120.84205,603.6842
2910,24.242,177.56966,215.43439,633.00488,160.30258,167.2108,650.62616,192.57957,149.53545,675.33698,219.9657,114.56715,695.80444,248.42532,193.10805,654.42047,299.0607,161.979,638.51367,318.03629,121.17542,603.54498
2911,24.25,177.56966,215.43439,633.00488,160.30258,167.2108,650.62616,192.80289,149.74847,675.1767,219.9657,114.56715,695.80444,248.38342,193.28392,654.60199,298.77499,161.36847,638.27747,318.41956,120.79636,603.28424
2912,24.258,177.56966,215.43439,633.00488,160.7614,167.12856,650.39331,192.9996,149.62462,674.7998,220.2785,115.11565,695.84998,248.34309,194.01071,654.29431,298.71722,161.60075,638.35944,318.41956,120.79636,603.28424
2913,24.267,177.56966,215.43439,633.00488,160.23775,167.26775,650.11475,193.2511,148.94899,674.61835,220.17752,114.505,695.91473,248.42532,193.10805,654.42047,298.71722,161.60075,638.35944,318.60028,120.65478,603.35895
2914,24.275,177.7674,215.29941,633.23352,160.45993,167.31636,650.09161,193.38292,148.7706,674.75336,220.17752,114.505,695.91473,248.34309,194.01071,654.29431,298.71722,161.60075,638.35944,318.60028,120.65478,603.35895
2915,24.283,177.7674,215.29941,633.23352,160.45993,167.31636,650.09161,193.38292,148.7706,674.75336,221.3698,114.40633,695.49438,248.5265,193.3228,654.48883,298.73215,161.69292,638.23083,318.60342,120.83523,603.22565
2916,24.292,177.7674,215.29941,633.23352,160.45993,167.31636,650.09161,193.38292,148.7706,674.75336,220.30933,114.61948,695.86121,248.5265,193.3228,654.48883,298.7919,161.55743,638.1051,318.84027,120.61614,603.34845
2917,24.3,177.7674,215.29941,633.23352,160.45993,167.31636,650.09161,193.38292,148.7706,674.75336,220.30632,114.40583,696.56439,248.43839,194.44469,653.88318,299.0607,161.979,638.51367,318.60342,120.83523,603.22565
2918,24.308,177.56966,215.43439,633.00488,160.45993,167.31636,650.09161,193.38292,148.7706,674.75336,220.56949,114.1713,698.63824,248.5195,193.62396,653.97626,299.10281,162.03751,638.45966,318.84027,120.61614,603.34845
2919,24.317,177.56966,215.43439,633.00488,160.70918,167.05771,650.22052,193.38292,148.7706,674.75336,220.70123,114.28566,698.5849,248.34309,194.01071,654.29431,299.10281,162.03751,638.45966,318.84027,120.61614,603.34845
2920,24.325,177.7674,215.29941,633.23352,160.45993,167.31636,650.09161,193.38292,148.7706,674.75336,220.17752,114.505,695.91473,248.34309,194.01071,654.29431,298.77127,161.42227,638.23657,318.84027,120.61614,603.34845
2921,24.333,177.7674,215.29941,633.23352,160.45993,167.31636,650.09161,193.38292,148.7706,674.75336,220.77734,116.1517,696.83759,248.34309,194.01071,654.29431,298.77127,161.42227,638.23657,318.84027,120.61614,603.34845
2922,24.342,177.7674,215.29941,633.23352,160.58493,167.25047,649.89862,193.38292,148.7706,674.75336,220.77734,116.1517,696.83759,248.42532,193.10805,654.42047,298.77127,161.42227,638.23657,318.84027,120.61614,603.34845
2923,24.35,177.7674,215.29941,633.23352,160.58493,167.25047,649.89862,193.38292,148.7706,674.75336,220.30632,114.40583,696.56439,248.34309,194.01071,654.29431,299.10281,162.03751,638.45966,318.84027,120.61614,603.34845
2924,24.358,176.61162,212.63818,633.45972,160.8342,166.99176,650.02753,193.38292,148.7706,674.75336,220.1964,114.06297,695.98376,248.43839,194.44469,653.88318,299.10281,162.03751,638.45966,318.84027,120.61614,603.34845
2925,24.367,177.56966,215.43439,633.00488,160.58493,167.25047,649.89862,193.38292,148.7706,674.75336,220.1208,114.11758,695.74896,248.34309,194.01071,654.29431,299.0607,161.979,638.51367,318.71313,120.522,603.16675
2926,24.375,177.56966,215.43439,633.00488,160.58493,167.25047,649.89862,193.2511,148.94899,674.61835,220.1208,114.11758,695.74896,248.47391,193.79683,654.43201,298.77127,161.42227,638.23657,318.84027,120.61614,603.34845
2927,24.383,177.7674,215.29941,633.23352,160.21788,167.47752,649.59406,193.38292,148.7706,674.75336,220.24956,114.01828,696.39856,248.42532,193.10805,654.42047,298.77499,161.36847,638.27747,318.71313,120.522,603.16675
2928,24.392,177.7674,215.29941,633.23352,160.58493,167.25047,649.89862,193.38292,148.7706,674.75336,220.1208,114.11758,695.74896,248.47391,193.79683,654.43201,298.77499,161.36847,638.27747,318.83252,120.28793,603.59155
2929,24.4,177.7674,215.29941,633.23352,160.21788,167.47752,649.59406,193.38292,148.7706,674.75336,220.1964,114.06297,695.98376,248.47391,193.79683,654.43201,298.78278,161.24501,638.33771,318.79898,120.90601,603.05573
2930,24.408,177.7674,215.29941,633.23352,160.21788,167.47752,649.59406,193.38292,148.7706,674.75336,220.1208,114.11758,695.74896,247.91739,193.09615,653.90576,298.79022,161.26215,638.32092,318.97568,121.31679,602.91083
2931,24.417,176.80957,212.50273,633.6886,160.21788,167.47752,649.59406,193.38292,148.7706,674.75336,220.1208,114.11758,695.74896,247.91739,193.09615,653.90576,298.77499,161.36847,638.27747,318.78946,120.33977,603.2887
2932,24.425,176.61162,212.63818,633.45972,160.46718,167.21921,649.72296,193.38292,148.7706,674.75336,219.90894,114.17973,695.63867,248.44913,193.66451,654.05981,298.77127,161.42227,638.23657,318.84027,120.61614,603.34845
2933,24.433,176.80957,212.50273,633.6886,160.46718,167.21921,649.72296,193.38292,148.7706,674.75336,219.90894,114.17973,695.63867,248.12117,193.10823,654.31641,298.9938,161.16338,638.12604,318.77182,120.74957,602.98962
2934,24.442,177.7674,215.29941,633.23352,160.46718,167.21921,649.72296,193.38292,148.7706,674.75336,220.60284,115.97809,696.08331,248.46799,193.06482,654.36249,298.97308,161.35095,638.02844,319.18723,119.22016,602.5108
2935,24.45,177.7674,215.29941,633.23352,160.58493,167.25047,649.89862,193.38292,148.7706,674.75336,220.24956,114.01828,696.39856,248.45114,193.85556,654.23584,298.97308,161.35095,638.02844,318.77182,120.74957,602.98962
2936,24.458,177.7674,215.29941,633.23352,160.58493,167.25047,649.89862,193.38292,148.7706,674.75336,220.1208,114.11758,695.74896,248.59421,192.7271,654.29474,298.97308,161.35095,638.02844,318.77182,120.74957,602.98962
2937,24.467,176.80957,212.50273,633.6886,160.58493,167.25047,649.89862,193.38292,148.7706,674.75336,220.1208,114.11758,695.74896,248.50375,193.44167,654.16895,298.9938,161.16338,638.12604,318.77182,120.74957,602.98962
2938,24.475,176.80957,212.50273,633.6886,160.8342,166.99176,650.02753,193.38292,148.7706,674.75336,220.24956,114.01828,696.39856,248.59421,192.7271,654.29474,298.9938,161.16338,638.12604,319.07205,121.16711,602.91321
2939,24.483,176.80957,212.50273,633.6886,160.46718,167.21921,649.72296,193.38292,148.7706,674.75336,220.24956,114.01828,696.39856,248.76859,192.65355,654.31482,298.99341,160.89479,637.95398,319.01712,120.84518,603.18658
2940,24.492,176.80957,212.50273,633.6886,160.46718,167.21921,649.72296,193.38292,148.7706,674.75336,219.98453,114.12511,695.87341,248.76859,192.65355,654.31482,298.9938,161.16338,638.12604,318.94031,120.88897,603.06458
2941,24.5,177.81557,215.43629,633.36621,160.46718,167.21921,649.72296,193.38292,148.7706,674.75336,220.60284,115.97809,696.08331,248.76859,192.65355,654.31482,298.95166,161.14426,638.15576,319.01712,120.84518,603.18658
2942,24.508,177.7674,215.29941,633.23352,160.8342,166.99176,650.02753,193.38292,148.7706,674.75336,219.87798,114.01614,695.56171,248.76859,192.65355,654.31482,298.95166,161.14426,638.15576,319.01712,120.84518,603.18658
2943,24.517,177.7674,215.29941,633.23352,160.21788,167.47752,649.59406,193.38292,148.7706,674.75336,220.13373,113.90647,695.8775,248.76859,192.65355,654.31482,298.82449,160.99556,638.13593,319.01712,120.84518,603.18658
2944,24.525,176.80957,212.50273,633.6886,160.58493,167.25047,649.89862,193.38292,148.7706,674.75336,219.87798,114.01614,695.56171,248.45729,192.62383,654.56769,298.82449,160.99556,638.13593,319.01712,120.84518,603.18658
2945,24.533,176.80957,212.50273,633.6886,160.21788,167.47752,649.59406,193.38292,148.7706,674.75336,219.95695,114.45522,695.94019,248.59421,192.7271,654.29474,298.82449,160.99556,638.13593,319.01712,120.84518,603.18658
2946,24.542,176.80957,212.50273,633.6886,160.21788,167.47752,649.59406,193.38292,148.7706,674.75336,220.00868,114.52927,695.83661,248.44263,192.8457,654.41034,298.78278,161.24501,638.33771,319.01712,120.84518,603.18658
2947,24.55,176.80957,212.50273,633.6886,160.21788,167.47752,649.59406,193.2511,148.94899,674.61835,220.00868,114.52927,695.83661,248.44263,192.8457,654.41034,298.99341,160.89479,637.95398,318.8652,120.79861,603.05396
2948,24.558,176.80957,212.50273,633.6886,160.21788,167.47752,649.59406,193.2511,148.94899,674.61835,220.00868,114.52927,695.83661,248.44263,192.8457,654.41034,298.78278,161.24501,638.33771,318.74747,120.55574,603.17365
2949,24.567,177.7674,215.29941,633.23352,160.21788,167.47752,649.59406,193.17474,148.71085,674.39001,220.00868,114.52927,695.83661,248.45729,192.62383,654.56769,298.78278,161.24501,638.33771,318.81525,120.92696,602.96069
2950,24.575,177.7674,215.29941,633.23352,160.21788,167.47752,649.59406,193.04289,148.88911,674.255,220.00868,114.52927,695.83661,248.44263,192.8457,654.41034,298.78278,161.24501,638.33771,318.84946,120.73067,603.21301
2951,24.583,176.61162,212.63818,633.45972,160.21788,167.47752,649.59406,192.67769,149.1454,674.12775,219.86407,114.50144,695.63708,248.25471,192.80447,654.23871,298.78278,161.24501,638.33771,318.55731,121.15253,602.83459
2952,24.592,175.1272,208.47351,633.99292,160.21788,167.47752,649.59406,192.67769,149.1454,674.12775,219.86407,114.50144,695.63708,248.44263,192.8457,654.41034,298.78278,161.24501,638.33771,318.55731,121.15253,602.83459
2953,24.6,176.61162,212.63818,633.45972,159.99568,167.42882,649.61719,192.67769,149.1454,674.12775,219.75162,114.49191,695.52332,248.25471,192.80447,654.23871,298.78278,161.24501,638.33771,318.48553,120.69185,603.01526
2954,24.608,177.56966,215.43439,633.00488,159.99568,167.42882,649.61719,192.45433,148.93253,674.28809,219.75162,114.49191,695.52332,248.44263,192.8457,654.41034,298.78278,161.24501,638.33771,318.55731,121.15253,602.83459
2955,24.617,177.56966,215.43439,633.00488,159.99568,167.42882,649.61719,192.16476,149.46774,674.36688,219.75162,114.49191,695.52332,248.44263,192.8457,654.41034,298.78278,161.24501,638.33771,318.55731,121.15253,602.83459
2956,24.625,177.56966,215.43439,633.00488,159.99568,167.42882,649.61719,192.38805,149.68065,674.20654,219.75162,114.49191,695.52332,248.34407,193.05409,654.27881,298.66626,161.20563,638.40875,318.55731,121.15253,602.83459
2957,24.633,177.56966,215.43439,633.00488,159.99568,167.42882,649.61719,192.16476,149.46774,674.36688,219.75162,114.49191,695.52332,248.44263,192.8457,654.41034,298.78278,161.24501,638.33771,318.55731,121.15253,602.83459
2958,24.642,177.45866,215.36729,633.09607,159.99568,167.42882,649.61719,192.16476,149.46774,674.36688,219.75162,114.49191,695.52332,248.34407,193.05409,654.27881,298.54922,161.66086,638.56744,318.55731,121.15253,602.83459
2959,24.65,177.45866,215.36729,633.09607,159.99568,167.42882,649.61719,191.69328,149.55734,674.44434,220.23167,116.12685,695.78467,248.34407,193.05409,654.27881,298.61542,161.45047,638.48407,318.41031,121.30991,602.96893
2960,24.658,177.45866,215.36729,633.09607,159.75896,167.55956,649.8269,192.16476,149.46774,674.36688,219.75162,114.49191,695.52332,248.08272,193.29216,654.56415,298.61542,161.45047,638.48407,318.4147,121.46124,602.84528
2961,24.667,177.45866,215.36729,633.09607,159.75896,167.55956,649.8269,191.91664,149.77036,674.28406,219.46317,114.5675,695.61273,247.95653,193.6299,654.6319,298.54922,161.66086,638.56744,318.42477,121.43098,603.09039
2962,24.675,177.45866,215.36729,633.09607,159.75896,167.55956,649.8269,191.69328,149.55734,674.44434,219.75162,114.49191,695.52332,248.08272,193.29216,654.56415,298.54922,161.66086,638.56744,318.42477,121.43098,603.09039
2963,24.683,177.36766,215.5979,632.90057,159.75896,167.55956,649.8269,192.16476,149.46774,674.36688,219.46317,114.5675,695.61273,247.95653,193.6299,654.6319,298.55371,161.81111,638.50732,318.36926,120.98107,603.28204
2964,24.692,177.45866,215.36729,633.09607,159.75896,167.55956,649.8269,191.69328,149.55734,674.44434,219.57561,114.57705,695.72656,247.95653,193.6299,654.6319,298.55371,161.81111,638.50732,318.36926,120.98107,603.28204
2965,24.7,177.45866,215.36729,633.09607,159.75896,167.55956,649.8269,191.69328,149.55734,674.44434,219.46317,114.5675,695.61273,247.80125,193.73557,654.58521,298.54922,161.66086,638.56744,318.23975,121.54598,603.20001
2966,24.708,177.36766,215.5979,632.90057,159.75896,167.55956,649.8269,191.69328,149.55734,674.44434,219.46317,114.5675,695.61273,247.80125,193.73557,654.58521,298.55371,161.81111,638.50732,318.36926,120.98107,603.28204
2967,24.717,177.36766,215.5979,632.90057,159.75896,167.55956,649.8269,191.69328,149.55734,674.44434,219.46317,114.5675,695.61273,247.80125,193.73557,654.58521,298.83939,162.42152,638.74353,318.15732,121.1449,603.11859
2968,24.725,177.36766,215.5979,632.90057,159.75896,167.55956,649.8269,191.77238,149.81291,674.25153,219.9559,116.21974,695.86029,247.80125,193.73557,654.58521,298.83939,162.42152,638.74353,318.1799,121.08704,603.39209
2969,24.733,177.36766,215.5979,632.90057,159.75896,167.55956,649.8269,191.69328,149.55734,674.44434,219.46317,114.5675,695.61273,247.80125,193.73557,654.58521,298.54922,161.66086,638.56744,318.23975,121.54598,603.20001
2970,24.742,177.45866,215.36729,633.09607,159.75896,167.55956,649.8269,191.69328,149.55734,674.44434,219.46317,114.5675,695.61273,247.71045,193.54588,654.57959,298.47452,161.57399,638.33185,318.22968,121.57625,602.95496
2971,24.75,177.3269,215.47739,633.00311,159.75896,167.55956,649.8269,191.69328,149.55734,674.44434,219.46317,114.5675,695.61273,247.80125,193.73557,654.58521,298.43274,161.62149,638.63849,318.23975,121.54598,603.20001
2972,24.758,177.3269,215.47739,633.00311,159.75896,167.55956,649.8269,191.91664,149.77036,674.28406,220.02524,116.23534,695.52771,247.80125,193.73557,654.58521,298.43274,161.62149,638.63849,318.23975,121.54598,603.20001
2973,24.767,177.36766,215.5979,632.90057,159.75896,167.55956,649.8269,191.69328,149.55734,674.44434,219.46317,114.5675,695.61273,247.80125,193.73557,654.58521,298.43274,161.62149,638.63849,318.23975,121.54598,603.20001
2974,24.775,177.23434,214.72131,633.21295,159.75896,167.55956,649.8269,191.69328,149.55734,674.44434,219.54413,114.58309,695.25421,247.80125,193.73557,654.58521,298.43274,161.62149,638.63849,318.22968,121.57625,602.95496
2975,24.783,177.26379,214.36438,632.9826,159.75896,167.55956,649.8269,191.69328,149.55734,674.44434,219.54413,114.58309,695.25421,247.80125,193.73557,654.58521,298.43274,161.62149,638.63849,318.22968,121.57625,602.95496
2976,24.792,177.26379,214.36438,632.9826,159.75896,167.55956,649.8269,191.69328,149.55734,674.44434,219.54413,114.58309,695.25421,247.75008,193.32669,654.37207,298.43274,161.62149,638.63849,318.34671,121.03891,603.00854
2977,24.8,177.26379,214.36438,632.9826,159.75896,167.55956,649.8269,191.69328,149.55734,674.44434,219.46317,114.5675,695.61273,247.82141,193.177,654.46759,298.43274,161.62149,638.63849,318.49136,120.88172,602.87164
2978,24.808,177.26379,214.36438,632.9826,159.75896,167.55956,649.8269,191.98274,149.02226,674.3656,219.54413,114.58309,695.25421,247.70554,192.84631,654.67004,298.43274,161.62149,638.63849,318.49136,120.88172,602.87164
2979,24.817,177.26379,214.36438,632.9826,159.99568,167.42882,649.61719,192.16476,149.46774,674.36688,219.54413,114.58309,695.25421,247.87262,192.79317,654.86884,298.43274,161.62149,638.63849,318.56174,121.30384,602.71094
2980,24.825,177.26379,214.36438,632.9826,159.99568,167.42882,649.61719,192.45433,148.93253,674.28809,219.81435,114.00401,695.0036,247.9455,192.60771,654.59094,298.43274,161.62149,638.63849,318.49136,120.88172,602.87164
2981,24.833,177.29323,214.00731,632.75232,159.99568,167.42882,649.61719,192.45433,148.93253,674.28809,219.76147,113.68502,694.86121,247.9455,192.60771,654.59094,298.66626,161.20563,638.40875,318.49136,120.88172,602.87164
2982,24.842,177.29323,214.00731,632.75232,159.99568,167.42882,649.61719,192.45433,148.93253,674.28809,219.76147,113.68502,694.86121,248.11722,192.54376,654.79999,298.66626,161.20563,638.40875,318.56174,121.30384,602.71094
2983,24.85,177.29323,214.00731,632.75232,159.99568,167.42882,649.61719,192.81949,148.67624,674.41534,219.76147,113.68502,694.86121,248.17657,192.62811,654.66248,298.61359,161.15671,638.19482,318.51248,121.24786,602.50189
2984,24.858,177.53984,213.68343,633.09814,159.99568,167.42882,649.61719,192.81949,148.67624,674.41534,219.76147,113.68502,694.86121,247.9455,192.60771,654.59094,298.78278,161.24501,638.33771,318.56174,121.30384,602.71094
2985,24.867,177.53984,213.68343,633.09814,159.99568,167.42882,649.61719,192.81949,148.67624,674.41534,219.76147,113.68502,694.86121,248.34483,192.43849,654.67725,298.78278,161.24501,638.33771,318.51248,121.24786,602.50189
2986,24.875,177.53984,213.68343,633.09814,159.99568,167.42882,649.61719,192.96153,148.54146,674.51758,219.76147,113.68502,694.86121,248.16675,192.48865,654.46875,298.78278,161.24501,638.33771,318.58807,120.69962,602.72137
2987,24.883,177.53984,213.68343,633.09814,160.37305,166.31419,649.48645,192.96153,148.54146,674.51758,219.63643,113.28123,695.00909,248.30377,192.36305,654.64917,298.77835,160.94997,637.95898,318.7153,121.18399,602.77417
2988,24.892,177.53984,213.68343,633.09814,160.37305,166.31419,649.48645,192.96153,148.54146,674.51758,219.64671,112.76285,694.62701,248.34483,192.43849,654.67725,298.82449,160.99556,638.13593,318.7153,121.18399,602.77417
2989,24.9,177.6425,213.33983,633.15472,160.37305,166.31419,649.48645,192.96153,148.54146,674.51758,219.64671,112.76285,694.62701,248.16675,192.48865,654.46875,298.82449,160.99556,638.13593,318.72711,120.55486,602.81519
2990,24.908,177.6425,213.33983,633.15472,160.62238,166.05559,649.61536,193.17474,148.71085,674.39001,219.64671,112.76285,694.62701,248.34483,192.43849,654.67725,298.82449,160.99556,638.13593,318.94815,121.04625,602.77325
2991,24.917,177.6425,213.33983,633.15472,160.62238,166.05559,649.61536,192.7803,147.48119,674.41742,219.64671,112.76285,694.62701,248.07193,191.67819,654.90125,298.82449,160.99556,638.13593,318.7962,120.99967,602.64056
2992,24.925,177.6425,213.33983,633.15472,160.62238,166.05559,649.61536,192.7803,147.48119,674.41742,219.64671,112.76285,694.62701,247.93214,191.88353,654.6524,298.82449,160.99556,638.13593,318.72711,120.55486,602.81519
2993,24.933,177.6425,213.33983,633.15472,160.51053,165.13873,650.08875,192.99361,147.65073,674.28986,220.17082,114.46227,694.84259,248.34348,191.18765,655.08899,298.82449,160.99556,638.13593,318.7962,120.99967,602.64056
2994,24.942,177.6425,213.33983,633.15472,160.84309,164.94792,649.96954,192.7803,147.48119,674.41742,219.64671,112.76285,694.62701,248.15308,191.24637,655.08258,298.82449,160.99556,638.13593,318.7962,120.99967,602.64056
2995,24.95,177.6425,213.33983,633.15472,160.84309,164.94792,649.96954,192.7803,147.48119,674.41742,219.88283,112.68177,694.39172,248.42601,192.00691,654.85852,298.99341,160.89479,637.95398,318.7962,120.99967,602.64056
2996,24.958,177.6425,213.33983,633.15472,160.84309,164.94792,649.96954,192.74101,146.85207,673.43732,219.88283,112.68177,694.39172,248.61639,191.9482,654.86487,298.99341,160.89479,637.95398,318.7962,120.99967,602.64056
2997,24.967,177.6425,213.33983,633.15472,160.84309,164.94792,649.96954,192.7803,147.48119,674.41742,219.64671,112.76285,694.62701,248.28062,191.04486,655.11273,298.84598,160.66205,637.45868,318.84796,120.84782,602.7525
2998,24.975,177.52156,212.99367,632.9165,160.84309,164.94792,649.96954,192.74101,146.85207,673.43732,219.88283,112.68177,694.39172,248.14711,190.99275,654.99982,298.78302,160.41966,637.54242,318.7962,120.99967,602.64056
2999,24.983,177.50468,212.92638,633.56555,160.84309,164.94792,649.96954,192.74101,146.85207,673.43732,219.88283,112.68177,694.39172,248.34348,191.18765,655.08899,298.86096,160.59587,638.22864,318.7962,120.99967,602.64056
3000,24.992,177.50468,212.92638,633.56555,160.84309,164.94792,649.96954,192.54671,147.02094,673.99982,220.31651,113.92503,694.80164,248.15308,191.24637,655.08258,298.73889,160.73347,638.12238,318.7962,120.99967,602.64056
3001,25,177.6425,213.33983,633.15472,160.84309,164.94792,649.96954,192.74101,146.85207,673.43732,219.88283,112.68177,694.39172,247.9567,191.05147,654.99341,298.99341,160.89479,637.95398,318.7962,120.99967,602.64056
3002,25.008,177.52156,212.99367,632.9165,160.84309,164.94792,649.96954,192.74101,146.85207,673.43732,219.88283,112.68177,694.39172,248.19392,191.45909,654.7962,298.86862,160.68178,637.55603,318.72711,120.55486,602.81519
3003,25.017,177.6425,213.33983,633.15472,160.84309,164.94792,649.96954,192.74101,146.85207,673.43732,219.88283,112.68177,694.39172,247.9567,191.05147,654.99341,298.86862,160.68178,637.55603,318.7962,120.99967,602.64056
3004,25.025,177.6425,213.33983,633.15472,160.84309,164.94792,649.96954,192.74101,146.85207,673.43732,220.39497,114.37554,694.6297,247.9567,191.05147,654.99341,298.99341,160.89479,637.95398,318.66605,121.12801,602.56512
3005,25.033,177.6425,213.33983,633.15472,160.37146,165.15845,649.86383,192.74101,146.85207,673.43732,220.17082,114.46227,694.84259,248.09932,191.12265,655.10687,298.77835,160.94997,637.95898,318.7962,120.99967,602.64056
3006,25.042,177.6425,213.33983,633.15472,160.84309,164.94792,649.96954,192.74101,146.85207,673.43732,220.17082,114.46227,694.84259,247.8755,191.48329,654.81207,298.82449,160.99556,638.13593,318.77988,121.30075,602.48376
3007,25.05,177.50468,212.92638,633.56555,160.84309,164.94792,649.96954,192.7803,147.48119,674.41742,219.64671,112.76285,694.62701,248.07193,191.67819,654.90125,298.82449,160.99556,638.13593,318.91,121.17241,602.5592
3008,25.058,177.52156,212.99367,632.9165,160.59375,165.20702,649.84064,192.74101,146.85207,673.43732,219.64671,112.76285,694.62701,248.07193,191.67819,654.90125,298.99341,160.89479,637.95398,318.77988,121.30075,602.48376
3009,25.067,177.52156,212.99367,632.9165,160.37146,165.15845,649.86383,192.97459,147.3125,673.8551,219.64671,112.76285,694.62701,248.30377,192.36305,654.64917,298.77835,160.94997,637.95898,318.77988,121.30075,602.48376
3010,25.075,177.34195,213.81853,632.86932,160.37305,166.31419,649.48645,192.7803,147.48119,674.41742,219.64671,112.76285,694.62701,248.16675,192.48865,654.46875,298.78278,161.24501,638.33771,318.77988,121.30075,602.48376
3011,25.083,177.34195,213.81853,632.86932,160.48322,166.07523,649.3905,192.63821,147.61603,674.31519,219.60956,112.81907,694.38635,248.30377,192.36305,654.64917,298.72168,161.17708,638.13306,318.62631,121.42062,602.42053
3012,25.092,177.34195,213.81853,632.86932,160.15079,166.26552,649.50964,192.58583,148.2159,673.99768,219.64671,112.76285,694.62701,248.30377,192.36305,654.64917,298.72168,161.17708,638.13306,318.62631,121.42062,602.42053
3013,25.1,177.22099,213.47238,632.6311,159.99568,167.42882,649.61719,192.81949,148.67624,674.41534,219.64671,112.76285,694.62701,247.77516,192.45085,654.50903,298.65796,161.03215,637.93982,318.62631,121.42062,602.42053
3014,25.108,177.22099,213.47238,632.6311,159.99568,167.42882,649.61719,192.81949,148.67624,674.41534,219.66512,113.26672,694.78809,247.92073,192.34883,654.71082,298.78278,161.24501,638.33771,318.62631,121.42062,602.42053
3015,25.117,177.29323,214.00731,632.75232,159.99568,167.42882,649.61719,192.81949,148.67624,674.41534,219.66512,113.26672,694.78809,247.59137,192.60825,654.44769,298.72168,161.17708,638.13306,318.55185,121.05284,602.54688
3016,25.125,177.29323,214.00731,632.75232,159.99568,167.42882,649.61719,193.01367,148.50772,673.85333,219.52043,113.23943,694.58856,247.59137,192.60825,654.44769,298.72168,161.17708,638.13306,318.55185,121.05284,602.54688
3017,25.133,177.29323,214.00731,632.75232,159.99568,167.42882,649.61719,192.81949,148.67624,674.41534,219.94981,114.9523,694.65717,247.6685,192.60036,654.73474,298.55032,161.37961,638.25983,318.62631,121.42062,602.42053
3018,25.142,177.29323,214.00731,632.75232,159.99568,167.42882,649.61719,192.45433,148.93253,674.28809,219.62794,113.32291,694.5473,247.88832,192.66103,654.68182,298.10062,161.72876,638.21069,318.62631,121.42062,602.42053
3019,25.15,176.94745,214.261,632.74603,159.99568,167.42882,649.61719,191.98274,149.02226,674.3656,219.64551,113.64328,694.44073,247.65886,192.88843,654.42114,298.3074,161.9201,638.24084,318.55185,121.05284,602.54688
3020,25.158,176.94745,214.261,632.74603,159.75896,167.55956,649.8269,191.69328,149.55734,674.44434,219.48328,113.29565,694.34784,247.74825,192.92998,654.6972,298.47452,161.57399,638.33185,318.54852,121.75429,602.27533
3021,25.167,176.94745,214.261,632.74603,159.75896,167.55956,649.8269,191.68159,148.88644,673.98395,219.64551,113.64328,694.44073,247.51202,193.23099,654.54022,298.57321,161.74495,638.42377,318.51276,122.26575,602.44965
3022,25.175,176.91806,214.61804,632.97632,159.75896,167.55956,649.8269,191.3922,149.42152,674.06274,219.64551,113.64328,694.44073,247.46095,193.08011,654.43506,298.19934,161.89972,638.30255,318.51276,122.26575,602.44965
3023,25.183,176.68976,214.7014,632.69031,159.75896,167.55956,649.8269,191.3922,149.42152,674.06274,219.71663,114.46584,694.74445,247.51202,193.23099,654.54022,298.10028,162.03595,638.22729,318.50055,122.53255,602.64301
3024,25.192,176.68976,214.7014,632.69031,159.75896,167.55956,649.8269,191.47131,149.67706,673.86987,219.39951,114.55589,695.05481,247.37062,193.53938,654.60052,298.28162,162.47095,638.41663,318.50296,123.14784,602.82977
3025,25.2,176.67535,215.23329,632.45514,159.75896,167.55956,649.8269,191.39252,149.86777,673.72583,219.49152,114.52306,694.77185,247.47282,193.72133,654.51721,298.02432,162.86127,638.46869,318.52701,123.0291,602.92065
3026,25.208,176.67535,215.23329,632.45514,159.75896,167.55956,649.8269,191.39252,149.86777,673.72583,219.26257,114.53497,695.0614,247.37062,193.53938,654.60052,297.80133,163.02139,638.55841,318.52701,123.0291,602.92065
3027,25.217,176.67535,215.23329,632.45514,159.35895,167.80301,649.61121,191.06009,149.99765,674.04547,219.52481,114.97642,694.96948,247.55724,193.90196,654.51184,297.82788,162.98833,638.74139,318.52701,123.0291,602.92065
3028,25.225,176.67535,215.23329,632.45514,159.35895,167.80301,649.61121,191.06009,149.99765,674.04547,219.38789,114.95551,694.97607,247.14734,193.93349,654.45209,297.80133,163.02139,638.55841,318.52701,123.0291,602.92065
3029,25.233,176.64598,215.59023,632.68567,159.35895,167.80301,649.61121,191.06009,149.99765,674.04547,219.38789,114.95551,694.97607,247.14734,193.93349,654.45209,297.67572,163.30122,638.48804,318.52701,123.0291,602.92065
3030,25.242,176.64598,215.59023,632.68567,159.35895,167.80301,649.61121,191.06009,149.99765,674.04547,219.38789,114.95551,694.97607,247.14734,193.93349,654.45209,297.57559,163.24696,638.56256,318.77319,123.49091,602.96594
3031,25.25,176.30048,215.84389,632.67944,158.88118,168.08493,649.6051,191.06009,149.99765,674.04547,219.49622,115.49384,694.89777,247.14734,193.93349,654.45209,297.78067,163.45174,638.6236,318.77319,123.49091,602.96594
3032,25.258,176.17743,216.04253,632.58405,158.88118,168.08493,649.6051,191.06009,149.99765,674.04547,219.49622,115.49384,694.89777,247.14734,193.93349,654.45209,297.78067,163.45174,638.6236,318.49515,123.58594,603.06335
3033,25.267,176.30048,215.84389,632.67944,158.88118,168.08493,649.6051,191.06009,149.99765,674.04547,219.49622,115.49384,694.89777,247.14734,193.93349,654.45209,297.81607,163.66333,638.61859,318.49515,123.58594,603.06335
3034,25.275,176.17743,216.04253,632.58405,158.88118,168.08493,649.6051,191.17619,149.59015,673.90979,219.49622,115.49384,694.89777,247.17253,193.93445,654.48578,297.58835,163.6936,638.73065,318.49515,123.58594,603.06335
3035,25.283,176.29109,214.74374,632.60101,158.88118,168.08493,649.6051,191.06009,149.99765,674.04547,219.41519,115.47811,695.25641,247.14734,193.93349,654.45209,297.72388,163.95944,638.65112,318.4718,124.23993,603.01263
3036,25.292,176.29109,214.74374,632.60101,158.88118,168.08493,649.6051,191.06009,149.99765,674.04547,219.49622,115.49384,694.89777,247.14734,193.93349,654.45209,297.72388,163.95944,638.65112,318.54446,124.15685,603.315
3037,25.3,176.29109,214.74374,632.60101,158.88118,168.08493,649.6051,191.34792,149.79984,673.74298,219.63437,115.65198,695.0022,247.17253,193.93445,654.48578,297.52332,163.89757,638.5885,318.4718,124.23993,603.01263
3038,25.308,176.33687,214.82745,632.51874,158.88118,168.08493,649.6051,191.34792,149.79984,673.74298,219.77126,115.67284,694.99561,247.17253,193.93445,654.48578,297.65881,164.16341,638.50897,318.77228,124.08714,603.18842
3039,25.317,176.22409,216.14024,632.49567,158.88118,168.08493,649.6051,191.34792,149.79984,673.74298,219.60629,115.9554,695.50342,247.42232,194.76559,654.1734,297.6308,164.40735,638.67224,318.54446,124.15685,603.315
3040,25.325,176.33687,214.82745,632.51874,159.35895,167.80301,649.61121,191.23395,150.21336,673.88354,219.82417,115.99188,695.13812,247.33882,194.32207,654.49091,297.65881,164.16341,638.50897,318.54446,124.15685,603.315
3041,25.333,176.10309,215.7944,632.25751,159.03484,167.77341,649.1571,191.34792,149.79984,673.74298,219.82417,115.99188,695.13812,247.17253,193.93445,654.48578,297.6308,164.40735,638.67224,318.77228,124.08714,603.18842
3042,25.342,176.10309,215.7944,632.25751,159.03484,167.77341,649.1571,191.34792,149.79984,673.74298,219.82417,115.99188,695.13812,247.3569,194.3606,654.54517,297.6308,164.40735,638.67224,318.54446,124.15685,603.315
3043,25.35,176.33687,214.82745,632.51874,159.35895,167.80301,649.61121,191.23395,150.21336,673.88354,219.63437,115.65198,695.0022,247.33882,194.32207,654.49091,297.65881,164.16341,638.50897,318.77228,124.08714,603.18842
3044,25.358,176.33687,214.82745,632.51874,159.35895,167.80301,649.61121,191.23395,150.21336,673.88354,219.60629,115.9554,695.50342,247.33882,194.32207,654.49091,297.6308,164.40735,638.67224,318.54446,124.15685,603.315
3045,25.367,176.22409,216.14024,632.49567,159.35895,167.80301,649.61121,191.23395,150.21336,673.88354,219.82417,115.99188,695.13812,247.33882,194.32207,654.49091,297.65881,164.16341,638.50897,318.54446,124.15685,603.315
3046,25.375,176.20624,214.53545,632.29346,159.03484,167.77341,649.1571,191.34792,149.79984,673.74298,219.82417,115.99188,695.13812,247.17253,193.93445,654.48578,297.65881,164.16341,638.50897,318.54446,124.15685,603.315
3047,25.383,176.20624,214.53545,632.29346,159.35895,167.80301,649.61121,191.23395,150.21336,673.88354,219.82417,115.99188,695.13812,247.14734,193.93349,654.45209,297.65881,164.16341,638.50897,318.54446,124.15685,603.315
3048,25.392,176.22409,216.14024,632.49567,159.35895,167.80301,649.61121,191.23395,150.21336,673.88354,219.63437,115.65198,695.0022,247.14734,193.93349,654.45209,297.72388,163.95944,638.65112,318.77228,124.08714,603.18842
3049,25.4,176.22409,216.14024,632.49567,159.35895,167.80301,649.61121,191.17619,149.59015,673.90979,219.63437,115.65198,695.0022,247.3569,194.3606,654.54517,297.72388,163.95944,638.65112,318.74976,124.14492,602.91528
3050,25.408,176.10309,215.7944,632.25751,159.35895,167.80301,649.61121,191.34792,149.79984,673.74298,219.55334,115.63626,695.3609,247.17253,193.93445,654.48578,297.91617,163.71758,638.54407,318.79572,123.43311,603.23914
3051,25.417,176.20624,214.53545,632.29346,159.35895,167.80301,649.61121,191.06009,149.99765,674.04547,219.77126,115.67284,694.99561,247.14734,193.93349,654.45209,297.91617,163.71758,638.54407,318.79572,123.43311,603.23914
3052,25.425,176.10309,215.7944,632.25751,159.35895,167.80301,649.61121,191.06009,149.99765,674.04547,219.55334,115.63626,695.3609,247.14734,193.93349,654.45209,297.91617,163.71758,638.54407,318.77319,123.49091,602.96594
3053,25.433,176.22409,216.14024,632.49567,159.35895,167.80301,649.61121,191.06009,149.99765,674.04547,219.77126,115.67284,694.99561,247.14734,193.93349,654.45209,297.78067,163.45174,638.6236,318.77319,123.49091,602.96594
3054,25.442,176.68675,215.71072,632.58313,159.35895,167.80301,649.61121,191.06009,149.99765,674.04547,219.63437,115.65198,695.0022,247.14734,193.93349,654.45209,297.78067,163.45174,638.6236,318.79572,123.43311,603.23914
3055,25.45,176.68675,215.71072,632.58313,159.35895,167.80301,649.61121,191.06009,149.99765,674.04547,219.77126,115.67284,694.99561,247.47282,193.72133,654.51721,297.90628,163.17191,638.69391,318.77319,123.49091,602.96594
3056,25.458,176.5658,215.36478,632.34491,159.35895,167.80301,649.61121,191.39252,149.86777,673.72583,219.66296,115.13457,695.07391,247.47282,193.72133,654.51721,297.90628,163.17191,638.69391,318.52701,123.0291,602.92065
3057,25.467,176.5658,215.36478,632.34491,159.75896,167.55956,649.8269,191.56633,150.08337,673.56384,219.54413,114.58309,695.25421,247.59036,193.71053,654.49103,298.37122,162.86238,638.45013,318.52701,123.0291,602.92065
3058,25.475,176.68675,215.71072,632.58313,159.35895,167.80301,649.61121,191.97771,150.03148,674.08728,219.54413,114.58309,695.25421,247.59036,193.71053,654.49103,298.59201,162.743,638.47644,318.52701,123.0291,602.92065
3059,25.483,176.71614,215.35379,632.35254,159.75896,167.55956,649.8269,191.6936,150.00368,674.10754,219.83258,114.50749,695.16473,247.59036,193.71053,654.49103,298.48712,162.5925,638.34094,318.62631,121.97744,603.14966
3060,25.492,176.68675,215.71072,632.58313,159.5957,167.67233,649.40143,191.91664,149.77036,674.28406,219.83258,114.50749,695.16473,247.59036,193.71053,654.49103,298.78192,162.39268,638.55719,318.77246,121.86232,603.04156
3061,25.5,177.06172,215.10043,632.35876,159.99568,167.42882,649.61719,192.38805,149.68065,674.20654,219.83258,114.50749,695.16473,247.85188,193.23741,654.51929,298.78192,162.39268,638.55719,318.77246,121.86232,603.04156
3062,25.508,177.0762,214.56845,632.59393,159.99568,167.42882,649.61719,192.73871,149.40656,673.93097,219.86407,114.50144,695.63708,247.85188,193.23741,654.51929,298.88678,162.54317,638.69269,318.77246,121.86232,603.04156
3063,25.517,177.23672,214.90456,632.63196,159.99568,167.42882,649.61719,192.67769,149.1454,674.12775,219.94502,114.51695,695.2785,248.22394,192.99919,654.45428,298.88678,162.54317,638.69269,318.91861,121.74706,602.93353
3064,25.525,177.30453,214.48499,632.88,160.55022,167.28749,649.47498,193.04289,148.88911,674.255,219.92479,114.43695,695.85437,248.22394,192.99919,654.45428,299.07565,162.40952,638.50183,319.33865,121.57602,603.01617
3065,25.533,177.30453,214.48499,632.88,160.55022,167.28749,649.47498,193.04289,148.88911,674.255,220.45201,116.07475,695.7868,248.19533,193.58553,654.2077,298.9487,162.27754,638.35852,319.33865,121.57602,603.01617
3066,25.542,177.32408,213.849,632.32019,160.55022,167.28749,649.47498,193.10394,149.15025,674.05823,219.92479,114.43695,695.85437,248.2491,192.91353,654.08746,299.14835,162.17561,638.18689,319.18103,121.11394,603.01477
3067,25.55,177.32408,213.849,632.32019,160.79951,167.02888,649.60382,193.23705,148.72043,673.69299,219.79405,113.92376,695.57935,248.26671,192.87611,654.31427,299.24371,161.94461,638.1261,319.18103,121.11394,603.01477
3068,25.558,177.62862,214.72038,632.54413,160.79951,167.02888,649.60382,193.36896,148.54221,673.82794,220.02628,113.90118,695.58636,248.26671,192.87611,654.31427,299.24371,161.94461,638.1261,319.18103,121.11394,603.01477
3069,25.567,177.62862,214.72038,632.54413,160.95479,165.86481,649.49622,193.36896,148.54221,673.82794,219.89725,113.78536,695.64233,248.27705,193.45218,654.0976,299.23184,161.69565,638.21118,319.35291,121.54229,602.92456
3070,25.575,177.62862,214.72038,632.54413,160.95479,165.86481,649.49622,193.36896,148.54221,673.82794,219.87021,113.72047,695.38092,248.42343,192.89566,654.14447,299.67105,161.42632,638.38293,319.35291,121.54229,602.92456
3071,25.583,177.70547,214.23962,632.53461,160.95479,165.86481,649.49622,193.36896,148.54221,673.82794,220.47971,114.01664,695.8194,248.7494,192.70349,654.04889,299.40829,160.90788,638.17096,319.35291,121.54229,602.92456
3072,25.592,177.82642,214.58546,632.77283,160.95479,165.86481,649.49622,193.36896,148.54221,673.82794,220.63432,113.72624,696.03387,248.7494,192.70349,654.04889,299.40829,160.90788,638.17096,319.35291,121.54229,602.92456
3073,25.6,177.82642,214.58546,632.77283,160.95479,165.86481,649.49622,193.36896,148.54221,673.82794,220.63432,113.72624,696.03387,248.74629,193.49829,654.19214,299.55249,160.88663,637.9397,319.35291,121.54229,602.92456
3074,25.608,177.82642,214.58546,632.77283,160.95479,165.86481,649.49622,193.5798,148.64713,674.3764,220.36597,113.88384,695.88452,248.67131,192.51086,654.1167,299.60583,160.76323,637.75452,319.1423,121.33565,602.57959
3075,25.617,177.82642,214.58546,632.77283,160.95479,165.86481,649.49622,193.36896,148.54221,673.82794,220.63432,113.72624,696.03387,248.7494,192.70349,654.04889,299.40829,160.90788,638.17096,319.35291,121.54229,602.92456
3076,25.625,177.82642,214.58546,632.77283,160.95479,165.86481,649.49622,193.36896,148.54221,673.82794,220.63432,113.72624,696.03387,248.71196,192.33418,654.23767,299.56912,160.94853,637.86957,319.1423,121.33565,602.57959
3077,25.633,177.82642,214.58546,632.77283,160.95479,165.86481,649.49622,193.36896,148.54221,673.82794,221.21214,113.66309,695.73785,248.79922,192.44652,654.45844,299.57431,160.68356,637.80536,319.20129,121.3628,602.80975
3078,25.642,177.79211,214.45987,632.8764,160.95479,165.86481,649.49622,193.36896,148.54221,673.82794,221.09833,113.53027,695.80298,248.78004,192.49652,654.1925,299.55249,160.88663,637.9397,319.20129,121.3628,602.80975
3079,25.65,177.64285,214.0601,632.78729,160.95479,165.86481,649.49622,193.5798,148.64713,674.3764,220.96925,113.41449,695.85895,248.78004,192.49652,654.1925,299.57431,160.68356,637.80536,319.20129,121.3628,602.80975
3080,25.658,177.92909,214.2421,632.82941,161.36008,166.25143,649.46442,193.5798,148.64713,674.3764,221.21214,113.66309,695.73785,248.70769,192.66953,654.0235,299.57431,160.68356,637.80536,318.99625,120.8978,602.89142
3081,25.667,177.82642,214.58546,632.77283,160.95479,165.86481,649.49622,193.5798,148.64713,674.3764,220.63432,113.72624,696.03387,248.68414,192.35649,654.39667,299.60583,160.76323,637.75452,319.20129,121.3628,602.80975
3082,25.675,176.8685,211.78886,633.22821,160.95479,165.86481,649.49622,193.36896,148.54221,673.82794,220.63432,113.72624,696.03387,248.78004,192.49652,654.1925,299.46323,160.66016,637.96338,319.20129,121.3628,602.80975
3083,25.683,176.8685,211.78886,633.22821,160.95479,165.86481,649.49622,193.38292,148.7706,674.75336,221.09833,113.53027,695.80298,248.78004,192.49652,654.1925,299.46323,160.66016,637.96338,319.20129,121.3628,602.80975
3084,25.692,176.97118,211.44481,633.28485,160.95479,165.86481,649.49622,193.5798,148.64713,674.3764,220.63432,113.72624,696.03387,249.07495,192.31381,654.3465,299.57431,160.68356,637.80536,319.20129,121.3628,602.80975
3085,25.7,177.82642,214.58546,632.77283,161.36008,166.25143,649.46442,193.38292,148.7706,674.75336,220.51801,113.66097,695.72998,249.04813,192.28613,654.63104,299.57431,160.68356,637.80536,319.20129,121.3628,602.80975
3086,25.708,177.92909,214.2421,632.82941,161.36008,166.25143,649.46442,193.38292,148.7706,674.75336,220.36597,113.88384,695.88452,249.01746,192.49323,654.48743,299.57431,160.68356,637.80536,319.20129,121.3628,602.80975
3087,25.717,177.24442,211.25165,633.45093,161.36008,166.25143,649.46442,193.5798,148.64713,674.3764,221.09833,113.53027,695.80298,249.07495,192.31381,654.3465,299.46323,160.66016,637.96338,319.20129,121.3628,602.80975
3088,25.725,177.44069,211.09814,633.23706,161.79802,165.73584,649.9137,193.38292,148.7706,674.75336,221.09833,113.53027,695.80298,249.07495,192.31381,654.3465,299.57431,160.68356,637.80536,319.20129,121.3628,602.80975
3089,25.733,177.44069,211.09814,633.23706,161.49446,165.92572,649.62598,193.5798,148.64713,674.3764,221.21214,113.66309,695.73785,249.01025,192.33557,654.26886,299.57431,160.68356,637.80536,319.20129,121.3628,602.80975
3090,25.742,177.50333,210.92563,633.33643,161.36008,166.25143,649.46442,193.5798,148.64713,674.3764,220.74808,113.85903,695.96875,249.01025,192.33557,654.26886,299.57431,160.68356,637.80536,319.1423,121.33565,602.57959
3091,25.75,177.40643,210.97203,633.34064,161.49446,165.92572,649.62598,193.5798,148.64713,674.3764,221.21214,113.66309,695.73785,249.04813,192.28613,654.63104,299.57431,160.68356,637.80536,319.1423,121.33565,602.57959
3092,25.758,177.44069,211.09814,633.23706,161.79802,165.73584,649.9137,193.5798,148.64713,674.3764,221.21214,113.66309,695.73785,249.16113,192.21202,654.15509,299.57431,160.68356,637.80536,319.1423,121.33565,602.57959
3093,25.767,177.50333,210.92563,633.33643,161.79802,165.73584,649.9137,193.5798,148.64713,674.3764,221.21214,113.66309,695.73785,249.12338,192.21474,654.41284,299.57431,160.68356,637.80536,318.91409,120.88914,602.63037
3094,25.775,177.30702,211.07915,633.55035,161.79802,165.73584,649.9137,193.38292,148.7706,674.75336,220.63432,113.72624,696.03387,249.04813,192.28613,654.63104,299.57431,160.68356,637.80536,319.1423,121.33565,602.57959
3095,25.783,177.21016,211.12552,633.5545,161.79802,165.73584,649.9137,193.38292,148.7706,674.75336,221.09833,113.53027,695.80298,249.22652,192.19505,654.23096,299.57431,160.68356,637.80536,319.1423,121.33565,602.57959
3096,25.792,177.30702,211.07915,633.55035,161.79802,165.73584,649.9137,193.38292,148.7706,674.75336,221.09833,113.53027,695.80298,249.19968,192.16739,654.5155,299.57431,160.68356,637.80536,319.1423,121.33565,602.57959
3097,25.8,177.27557,210.92325,633.67432,161.39291,165.34929,649.94562,193.38292,148.7706,674.75336,220.50529,113.61048,696.08978,249.19968,192.16739,654.5155,299.57431,160.68356,637.80536,319.01303,121.13994,602.68298
3098,25.808,177.27557,210.92325,633.67432,161.39291,165.34929,649.94562,193.38292,148.7706,674.75336,220.94215,113.34949,695.5976,249.19968,192.16739,654.5155,299.57431,160.68356,637.80536,319.1423,121.33565,602.57959
3099,25.817,177.27557,210.92325,633.67432,161.39291,165.34929,649.94562,193.38292,148.7706,674.75336,220.96925,113.41449,695.85895,249.19968,192.16739,654.5155,299.42236,160.70567,637.8363,318.99991,120.89439,602.88513
3100,25.825,178.04962,213.19644,633.23297,161.25847,165.67529,649.784,193.38292,148.7706,674.75336,220.96925,113.41449,695.85895,249.19968,192.16739,654.5155,299.57431,160.68356,637.80536,319.01303,121.13994,602.68298
3101,25.833,178.04962,213.19644,633.23297,161.39291,165.34929,649.94562,193.38292,148.7706,674.75336,220.34917,113.4297,695.8844,249.19968,192.16739,654.5155,299.29758,160.49266,637.43829,318.9679,120.78919,602.97766
3102,25.842,177.09233,210.39624,633.68872,161.28125,164.43178,650.41901,193.2019,147.7106,674.65332,220.71614,113.35802,695.17157,249.12338,192.21474,654.41284,299.4837,160.06325,637.50708,318.76791,120.62736,602.75616
3103,25.85,177.09233,210.39624,633.68872,160.97751,164.62195,650.1311,193.38292,148.7706,674.75336,220.81308,113.23371,695.65356,249.19968,192.16739,654.5155,299.33411,160.09288,637.53094,318.9679,120.78919,602.97766
3104,25.858,177.09233,210.39624,633.68872,161.28125,164.43178,650.41901,193.2019,147.7106,674.65332,220.50529,113.61048,696.08978,249.28084,191.73575,654.69684,299.36325,160.29677,638.07001,318.9679,120.78919,602.97766
3105,25.867,177.09233,210.39624,633.68872,161.39291,165.34929,649.94562,193.38292,148.7706,674.75336,220.34917,113.4297,695.8844,249.12338,192.21474,654.41284,299.45889,160.30594,637.92902,318.74658,120.23557,603.05377
3106,25.875,177.09233,210.39624,633.68872,161.39291,165.34929,649.94562,193.2019,147.7106,674.65332,220.36191,113.48032,695.5246,249.05573,191.97935,654.67261,299.45889,160.30594,637.92902,318.74658,120.23557,603.05377
3107,25.883,178.04962,213.19644,633.23297,161.28125,164.43178,650.41901,193.2019,147.7106,674.65332,220.34917,113.4297,695.8844,249.28084,191.73575,654.69684,299.36325,160.29677,638.07001,318.9679,120.78919,602.97766
3108,25.892,178.04962,213.19644,633.23297,161.01213,164.5844,650.55518,193.2019,147.7106,674.65332,220.81308,113.23371,695.65356,248.85641,191.09378,655.03656,299.23846,160.08372,637.672,318.9679,120.78919,602.97766
3109,25.9,178.04962,213.19644,633.23297,161.39291,165.34929,649.94562,193.2019,147.7106,674.65332,220.34917,113.4297,695.8844,249.04813,192.28613,654.63104,299.36325,160.29677,638.07001,318.9679,120.78919,602.97766
3110,25.908,178.04962,213.19644,633.23297,161.01213,164.5844,650.55518,193.38292,148.7706,674.75336,220.34917,113.4297,695.8844,248.9725,192.33826,654.52661,299.23846,160.08372,637.672,318.9679,120.78919,602.97766
3111,25.917,177.09233,210.39624,633.68872,161.01213,164.5844,650.55518,193.38292,148.7706,674.75336,220.50529,113.61048,696.08978,249.04813,192.28613,654.63104,299.36325,160.29677,638.07001,318.9679,120.78919,602.97766
3112,25.925,178.04962,213.19644,633.23297,161.41722,164.97095,650.52325,193.2019,147.7106,674.65332,220.26889,113.69094,696.32513,249.12932,191.85445,654.81238,299.32672,160.6965,637.97736,318.81598,120.74262,602.84503
3113,25.933,178.04962,213.19644,633.23297,160.88698,164.6505,650.74841,193.38292,148.7706,674.75336,220.23695,113.76808,695.94049,249.04813,192.28613,654.63104,299.36325,160.29677,638.07001,318.81598,120.74262,602.84503
3114,25.942,178.04962,213.19644,633.23297,161.01213,164.5844,650.55518,193.2019,147.7106,674.65332,220.08089,113.58739,695.73511,249.04813,192.28613,654.63104,299.23846,160.08372,637.672,318.9679,120.78919,602.97766
3115,25.95,178.04962,213.19644,633.23297,161.01213,164.5844,650.55518,193.38292,148.7706,674.75336,220.23695,113.76808,695.94049,248.77524,191.5257,654.85522,299.23846,160.08372,637.672,318.9679,120.78919,602.97766
3116,25.958,178.04962,213.19644,633.23297,161.01213,164.5844,650.55518,193.2019,147.7106,674.65332,220.08089,113.58739,695.73511,248.77524,191.5257,654.85522,299.27768,160.0347,638.05646,318.9679,120.78919,602.97766
3117,25.967,178.04962,213.19644,633.23297,161.01213,164.5844,650.55518,192.98863,147.54106,674.78094,220.08089,113.58739,695.73511,248.79922,192.44652,654.45844,299.15289,159.82162,637.65839,318.9679,120.78919,602.97766
3118,25.975,178.04962,213.19644,633.23297,160.87775,164.91052,650.39355,193.2019,147.7106,674.65332,220.08089,113.58739,695.73511,248.57938,191.94095,654.4986,298.81949,160.01994,637.63507,318.81598,120.74262,602.84503
3119,25.983,177.77655,213.38927,633.06714,160.51053,165.13873,650.08875,193.2019,147.7106,674.65332,220.08089,113.58739,695.73511,248.57938,191.94095,654.4986,298.81949,160.01994,637.63507,318.81598,120.74262,602.84503
3120,25.992,178.04962,213.19644,633.23297,160.87775,164.91052,650.39355,192.98863,147.54106,674.78094,219.7236,113.28489,695.54364,248.76794,191.82961,654.74927,298.81949,160.01994,637.63507,318.81598,120.74262,602.84503
3121,26,178.04962,213.19644,633.23297,160.87775,164.91052,650.39355,192.98863,147.54106,674.78094,219.57896,113.25702,695.34399,248.34474,191.33566,654.68237,298.81949,160.01994,637.63507,318.69376,120.39014,602.94299
3122,26.008,178.04962,213.19644,633.23297,160.51053,165.13873,650.08875,192.7803,147.48119,674.41742,219.56053,112.75311,695.18298,248.34474,191.33566,654.68237,298.81949,160.01994,637.63507,318.69376,120.39014,602.94299
3123,26.017,178.04962,213.19644,633.23297,160.51053,165.13873,650.08875,192.7803,147.48119,674.41742,219.56053,112.75311,695.18298,248.49498,191.06905,654.97339,298.63654,159.88252,637.53552,318.86707,120.66111,602.7063
3124,26.025,177.91559,213.14702,633.32062,160.51053,165.13873,650.08875,192.7803,147.48119,674.41742,219.88283,112.68177,694.39172,248.34474,191.33566,654.68237,298.81949,160.01994,637.63507,318.6492,120.99932,602.67328
3125,26.033,178.04962,213.19644,633.23297,160.95479,165.86481,649.49622,192.7803,147.48119,674.41742,219.64671,112.76285,694.62701,248.49498,191.06905,654.97339,298.63654,159.88252,637.53552,318.81711,120.78947,602.61298
3126,26.042,177.77655,213.38927,633.06714,160.59375,165.20702,649.84064,192.7803,147.48119,674.41742,219.64671,112.76285,694.62701,248.61496,191.64424,654.6568,298.63654,159.88252,637.53552,318.70029,120.91782,602.53455
3127,26.05,178.04962,213.19644,633.23297,160.84309,164.94792,649.96954,192.97459,147.3125,673.8551,219.64671,112.76285,694.62701,248.61496,191.64424,654.6568,298.63654,159.88252,637.53552,318.70029,120.91782,602.53455
3128,26.058,178.04962,213.19644,633.23297,160.59375,165.20702,649.84064,192.7803,147.48119,674.41742,219.88283,112.68177,694.39172,248.49498,191.06905,654.97339,298.81949,160.01994,637.63507,318.72766,120.81768,602.2608
3129,26.067,178.04962,213.19644,633.23297,160.84309,164.94792,649.96954,192.54671,147.02094,673.99982,219.64671,112.76285,694.62701,248.34474,191.33566,654.68237,298.63654,159.88252,637.53552,318.72766,120.81768,602.2608
3130,26.075,178.04962,213.19644,633.23297,160.59375,165.20702,649.84064,192.7803,147.48119,674.41742,219.66512,113.26672,694.78809,248.34474,191.33566,654.68237,298.63654,159.88252,637.53552,318.56357,121.16636,602.36316
3131,26.083,178.04962,213.19644,633.23297,160.95479,165.86481,649.49622,192.7803,147.48119,674.41742,219.66512,113.26672,694.78809,248.76794,191.82961,654.74927,298.63654,159.88252,637.53552,318.56357,121.16636,602.36316
3132,26.092,178.04962,213.19644,633.23297,160.84309,164.94792,649.96954,192.74101,146.85207,673.43732,219.90125,113.18552,694.55273,248.88039,192.01494,654.63971,298.81949,160.01994,637.63507,318.56357,121.16636,602.36316
3133,26.1,178.04962,213.19644,633.23297,160.70544,166.1237,649.36731,193.18787,147.4819,673.72754,219.66512,113.26672,694.78809,248.76794,191.82961,654.74927,298.73074,159.92789,637.4165,318.56357,121.16636,602.36316
3134,26.108,178.04962,213.19644,633.23297,160.70544,166.1237,649.36731,193.18787,147.4819,673.72754,219.98376,113.23643,694.33691,248.6676,192.3112,654.30206,298.63654,159.88252,637.53552,318.56357,121.16636,602.36316
3135,26.117,178.04962,213.19644,633.23297,160.70544,166.1237,649.36731,192.97459,147.3125,673.8551,219.66512,113.26672,694.78809,248.39464,191.55099,654.526,298.91367,160.06534,637.51605,318.56357,121.16636,602.36316
3136,26.125,178.04962,213.19644,633.23297,160.70544,166.1237,649.36731,193.18787,147.4819,673.72754,219.66124,113.22273,694.77173,248.79922,192.44652,654.45844,298.69427,160.32759,637.32385,318.57407,120.93754,602.19757
3137,26.133,177.77655,213.38927,633.06714,160.70544,166.1237,649.36731,193.18787,147.4819,673.72754,219.66124,113.22273,694.77173,248.59196,192.46054,654.01794,298.78302,160.41966,637.54242,318.46771,120.75356,602.49219
3138,26.142,177.9601,213.9149,633.05267,160.70544,166.1237,649.36731,193.36896,148.54221,673.82794,219.66124,113.22273,694.77173,248.78004,192.49652,654.1925,298.63654,159.88252,637.53552,318.56357,121.16636,602.36316
3139,26.15,177.67387,213.73285,633.01056,160.70544,166.1237,649.36731,193.36896,148.54221,673.82794,219.66124,113.22273,694.77173,248.4201,192.50426,654.25885,298.69427,160.32759,637.32385,318.46771,120.75356,602.49219
3140,26.158,177.85742,214.25836,632.99609,160.70544,166.1237,649.36731,193.36896,148.54221,673.82794,219.66124,113.22273,694.77173,248.41339,192.52599,654.02026,298.87723,160.46504,637.4234,318.46771,120.75356,602.49219
3141,26.167,178.1304,214.06569,633.16187,160.55022,167.28749,649.47498,193.36896,148.54221,673.82794,219.66124,113.22273,694.77173,248.58968,192.55524,654.1861,298.78302,160.41966,637.54242,318.56357,121.16636,602.36316
3142,26.175,177.85742,214.25836,632.99609,160.55022,167.28749,649.47498,193.36896,148.54221,673.82794,219.66124,113.22273,694.77173,248.78004,192.49652,654.1925,298.6857,160.5443,637.45648,318.612,121.35874,602.18823
3143,26.183,177.85742,214.25836,632.99609,160.37305,166.31419,649.48645,193.36896,148.54221,673.82794,219.86859,113.42291,694.55151,248.4201,192.50426,654.25885,298.9086,160.53654,637.35321,319.01208,121.19701,602.27692
3144,26.192,177.85742,214.25836,632.99609,160.70544,166.1237,649.36731,193.36896,148.54221,673.82794,220.22134,115.10789,694.88843,248.33589,191.74493,654.67615,298.96429,160.69096,637.41498,318.66693,121.29662,602.27222
3145,26.2,177.85742,214.25836,632.99609,160.37305,166.31419,649.48645,193.36896,148.54221,673.82794,220.05353,113.17916,694.12396,248.60887,192.50523,654.45209,298.96429,160.69096,637.41498,318.66693,121.29662,602.27222
3146,26.208,177.85742,214.25836,632.99609,160.37305,166.31419,649.48645,193.36896,148.54221,673.82794,220.18542,113.29364,694.07037,248.60887,192.50523,654.45209,298.96429,160.69096,637.41498,318.71536,121.48902,602.09729
3147,26.217,178.1304,214.06569,633.16187,160.37305,166.31419,649.48645,193.36896,148.54221,673.82794,220.18542,113.29364,694.07037,248.60887,192.50523,654.45209,298.96429,160.69096,637.41498,318.70529,121.51949,601.85211
3148,26.225,178.1304,214.06569,633.16187,160.21788,167.47752,649.59406,193.36896,148.54221,673.82794,220.1091,113.27086,694.30023,248.60887,192.50523,654.45209,298.96429,160.69096,637.41498,318.70529,121.51949,601.85211
3149,26.233,178.1304,214.06569,633.16187,160.70544,166.1237,649.36731,193.36896,148.54221,673.82794,219.86859,113.42291,694.55151,248.79922,192.44652,654.45844,298.96429,160.69096,637.41498,318.66693,121.29662,602.27222
3150,26.242,178.1304,214.06569,633.16187,160.37305,166.31419,649.48645,193.36896,148.54221,673.82794,220.18542,113.29364,694.07037,248.78004,192.49652,654.1925,299.00421,160.77928,637.32788,319.06259,121.43182,602.0672
3151,26.25,178.1304,214.06569,633.16187,160.70544,166.1237,649.36731,193.36896,148.54221,673.82794,220.1091,113.27086,694.30023,248.79922,192.44652,654.45844,299.00421,160.77928,637.32788,318.90182,121.58463,601.9812
3152,26.258,178.1304,214.06569,633.16187,160.37305,166.31419,649.48645,193.36896,148.54221,673.82794,220.22411,113.40588,694.23688,248.79922,192.44652,654.45844,298.88928,161.00987,637.13831,318.85843,121.2235,602.10284
3153,26.267,178.1304,214.06569,633.16187,160.21788,167.47752,649.59406,193.17474,148.71085,674.39001,220.30043,113.42865,694.00696,248.79922,192.44652,654.45844,298.88928,161.00987,637.13831,318.85843,121.2235,602.10284
3154,26.275,178.1304,214.06569,633.16187,160.37305,166.31419,649.48645,193.23705,148.72043,673.69299,220.30043,113.42865,694.00696,248.60887,192.50523,654.45209,298.88928,161.00987,637.13831,318.85843,121.2235,602.10284
3155,26.283,178.09937,214.39293,632.9386,160.21788,167.47752,649.59406,193.36896,148.54221,673.82794,220.05988,113.58058,694.25824,248.58908,193.37161,654.3172,298.88928,161.00987,637.13831,318.85843,121.2235,602.10284
3156,26.292,178.1304,214.06569,633.16187,160.11887,167.60303,648.85046,193.23705,148.72043,673.69299,220.13846,113.38696,693.78625,248.79922,192.44652,654.45844,298.88928,161.00987,637.13831,318.85843,121.2235,602.10284
3157,26.3,177.85742,214.25836,632.99609,160.21788,167.47752,649.59406,193.36896,148.54221,673.82794,220.30043,113.42865,694.00696,248.57314,193.56241,654.17065,298.88928,161.00987,637.13831,318.85843,121.2235,602.10284
3158,26.308,177.85742,214.25836,632.99609,160.21788,167.47752,649.59406,193.23705,148.72043,673.69299,220.05988,113.58058,694.25824,248.59421,192.7271,654.29474,298.88928,161.00987,637.13831,318.85843,121.2235,602.10284
3159,26.317,177.85742,214.25836,632.99609,160.55022,167.28749,649.47498,193.36896,148.54221,673.82794,220.30043,113.42865,694.00696,248.60887,192.50523,654.45209,298.88928,161.00987,637.13831,318.78995,121.35715,601.74396
3160,26.325,177.85742,214.25836,632.99609,160.21788,167.47752,649.59406,193.23705,148.72043,673.69299,219.89792,113.53888,694.03754,248.59421,192.7271,654.29474,298.88928,161.00987,637.13831,318.85843,121.2235,602.10284
3161,26.333,177.85742,214.25836,632.99609,160.21788,167.47752,649.59406,193.23705,148.72043,673.69299,219.9449,113.44559,694.32159,248.59421,192.7271,654.29474,298.88928,161.00987,637.13831,318.85843,121.2235,602.10284
3162,26.342,177.79211,214.45987,632.8764,160.21788,167.47752,649.59406,193.23705,148.72043,673.69299,220.13846,113.38696,693.78625,248.59421,192.7271,654.29474,298.88928,161.00987,637.13831,318.89566,121.48886,601.84656
3163,26.35,177.82642,214.58546,632.77283,160.21788,167.47752,649.59406,193.29807,148.98146,673.49622,220.30043,113.42865,694.00696,248.57314,193.56241,654.17065,298.88928,161.00987,637.13831,318.85843,121.2235,602.10284
3164,26.358,177.79211,214.45987,632.8764,160.21788,167.47752,649.59406,193.10394,149.15025,674.05823,220.22411,113.40588,694.23688,248.59421,192.7271,654.29474,298.88928,161.00987,637.13831,318.85843,121.2235,602.10284
3165,26.367,177.79211,214.45987,632.8764,160.21788,167.47752,649.59406,193.10394,149.15025,674.05823,220.30043,113.42865,694.00696,248.57314,193.56241,654.17065,298.88928,161.00987,637.13831,318.85843,121.2235,602.10284
3166,26.375,177.85742,214.25836,632.99609,160.21788,167.47752,649.59406,193.29807,148.98146,673.49622,220.13846,113.38696,693.78625,248.57314,193.56241,654.17065,298.88928,161.00987,637.13831,318.85843,121.2235,602.10284
3167,26.383,177.82642,214.58546,632.77283,160.21788,167.47752,649.59406,193.29807,148.98146,673.49622,220.30043,113.42865,694.00696,248.59421,192.7271,654.29474,298.58688,161.24673,636.83569,318.85843,121.2235,602.10284
3168,26.392,177.79211,214.45987,632.8764,160.21788,167.47752,649.59406,193.29807,148.98146,673.49622,220.30043,113.42865,694.00696,248.59421,192.7271,654.29474,298.88928,161.00987,637.13831,318.85843,121.2235,602.10284
3169,26.4,177.85742,214.25836,632.99609,159.90482,169.14384,648.77155,193.36896,148.54221,673.82794,220.30043,113.42865,694.00696,248.59421,192.7271,654.29474,298.88928,161.00987,637.13831,318.85843,121.2235,602.10284
3170,26.408,177.79211,214.45987,632.8764,160.37305,166.31419,649.48645,193.23705,148.72043,673.69299,220.54088,113.27609,693.75568,248.76859,192.65355,654.31482,298.88928,161.00987,637.13831,318.89566,121.48886,601.84656
3171,26.417,178.1304,214.06569,633.16187,160.37305,166.31419,649.48645,193.29807,148.98146,673.49622,220.13846,113.38696,693.78625,248.60887,192.50523,654.45209,298.88928,161.00987,637.13831,318.89566,121.48886,601.84656
3172,26.425,178.09937,214.39293,632.9386,160.11887,167.60303,648.85046,193.40851,148.79379,673.63794,220.13846,113.38696,693.78625,248.79922,192.44652,654.45844,298.88928,161.00987,637.13831,318.89566,121.48886,601.84656
3173,26.433,178.06506,214.26729,633.04218,160.70544,166.1237,649.36731,193.06444,148.52095,673.07819,220.37889,113.23442,693.53497,248.77798,193.32018,654.32617,298.88928,161.00987,637.13831,318.85843,121.2235,602.10284
3174,26.442,178.1304,214.06569,633.16187,160.55574,167.41562,648.73035,193.23705,148.72043,673.69299,220.13846,113.38696,693.78625,248.77798,193.32018,654.32617,298.88928,161.00987,637.13831,318.89566,121.48886,601.84656
3175,26.45,178.1304,214.06569,633.16187,160.55574,167.41562,648.73035,193.06444,148.52095,673.07819,220.13846,113.38696,693.78625,248.79922,192.44652,654.45844,298.88928,161.00987,637.13831,318.89566,121.48886,601.84656
3176,26.458,178.1304,214.06569,633.16187,160.55574,167.41562,648.73035,193.00343,148.2599,673.27502,220.13846,113.38696,693.78625,248.60887,192.50523,654.45209,298.88928,161.00987,637.13831,318.89566,121.48886,601.84656
3177,26.467,178.06506,214.26729,633.04218,160.70544,166.1237,649.36731,193.00343,148.2599,673.27502,220.37889,113.23442,693.53497,248.60887,192.50523,654.45209,298.88928,161.00987,637.13831,318.82715,121.62246,601.48773
3178,26.475,178.06506,214.26729,633.04218,160.70544,166.1237,649.36731,193.06444,148.52095,673.07819,220.88918,114.99885,693.73633,248.79922,192.44652,654.45844,298.96429,160.69096,637.41498,318.59238,121.8037,601.84192
3179,26.483,178.09937,214.39293,632.9386,160.70544,166.1237,649.36731,192.99416,147.86166,672.67249,220.64851,115.24349,694.05701,248.79922,192.44652,654.45844,299.00421,160.77928,637.32788,318.948,121.76825,601.76788
3180,26.492,178.06506,214.26729,633.04218,162.90164,165.56552,649.60913,193.06444,148.52095,673.07819,220.37889,113.23442,693.53497,248.79922,192.44652,654.45844,298.96429,160.69096,637.41498,318.54474,121.66287,602.02124
3181,26.5,178.06506,214.26729,633.04218,160.55574,167.41562,648.73035,192.31717,148.02103,673.87091,220.13846,113.38696,693.78625,248.79922,192.44652,654.45844,299.00421,160.77928,637.32788,318.90182,121.58463,601.9812
3182,26.508,178.06506,214.26729,633.04218,162.90164,165.56552,649.60913,193.06444,148.52095,673.07819,220.88918,114.99885,693.73633,248.78004,192.49652,654.1925,299.00421,160.77928,637.32788,318.90182,121.58463,601.9812
3183,26.517,178.06506,214.26729,633.04218,162.92732,164.68282,650.34955,193.06444,148.52095,673.07819,220.65698,115.14088,693.96143,248.79922,192.44652,654.45844,299.00421,160.77928,637.32788,318.90182,121.58463,601.9812
3184,26.525,178.06506,214.26729,633.04218,162.90164,165.56552,649.60913,193.17493,148.33327,673.21997,220.88918,114.99885,693.73633,248.78004,192.49652,654.1925,299.34314,160.73276,637.22327,318.78995,121.35715,601.74396
3185,26.533,178.06506,214.26729,633.04218,162.92732,164.68282,650.34955,193.17493,148.33327,673.21997,220.88918,114.99885,693.73633,248.78004,192.49652,654.1925,299.34314,160.73276,637.22327,318.78995,121.35715,601.74396
3186,26.542,178.09937,214.39293,632.9386,162.92732,164.68282,650.34955,193.40851,148.79379,673.63794,220.65698,115.14088,693.96143,248.72275,193.5397,653.94116,298.88928,161.00987,637.13831,318.85843,121.2235,602.10284
3187,26.55,177.82642,214.58546,632.77283,162.92732,164.68282,650.34955,193.40851,148.79379,673.63794,220.88918,114.99885,693.73633,248.72275,193.5397,653.94116,298.88928,161.00987,637.13831,318.85843,121.2235,602.10284
3188,26.558,177.82642,214.58546,632.77283,162.90164,165.56552,649.60913,193.06444,148.52095,673.07819,220.65698,115.14088,693.96143,248.72275,193.5397,653.94116,299.34314,160.73276,637.22327,318.85843,121.2235,602.10284
3189,26.567,178.09937,214.39293,632.9386,162.92732,164.68282,650.34955,193.06444,148.52095,673.07819,220.65698,115.14088,693.96143,248.72275,193.5397,653.94116,299.34314,160.73276,637.22327,318.85843,121.2235,602.10284
3190,26.575,178.09937,214.39293,632.9386,162.92732,164.68282,650.34955,193.29807,148.98146,673.49622,220.65698,115.14088,693.96143,248.72275,193.5397,653.94116,299.34314,160.73276,637.22327,318.85843,121.2235,602.10284
3191,26.583,177.75972,214.39143,632.75476,162.44246,165.08582,650.0625,193.06444,148.52095,673.07819,220.30043,113.42865,694.00696,248.88223,193.18436,653.63062,299.37482,161.6553,637.31946,318.84052,121.73783,602.15424
3192,26.592,177.82642,214.58546,632.77283,162.92732,164.68282,650.34955,193.29807,148.98146,673.49622,220.30043,113.42865,694.00696,248.72275,193.5397,653.94116,299.34314,160.73276,637.22327,318.85843,121.2235,602.10284
3193,26.6,177.82642,214.58546,632.77283,162.92732,164.68282,650.34955,193.29807,148.98146,673.49622,220.30043,113.42865,694.00696,248.7494,192.70349,654.04889,299.34314,160.73276,637.22327,318.8139,121.37701,602.28961
3194,26.608,177.82642,214.58546,632.77283,162.92732,164.68282,650.34955,193.29807,148.98146,673.49622,220.30043,113.42865,694.00696,248.72275,193.5397,653.94116,299.34314,160.73276,637.22327,318.85843,121.2235,602.10284
3195,26.617,178.0265,214.20123,632.4668,162.92732,164.68282,650.34955,193.29807,148.98146,673.49622,220.13846,113.38696,693.78625,248.72275,193.5397,653.94116,299.34314,160.73276,637.22327,318.8139,121.37701,602.28961
3196,26.625,177.04903,212.31084,633.29041,162.92732,164.68282,650.34955,193.29807,148.98146,673.49622,220.30043,113.42865,694.00696,248.85042,193.95213,653.55353,298.88928,161.00987,637.13831,318.8139,121.37701,602.28961
3197,26.633,177.04903,212.31084,633.29041,162.92732,164.68282,650.34955,193.29807,148.98146,673.49622,220.47015,113.83115,694.12286,248.88223,193.18436,653.63062,299.78458,161.82138,637.17755,318.79739,121.02149,602.56396
3198,26.642,177.04903,212.31084,633.29041,162.92732,164.68282,650.34955,193.29807,148.98146,673.49622,220.22957,113.98314,694.37415,248.85042,193.95213,653.55353,299.33084,162.09833,637.09265,318.8139,121.37701,602.28961
3199,26.65,177.04903,212.31084,633.29041,162.44246,165.08582,650.0625,193.29807,148.98146,673.49622,220.22957,113.98314,694.37415,248.67725,194.01624,653.5321,299.80249,161.65422,637.30334,318.52765,121.31198,602.39404
3200,26.658,177.04903,212.31084,633.29041,161.98434,166.42508,650.19312,193.29807,148.98146,673.49622,220.47015,113.83115,694.12286,248.57832,194.19574,653.40814,299.33084,162.09833,637.09265,318.96848,121.20376,602.37891
3201,26.667,177.04903,212.31084,633.29041,161.98434,166.42508,650.19312,193.29807,148.98146,673.49622,220.22957,113.98314,694.37415,248.54959,193.60382,653.91968,299.04721,160.8582,637.22327,318.67371,121.14321,602.46545
3202,26.675,177.04903,212.31084,633.29041,161.98434,166.42508,650.19312,193.29807,148.98146,673.49622,220.22957,113.98314,694.37415,248.72275,193.5397,653.94116,298.88928,161.00987,637.13831,318.91409,120.88914,602.63037
3203,26.683,177.04903,212.31084,633.29041,161.98434,166.42508,650.19312,193.29807,148.98146,673.49622,220.72057,115.58686,694.49683,248.45065,193.78342,653.79572,298.88928,161.00987,637.13831,318.91409,120.88914,602.63037
3204,26.692,176.85104,212.4462,633.06146,161.98434,166.42508,650.19312,193.29807,148.98146,673.49622,220.78329,115.3508,694.65253,248.57832,194.19574,653.40814,299.33084,162.09833,637.09265,318.96848,121.20376,602.37891
3205,26.7,177.04903,212.31084,633.29041,161.98434,166.42508,650.19312,193.29807,148.98146,673.49622,220.15324,113.96047,694.604,248.67725,194.01624,653.5321,299.33084,162.09833,637.09265,318.91409,120.88914,602.63037
3206,26.708,177.75972,214.39143,632.75476,161.98434,166.42508,650.19312,193.29807,148.98146,673.49622,220.02559,114.49498,694.31915,248.67725,194.01624,653.5321,299.33084,162.09833,637.09265,318.91409,120.88914,602.63037
3207,26.717,177.04903,212.31084,633.29041,161.98434,166.42508,650.19312,193.29807,148.98146,673.49622,220.23262,114.0116,694.38525,248.45065,193.78342,653.79572,298.88928,161.00987,637.13831,318.91409,120.88914,602.63037
3208,26.725,177.04903,212.31084,633.29041,161.98434,166.42508,650.19312,193.29807,148.98146,673.49622,220.23262,114.0116,694.38525,248.50414,192.59854,654.0993,298.83545,160.94176,637.09375,318.91409,120.88914,602.63037
3209,26.733,177.04903,212.31084,633.29041,161.98434,166.42508,650.19312,193.29807,148.98146,673.49622,220.15013,113.96082,694.60107,248.40176,193.70781,654.02734,298.88928,161.00987,637.13831,318.91409,120.88914,602.63037
3210,26.742,177.04903,212.31084,633.29041,161.98434,166.42508,650.19312,193.29807,148.98146,673.49622,219.89169,113.80074,694.46674,248.57503,192.77704,654.02881,298.88928,161.00987,637.13831,318.91409,120.88914,602.63037
3211,26.75,176.85104,212.4462,633.06146,161.98434,166.42508,650.19312,193.29807,148.98146,673.49622,219.81195,113.50385,694.15796,248.54959,193.60382,653.91968,298.88928,161.00987,637.13831,318.96848,121.20376,602.37891
3212,26.758,177.04903,212.31084,633.29041,161.98434,166.42508,650.19312,193.29807,148.98146,673.49622,220.21027,114.94001,694.51251,248.42343,192.89566,654.14447,298.78152,160.94797,637.31573,318.91409,120.88914,602.63037
3213,26.767,177.04903,212.31084,633.29041,161.98434,166.42508,650.19312,193.29807,148.98146,673.49622,220.16747,114.99915,694.28644,248.44263,192.8457,654.41034,298.96429,160.69096,637.41498,318.62631,121.42062,602.42053
3214,26.775,177.04903,212.31084,633.29041,160.55022,167.28749,649.47498,193.29807,148.98146,673.49622,220.05273,114.9158,694.33698,248.44263,192.8457,654.41034,298.78906,160.79669,637.43134,318.55185,121.05284,602.54688
3215,26.783,176.85104,212.4462,633.06146,160.59863,167.543,649.41077,193.29807,148.98146,673.49622,220.05273,114.9158,694.33698,248.44263,192.8457,654.41034,298.78906,160.79669,637.43134,318.55185,121.05284,602.54688
3216,26.792,176.85104,212.4462,633.06146,161.98434,166.42508,650.19312,192.93279,149.23779,673.36896,219.98105,114.93392,694.57214,248.44263,192.8457,654.41034,298.86862,160.68178,637.55603,318.62631,121.42062,602.42053
3217,26.8,176.67049,211.92427,632.99921,160.55022,167.28749,649.47498,192.63164,149.10179,672.98712,219.95168,114.84971,694.56891,248.44263,192.8457,654.41034,298.86862,160.68178,637.55603,318.62631,121.42062,602.42053
3218,26.808,176.85104,212.4462,633.06146,160.55022,167.28749,649.47498,192.63164,149.10179,672.98712,219.98535,114.83822,694.48419,248.44263,192.8457,654.41034,298.86862,160.68178,637.55603,318.62631,121.42062,602.42053
3219,26.817,176.85104,212.4462,633.06146,161.62099,166.45946,650.20367,192.93279,149.23779,673.36896,219.95168,114.84971,694.56891,248.25471,192.80447,654.23871,298.69968,160.78267,637.73798,318.62631,121.42062,602.42053
3220,26.825,176.85104,212.4462,633.06146,160.32803,167.23898,649.49811,192.43762,149.27081,673.54919,219.95168,114.84971,694.56891,248.26923,192.62769,654.37274,298.78278,161.24501,638.33771,318.55185,121.05284,602.54688
3221,26.833,176.67049,211.92427,632.99921,159.93417,167.47707,649.31274,192.14801,149.80605,673.62805,219.94981,114.9523,694.65717,248.44263,192.8457,654.41034,298.78278,161.24501,638.33771,318.62631,121.42062,602.42053
3222,26.842,176.48817,212.38686,632.60797,159.5957,167.67233,649.40143,192.43762,149.27081,673.54919,219.48328,113.29565,694.34784,248.34407,193.05409,654.27881,298.78278,161.24501,638.33771,318.62631,121.42062,602.42053
3223,26.85,176.48817,212.38686,632.60797,159.81795,167.72124,649.3783,192.14801,149.80605,673.62805,219.48328,113.29565,694.34784,248.11653,193.15935,654.40155,298.78278,161.24501,638.33771,318.62631,121.42062,602.42053
3224,26.858,176.48817,212.38686,632.60797,159.5957,167.67233,649.40143,192.03767,149.9939,673.48639,219.48328,113.29565,694.34784,248.03351,192.92355,654.3609,298.78278,161.24501,638.33771,318.55185,121.05284,602.54688
3225,26.867,176.57938,212.15541,632.80353,159.5957,167.67233,649.40143,192.03767,149.9939,673.48639,219.25806,113.35291,694.37524,248.11653,193.15935,654.40155,298.78278,161.24501,638.33771,318.62631,121.42062,602.42053
3226,26.875,176.48817,212.38686,632.60797,159.81795,167.72124,649.3783,192.03767,149.9939,673.48639,219.48328,113.29565,694.34784,248.11653,193.15935,654.40155,298.77499,161.36847,638.27747,318.55185,121.05284,602.54688
3227,26.883,176.48817,212.38686,632.60797,159.81795,167.72124,649.3783,192.03767,149.9939,673.48639,219.42032,113.70054,694.46814,247.94044,193.09807,654.25232,298.78278,161.24501,638.33771,318.55185,121.05284,602.54688
3228,26.892,176.48817,212.38686,632.60797,159.81795,167.72124,649.3783,192.03767,149.9939,673.48639,220.08769,115.11745,694.65515,248.11653,193.15935,654.40155,298.77499,161.36847,638.27747,318.55185,121.05284,602.54688
3229,26.9,176.57938,212.15541,632.80353,159.81795,167.72124,649.3783,192.03767,149.9939,673.48639,220.16823,115.38075,694.69049,248.0031,193.12595,654.55896,298.8035,161.48274,638.16095,318.55185,121.05284,602.54688
3230,26.908,176.48817,212.38686,632.60797,160.21788,167.47752,649.59406,192.03767,149.9939,673.48639,219.25806,113.35291,694.37524,248.11653,193.15935,654.40155,298.78278,161.24501,638.33771,318.62631,121.42062,602.42053
3231,26.917,176.57938,212.15541,632.80353,160.21788,167.47752,649.59406,192.32726,149.45869,673.40747,219.64551,113.64328,694.44073,248.11653,193.15935,654.40155,298.77499,161.36847,638.27747,318.55185,121.05284,602.54688
3232,26.925,176.48817,212.38686,632.60797,160.21788,167.47752,649.59406,192.43762,149.27081,673.54919,219.48328,113.29565,694.34784,248.11653,193.15935,654.40155,298.78278,161.24501,638.33771,318.62631,121.42062,602.42053
3233,26.933,176.48817,212.38686,632.60797,160.21788,167.47752,649.59406,192.43762,149.27081,673.54919,219.56326,113.39356,694.18903,248.26671,192.87611,654.31427,298.95193,162.18521,638.43103,318.55185,121.05284,602.54688
3234,26.942,176.16139,210.95734,632.83582,160.55022,167.28749,649.47498,192.43762,149.27081,673.54919,220.01906,114.92729,694.42169,248.04587,193.00288,654.41901,299.00174,161.78308,638.41431,318.62631,121.42062,602.42053
3235,26.95,176.57938,212.15541,632.80353,160.21788,167.47752,649.59406,192.32726,149.45869,673.40747,220.05273,114.9158,694.33698,248.44263,192.8457,654.41034,299.0607,161.979,638.51367,318.55185,121.05284,602.54688
3236,26.958,176.57938,212.15541,632.80353,160.55022,167.28749,649.47498,192.43762,149.27081,673.54919,219.95168,114.84971,694.56891,248.21506,192.95099,654.53308,298.78278,161.24501,638.33771,318.62631,121.42062,602.42053
3237,26.967,177.5376,214.95096,632.34851,160.55022,167.28749,649.47498,192.43762,149.27081,673.54919,220.01906,114.92729,694.42169,248.39746,192.5013,654.5578,298.72168,161.17708,638.13306,318.62631,121.42062,602.42053
3238,26.975,176.57938,212.15541,632.80353,160.55022,167.28749,649.47498,192.43762,149.27081,673.54919,220.01906,114.92729,694.42169,248.17657,192.62811,654.66248,298.68634,161.28912,638.06207,318.55185,121.05284,602.54688
3239,26.983,176.16139,210.95734,632.83582,160.21788,167.47752,649.59406,192.43762,149.27081,673.54919,219.98535,114.83822,694.48419,248.15001,192.81471,654.53003,298.72168,161.17708,638.13306,318.62631,121.42062,602.42053
3240,26.992,176.67049,211.92427,632.99921,161.98434,166.42508,650.19312,192.43762,149.27081,673.54919,219.56326,113.39356,694.18903,248.01358,192.67685,654.49323,298.90302,161.61218,638.32239,318.55185,121.05284,602.54688
3241,27,176.67049,211.92427,632.99921,161.98434,166.42508,650.19312,192.99684,148.84544,673.11432,219.98535,114.83822,694.48419,248.22971,192.72913,654.69043,298.78278,161.24501,638.33771,318.62631,121.42062,602.42053
3242,27.008,176.67049,211.92427,632.99921,161.98434,166.42508,650.19312,192.51776,148.68195,672.6781,219.64575,113.44441,693.97314,248.39746,192.5013,654.5578,298.72168,161.17708,638.13306,318.62631,121.42062,602.42053
3243,27.017,176.67049,211.92427,632.99921,161.98434,166.42508,650.19312,192.63164,149.10179,672.98712,219.64575,113.44441,693.97314,248.39746,192.5013,654.5578,298.72168,161.17708,638.13306,318.62631,121.42062,602.42053
3244,27.025,177.62862,214.72038,632.54413,161.98434,166.42508,650.19312,192.76324,148.38492,672.69623,219.54489,112.8897,694.02795,248.2294,192.54329,654.38702,298.72168,161.17708,638.13306,318.62631,121.42062,602.42053
3245,27.033,177.62862,214.72038,632.54413,161.62099,166.45946,650.20367,192.63164,149.10179,672.98712,219.54489,112.8897,694.02795,248.2294,192.54329,654.38702,298.72168,161.17708,638.13306,318.55185,121.05284,602.54688
3246,27.042,177.62862,214.72038,632.54413,161.62099,166.45946,650.20367,192.51776,148.68195,672.6781,219.62738,112.94055,693.81207,248.14082,192.43562,654.4693,298.72168,161.17708,638.13306,318.62631,121.42062,602.42053
3247,27.05,176.55948,211.85681,633.09039,161.98434,166.42508,650.19312,192.51776,148.68195,672.6781,219.54489,112.8897,694.02795,248.08287,192.48987,654.75385,298.72168,161.17708,638.13306,318.62631,121.42062,602.42053
3248,27.058,176.55948,211.85681,633.09039,161.98434,166.42508,650.19312,192.51776,148.68195,672.6781,219.54489,112.8897,694.02795,248.08287,192.48987,654.75385,298.72168,161.17708,638.13306,318.62631,121.42062,602.42053
3249,27.067,176.3354,211.20906,633.20734,161.62099,166.45946,650.20367,192.51776,148.68195,672.6781,219.62738,112.94055,693.81207,248.11722,192.54376,654.79999,298.78278,161.24501,638.33771,318.62631,121.42062,602.42053
3250,27.075,177.29323,214.00731,632.75232,161.62099,166.45946,650.20367,192.51776,148.68195,672.6781,219.62738,112.94055,693.81207,248.11722,192.54376,654.79999,298.82449,160.99556,638.13593,318.62631,121.42062,602.42053
3251,27.083,177.29323,214.00731,632.75232,161.62099,166.45946,650.20367,192.51776,148.68195,672.6781,219.43895,112.61517,693.74695,247.93214,191.88353,654.6524,298.82449,160.99556,638.13593,318.55185,121.05284,602.54688
3252,27.092,177.14946,213.71904,632.59668,161.62099,166.45946,650.20367,192.63194,147.46463,672.48743,219.30194,112.59438,693.75348,247.49579,191.73819,654.7666,298.62219,160.99994,637.79034,318.62631,121.42062,602.42053
3253,27.1,177.14946,213.71904,632.59668,161.62099,166.45946,650.20367,192.34274,148.00082,672.56616,219.21367,112.67252,693.77435,247.54056,191.84578,654.69275,298.54141,160.99278,638.01086,318.55185,121.05284,602.54688
3254,27.108,177.14946,213.71904,632.59668,161.62099,166.45946,650.20367,192.19838,148.0435,672.53363,219.21367,112.67252,693.77435,247.92073,192.34883,654.71082,298.70798,160.95619,638.20697,318.62631,121.42062,602.42053
3255,27.117,177.14946,213.71904,632.59668,161.62099,166.45946,650.20367,192.34274,148.00082,672.56616,219.07666,112.65166,693.78094,247.92073,192.34883,654.71082,298.66626,161.20563,638.40875,318.62631,121.42062,602.42053
3256,27.125,177.14946,213.71904,632.59668,161.62099,166.45946,650.20367,192.11934,147.78809,672.72668,219.07666,112.65166,693.78094,247.77516,192.45085,654.50903,298.54141,160.99278,638.01086,318.55185,121.05284,602.54688
3257,27.133,177.14946,213.71904,632.59668,161.1012,165.84108,649.87408,192.22723,146.1917,672.54755,219.62578,114.36741,693.9541,247.60736,191.48407,654.98126,298.57074,160.75241,637.67804,318.62631,121.42062,602.42053
3258,27.142,177.14946,213.71904,632.59668,161.1012,165.84108,649.87408,192.22723,146.1917,672.54755,219.97031,114.29671,693.9314,247.60736,191.48407,654.98126,298.67026,160.92958,638.02075,318.62631,121.42062,602.42053
3259,27.15,177.14946,213.71904,632.59668,161.1012,165.84108,649.87408,191.93814,146.72762,672.62622,219.43895,112.61517,693.74695,247.64781,191.58858,654.93488,298.70798,160.95619,638.20697,318.62631,121.42062,602.42053
3260,27.158,177.14946,213.71904,632.59668,161.1012,165.84108,649.87408,192.22723,146.1917,672.54755,219.47606,112.5588,693.98761,247.49579,191.73819,654.7666,298.61359,161.15671,638.19482,318.55185,121.05284,602.54688
3261,27.167,177.02853,213.37294,632.3584,161.55943,164.50195,649.74353,192.22723,146.1917,672.54755,219.35898,112.5173,693.90576,247.54056,191.84578,654.69275,298.66626,161.20563,638.40875,318.55185,121.05284,602.54688
3262,27.175,177.14946,213.71904,632.59668,161.55943,164.50195,649.74353,192.22723,146.1917,672.54755,219.35646,112.56433,693.96283,247.54056,191.84578,654.69275,298.66626,161.20563,638.40875,318.62631,121.42062,602.42053
3263,27.183,177.14946,213.71904,632.59668,161.55943,164.50195,649.74353,192.22723,146.1917,672.54755,219.43895,112.61517,693.74695,247.81303,192.08549,654.79803,298.61359,161.15671,638.19482,318.62631,121.42062,602.42053
3264,27.192,177.14946,213.71904,632.59668,161.55943,164.50195,649.74353,192.45081,146.40459,672.38696,219.35898,112.5173,693.90576,247.60736,191.48407,654.98126,298.61359,161.15671,638.19482,318.62631,121.42062,602.42053
3265,27.2,177.14946,213.71904,632.59668,161.55943,164.50195,649.74353,192.22723,146.1917,672.54755,219.35898,112.5173,693.90576,247.60736,191.48407,654.98126,298.61359,161.15671,638.19482,318.62631,121.42062,602.42053
3266,27.208,177.02853,213.37294,632.3584,161.55943,164.50195,649.74353,192.22723,146.1917,672.54755,219.30194,112.59438,693.75348,247.60736,191.48407,654.98126,298.61359,161.15671,638.19482,318.62631,121.42062,602.42053
3267,27.217,177.07727,213.18413,632.47546,161.55943,164.50195,649.74353,192.22723,146.1917,672.54755,219.35898,112.5173,693.90576,247.49579,191.73819,654.7666,298.61359,161.15671,638.19482,318.55185,121.05284,602.54688
3268,27.225,177.07727,213.18413,632.47546,161.55943,164.50195,649.74353,192.22723,146.1917,672.54755,219.13116,112.62164,693.9903,247.60736,191.48407,654.98126,298.61359,161.15671,638.19482,318.62631,121.42062,602.42053
3269,27.233,177.19821,213.53026,632.71375,161.55943,164.50195,649.74353,192.22723,146.1917,672.54755,219.13945,112.44563,694.12823,247.64781,191.58858,654.93488,298.4989,161.41109,638.55511,318.62631,121.42062,602.42053
3270,27.242,177.02853,213.37294,632.3584,161.55943,164.50195,649.74353,192.22723,146.1917,672.54755,219.05116,112.52373,694.14911,247.26559,191.71065,654.9104,298.61359,161.15671,638.19482,318.62631,121.42062,602.42053
3271,27.25,177.02853,213.37294,632.3584,161.55943,164.50195,649.74353,191.93814,146.72762,672.62622,218.91412,112.50285,694.1557,247.45006,191.75839,654.84985,298.4989,161.41109,638.55511,318.62631,121.42062,602.42053
3272,27.258,177.02853,213.37294,632.3584,161.55943,164.50195,649.74353,191.93814,146.72762,672.62622,218.99666,112.55375,693.93982,247.17278,191.95314,654.7179,298.61359,161.15671,638.19482,318.62631,121.42062,602.42053
3273,27.267,177.02853,213.37294,632.3584,161.1012,165.84108,649.87408,191.3329,146.86879,672.83185,218.99666,112.55375,693.93982,247.17278,191.95314,654.7179,298.44223,161.35922,638.32159,318.61945,121.10364,602.77783
3274,27.275,177.02853,213.37294,632.3584,161.1012,165.84108,649.87408,190.9675,147.12366,672.70496,218.91412,112.50285,694.1557,247.20923,192.04546,654.63605,298.4989,161.41109,638.55511,318.62631,121.42062,602.42053
3275,27.283,177.39619,213.78413,632.55133,161.1012,165.84108,649.87408,191.1489,148.18425,672.80524,218.65356,112.20431,694.14825,247.24805,191.87625,655.00562,298.4989,161.41109,638.55511,318.62631,121.42062,602.42053
3276,27.292,177.02853,213.37294,632.3584,161.1012,165.84108,649.87408,191.1489,148.18425,672.80524,218.91412,112.50285,694.1557,247.21439,191.79005,655.0423,298.44223,161.35922,638.32159,318.62631,121.42062,602.42053
3277,27.3,176.45436,213.70996,632.06598,161.1012,165.84108,649.87408,191.1489,148.18425,672.80524,218.91412,112.50285,694.1557,247.24805,191.87625,655.00562,298.43274,161.62149,638.63849,318.67557,121.47659,602.62952
3278,27.308,176.93944,214.08829,632.59674,161.1012,165.84108,649.87408,191.1489,148.18425,672.80524,218.73463,112.91541,694.38501,247.21439,191.79005,655.0423,297.86139,161.88715,638.36395,318.67557,121.47659,602.62952
3279,27.317,176.68266,213.62671,632.35217,161.1012,165.84108,649.87408,190.66217,148.44252,672.45184,218.91412,112.50285,694.1557,247.11591,192.03627,654.84302,297.86139,161.88715,638.36395,318.52853,121.63397,602.76392
3280,27.325,176.45436,213.70996,632.06598,161.1012,165.84108,649.87408,190.74127,148.64859,672.29639,218.93256,113.0065,694.31671,247.24805,191.87625,655.00562,297.49081,162.16963,638.70319,318.66159,121.78159,602.85046
3281,27.333,176.45436,213.70996,632.06598,161.1012,165.84108,649.87408,190.66217,148.44252,672.45184,218.75874,113.13097,694.07324,247.07625,191.94522,654.96613,297.44778,162.14909,638.45264,318.51633,121.90073,602.95728
3282,27.342,176.67598,214.64282,632.04089,160.80737,166.10303,650.21899,190.66217,148.44252,672.45184,218.51373,112.94181,694.11621,246.67809,192.37695,654.73718,297.44717,162.11125,638.59619,318.60251,122.63139,603.09882
3283,27.35,176.67598,214.64282,632.04089,160.80737,166.10303,650.21899,190.74127,148.64859,672.29639,218.06927,113.06384,694.07318,246.80525,193.01968,654.48798,297.44778,162.14909,638.45264,318.55087,122.37518,602.9715
3284,27.358,176.43993,214.24194,631.83075,160.80737,166.10303,650.21899,190.33908,148.75868,672.49518,218.93256,113.0065,694.31671,246.89334,192.92921,654.60822,297.35956,162.22166,638.54419,318.50296,123.14784,602.82977
3285,27.367,177.96553,214.75105,631.65308,160.66666,166.60115,649.81445,190.11942,148.79129,672.47003,218.51373,112.94181,694.11621,246.752,193.23747,654.66852,297.35956,162.22166,638.54419,318.50296,123.14784,602.82977
3286,27.375,177.96553,214.75105,631.65308,160.66666,166.60115,649.81445,190.42802,149.34898,673.31744,218.06927,113.06384,694.07318,246.752,193.23747,654.66852,297.45834,162.39265,638.63611,318.50296,123.14784,602.82977
3287,27.383,177.84256,214.94978,631.55768,160.66666,166.60115,649.81445,190.42409,149.91106,673.29358,218.61053,113.60517,694.39044,246.62997,193.29155,654.86737,297.54428,162.52951,638.7608,318.23694,123.2597,602.93042
3288,27.392,177.8893,215.04752,631.46918,160.66666,166.60115,649.81445,190.42409,149.91106,673.29358,218.69125,114.31544,694.6272,246.12485,192.88412,654.92029,297.45834,162.39265,638.63611,318.49515,123.58594,603.06335
3289,27.4,176.11507,214.9827,631.88483,160.66666,166.60115,649.81445,190.42409,149.91106,673.29358,218.18823,114.30173,694.54492,246.39032,193.28139,654.88251,297.32172,162.93678,638.72754,318.44342,123.63943,602.97974
3290,27.408,178.11099,215.2215,631.54016,160.66666,166.60115,649.81445,190.1971,149.87169,673.3418,218.17628,114.55534,694.52069,246.51477,193.65535,654.67041,297.32172,162.93678,638.72754,318.39703,124.1987,602.95758
3291,27.417,178.11099,215.2215,631.54016,160.66666,166.60115,649.81445,190.34242,150.30547,672.80542,218.4333,115.76646,694.39081,246.51477,193.65535,654.67041,297.41714,163.2347,638.79205,318.39703,124.1987,602.95758
3292,27.425,178.11099,215.2215,631.54016,160.66666,166.60115,649.81445,190.41676,150.40184,673.23505,218.06537,115.73966,694.2832,246.51477,193.65535,654.67041,297.48825,163.63934,638.80518,318.4718,124.23993,603.01263
3293,27.433,178.23212,215.56749,631.77844,160.66666,166.60115,649.81445,190.41676,150.40184,673.23505,218.06537,115.73966,694.2832,246.51477,193.65535,654.67041,297.50308,163.37155,638.91675,318.39703,124.1987,602.95758
3294,27.442,176.16174,215.08044,631.79639,160.66666,166.60115,649.81445,190.41676,150.40184,673.23505,217.97087,115.45631,694.18518,246.39003,193.35402,654.60297,297.46103,163.60057,639.07373,317.98654,124.40229,602.82275
3295,27.45,176.01538,213.93095,631.78546,160.66666,166.60115,649.81445,190.41676,150.40184,673.23505,218.06537,115.73966,694.2832,246.51477,193.65535,654.67041,297.08987,164.12276,638.96191,318.02866,124.45047,602.8399
3296,27.458,176.01538,213.93095,631.78546,157.84221,168.30716,648.57306,189.73257,150.35652,672.64056,218.77055,117.90578,694.75189,246.51477,193.65535,654.67041,296.87003,163.63084,638.76184,318.02866,124.45047,602.8399
3297,27.467,175.45863,214.0406,631.80859,158.00589,168.30231,648.81293,189.94363,150.46159,673.18909,218.06537,115.73966,694.2832,246.51477,193.65535,654.67041,297.08987,164.12276,638.96191,318.02866,124.45047,602.8399
3298,27.475,175.16647,215.63814,631.94464,158.00589,168.30231,648.81293,189.94363,150.46159,673.18909,218.06537,115.73966,694.2832,246.51477,193.65535,654.67041,296.90128,164.54828,639.03058,318.02866,124.45047,602.8399
3299,27.483,175.41753,214.58455,632.12402,158.09636,168.64859,648.64246,190.42545,151.29518,673.55499,217.82394,115.58037,694.34064,246.36,193.7784,654.44598,296.90128,164.54828,639.03058,318.02866,124.45047,602.8399
3300,27.492,175.13135,216.31342,632.3775,158.09636,168.64859,648.64246,189.94363,150.46159,673.18909,217.82394,115.58037,694.34064,246.36,193.7784,654.44598,296.90128,164.54828,639.03058,318.02866,124.45047,602.8399
3301,27.5,175.11667,215.74861,632.30865,158.06834,168.99908,648.4693,189.73257,150.35652,672.64056,217.69954,115.66444,694.29333,246.36,193.7784,654.44598,296.90128,164.54828,639.03058,318.02866,124.45047,602.8399
3302,27.508,177.11543,215.60371,631.90778,157.88153,169.16905,648.38452,189.78264,150.12459,672.89081,217.91336,115.7964,694.23749,246.29427,193.87891,654.44006,296.90128,164.54828,639.03058,318.02866,124.45047,602.8399
3303,27.517,175.0289,216.65669,632.32098,158.32115,168.91238,648.32837,189.73257,150.35652,672.64056,217.69954,115.66444,694.29333,246.36,193.7784,654.44598,296.90128,164.54828,639.03058,318.02866,124.45047,602.8399
3304,27.525,175.0289,216.65669,632.32098,158.32115,168.91238,648.32837,189.49352,149.87463,672.2077,217.69954,115.66444,694.29333,246.29427,193.87891,654.44006,296.90128,164.54828,639.03058,318.02866,124.45047,602.8399
3305,27.533,175.0289,216.65669,632.32098,158.32115,168.91238,648.32837,189.62259,150.06981,672.05414,218.01874,116.07422,694.32617,246.13454,194.15138,654.60406,296.90128,164.54828,639.03058,318.02866,124.45047,602.8399
3306,27.542,174.93457,216.82759,632.23474,157.88153,169.16905,648.38452,189.73257,150.35652,672.64056,218.01874,116.07422,694.32617,245.9102,194.27762,654.41193,296.86526,164.73796,638.89075,317.87512,124.88315,602.77155
3307,27.55,175.38759,216.83138,632.4082,158.06834,168.99908,648.4693,189.86725,150.55374,672.49225,217.88327,116.32288,694.31726,245.9102,194.27762,654.41193,296.86526,164.73796,638.89075,317.87512,124.88315,602.77155
3308,27.558,175.26654,216.4857,632.1701,157.73071,170.22469,648.42841,189.86725,150.55374,672.49225,218.31921,116.67935,694.3811,245.9102,194.27762,654.41193,296.86526,164.73796,638.89075,318.20923,124.96168,603.29193
3309,27.567,175.17223,216.6566,632.08386,158.20558,169.93652,648.60553,189.36342,151.04686,672.3855,218.5107,116.62695,694.28992,246.13454,194.15138,654.60406,297.00082,165.00389,638.81122,318.20923,124.96168,603.29193
3310,27.575,175.17223,216.6566,632.08386,158.39232,169.76654,648.69025,190.07829,150.65889,673.04077,218.29535,116.68983,694.57404,246.33275,194.16759,654.51434,297.04697,165.00351,639.00916,318.41946,125.42406,603.13373
3311,27.583,175.42691,216.46201,631.91956,158.39232,169.76654,648.69025,189.65958,151.24461,672.70648,218.5107,116.62695,694.28992,246.33275,194.16759,654.51434,297.00082,165.00389,638.81122,318.75931,125.27249,603.21136
3312,27.592,175.42691,216.46201,631.91956,158.39232,169.76654,648.69025,189.86725,150.55374,672.49225,218.5107,116.62695,694.28992,246.01245,194.45958,654.32855,297.00082,165.00389,638.81122,318.68668,125.35552,602.90918
3313,27.6,175.52126,216.29105,632.0058,158.39232,169.76654,648.69025,189.86725,150.55374,672.49225,218.9136,118.08601,694.58057,246.33275,194.16759,654.51434,297.00082,165.00389,638.81122,318.41946,125.42406,603.13373
3314,27.608,175.52126,216.29105,632.0058,158.39232,169.76654,648.69025,189.62259,150.06981,672.05414,218.63751,116.51885,694.58081,246.39157,194.07018,654.35767,297.00082,165.00389,638.81122,318.24377,125.56599,602.73651
3315,27.617,175.42691,216.46201,631.91956,158.42029,169.41606,648.86334,189.62259,150.06981,672.05414,218.63751,116.51885,694.58081,246.39157,194.07018,654.35767,297.00082,165.00389,638.81122,318.68668,125.35552,602.90918
3316,27.625,175.52126,216.29105,632.0058,158.39232,169.76654,648.69025,190.47704,150.50266,672.6571,218.63751,116.51885,694.58081,246.46225,193.9603,654.36267,297.371,164.76454,638.81769,318.68668,125.35552,602.90918
3317,27.633,175.42691,216.46201,631.91956,158.39232,169.76654,648.69025,190.66322,150.32043,672.5697,218.9288,116.44855,694.68115,246.39157,194.07018,654.35767,297.371,164.76454,638.81769,318.84024,124.92268,602.9776
3318,27.642,175.52126,216.29105,632.0058,158.42029,169.41606,648.86334,190.75113,150.76959,672.87573,218.9288,116.44855,694.68115,246.46225,193.9603,654.36267,297.371,164.76454,638.81769,318.84024,124.92268,602.9776
3319,27.65,175.60023,216.35236,631.93109,158.42029,169.41606,648.86334,190.75113,150.76959,672.87573,218.63751,116.51885,694.58081,246.46225,193.9603,654.36267,297.371,164.76454,638.81769,318.84024,124.92268,602.9776
3320,27.658,175.68849,216.1768,632.02307,158.42029,169.41606,648.86334,190.66322,150.32043,672.5697,218.63751,116.51885,694.58081,246.39157,194.07018,654.35767,297.371,164.76454,638.81769,318.84024,124.92268,602.9776
3321,27.667,175.68849,216.1768,632.02307,158.42029,169.41606,648.86334,190.34285,149.95868,672.26642,218.63751,116.51885,694.58081,246.45695,194.47502,653.98602,297.44647,164.86539,638.71393,318.84024,124.92268,602.9776
3322,27.675,175.80949,216.52261,632.26123,158.42029,169.41606,648.86334,190.66322,150.32043,672.5697,218.58907,116.29144,694.69727,246.39157,194.07018,654.35767,297.371,164.76454,638.81769,318.84024,124.92268,602.9776
3323,27.683,175.85623,216.24672,632.17859,158.57014,169.10091,648.60535,190.75113,150.76959,672.87573,218.88039,116.22112,694.79761,246.57591,193.92395,654.05804,297.371,164.76454,638.81769,318.84024,124.92268,602.9776
3324,27.692,175.68849,216.1768,632.02307,158.57014,169.10091,648.60535,190.75113,150.76959,672.87573,218.9288,116.44855,694.68115,246.57591,193.92395,654.05804,297.371,164.76454,638.81769,318.4718,124.23993,603.01263
3325,27.7,175.68849,216.1768,632.02307,158.57014,169.10091,648.60535,190.75113,150.76959,672.87573,218.58907,116.29144,694.69727,246.57591,193.92395,654.05804,297.371,164.76454,638.81769,318.4718,124.23993,603.01263
3326,27.708,175.79095,215.83345,632.07959,158.57014,169.10091,648.60535,190.75113,150.76959,672.87573,218.88039,116.22112,694.79761,246.57591,193.92395,654.05804,297.371,164.76454,638.81769,318.4718,124.23993,603.01263
3327,27.717,175.1804,213.63066,632.75171,158.57014,169.10091,648.60535,190.75113,150.76959,672.87573,218.46225,116.39952,694.40637,246.57591,193.92395,654.05804,297.38376,164.31589,638.9964,318.4718,124.23993,603.01263
3328,27.725,175.35858,212.33122,632.5899,158.57014,169.10091,648.60535,190.75113,150.76959,672.87573,218.88039,116.22112,694.79761,246.57591,193.92395,654.05804,297.43228,164.12698,639.13177,318.4718,124.23993,603.01263
3329,27.733,175.55847,212.3895,632.44983,158.57014,169.10091,648.60535,190.75113,150.76959,672.87573,218.88039,116.22112,694.79761,246.47366,193.74205,654.1413,297.43228,164.12698,639.13177,318.4718,124.23993,603.01263
3330,27.742,176.10309,215.7944,632.25751,158.57014,169.10091,648.60535,190.75113,150.76959,672.87573,218.88039,116.22112,694.79761,246.71336,193.75224,654.12616,297.46024,163.88324,638.96844,318.4718,124.23993,603.01263
3331,27.75,175.577,212.08853,632.23492,158.57014,169.10091,648.60535,190.75113,150.76959,672.87573,218.88039,116.22112,694.79761,246.81561,193.93416,654.04285,297.46024,163.88324,638.96844,318.74976,124.14492,602.91528
3332,27.758,175.41351,213.3409,632.3678,158.57014,169.10091,648.60535,190.75113,150.76959,672.87573,218.75356,116.3292,694.50671,246.71336,193.75224,654.12616,297.48825,163.63934,638.80518,318.74976,124.14492,602.91528
3333,27.767,175.577,212.08853,632.23492,158.57014,169.10091,648.60535,190.75113,150.76959,672.87573,219.03448,116.06566,694.58038,246.71336,193.75224,654.12616,297.48825,163.63934,638.80518,318.74976,124.14492,602.91528
3334,27.775,175.38339,212.80763,632.31335,161.15215,167.54103,649.83063,190.75113,150.76959,672.87573,218.94255,116.0985,694.8631,246.87642,193.61142,654.45642,297.50308,163.37155,638.91675,318.66293,124.08685,602.85699
3335,27.783,175.35411,213.16464,632.5437,161.15215,167.54103,649.83063,190.75113,150.76959,672.87573,218.94255,116.0985,694.8631,246.87642,193.61142,654.45642,297.48825,163.63934,638.80518,318.74976,124.14492,602.91528
3336,27.792,175.29465,212.98857,632.71967,161.15215,167.54103,649.83063,191.00995,150.75536,672.88721,218.94255,116.0985,694.8631,246.87642,193.61142,654.45642,297.50308,163.37155,638.91675,318.70935,123.52755,602.87915
3337,27.8,175.38339,212.80763,632.31335,161.15215,167.54103,649.83063,191.4118,150.64536,672.6886,219.17787,115.66674,694.60681,246.87642,193.61142,654.45642,297.50308,163.37155,638.91675,318.70935,123.52755,602.87915
3338,27.808,175.78862,212.72983,632.14368,161.0849,167.17509,650.14612,191.4118,150.64536,672.6886,219.4166,115.43645,694.70374,246.87642,193.61142,654.45642,297.68057,163.39748,638.69812,318.77319,123.49091,602.96594
3339,27.817,175.78862,212.72983,632.14368,161.0849,167.17509,650.14612,191.4118,150.64536,672.6886,219.4166,115.43645,694.70374,246.87642,193.61142,654.45642,297.63251,162.45692,638.66925,318.70935,123.52755,602.87915
3340,27.825,175.72922,212.55356,632.31964,161.0849,167.17509,650.14612,191.21951,149.9841,672.95819,218.91435,115.67514,694.97845,246.87642,193.61142,654.45642,297.72797,162.755,638.73383,318.70935,123.52755,602.87915
3341,27.833,175.72922,212.55356,632.31964,161.0849,167.17509,650.14612,191.00995,150.75536,672.88721,218.80612,115.1367,695.05676,246.77808,193.60576,654.37,297.72797,162.755,638.73383,318.77319,123.49091,602.96594
3342,27.842,175.32393,212.63156,632.48932,161.0849,167.17509,650.14612,190.81755,150.09412,673.1568,218.78754,115.78313,694.68762,246.87642,193.61142,654.45642,297.72797,162.755,638.73383,318.50296,123.14784,602.82977
3343,27.85,175.72922,212.55356,632.31964,161.0849,167.17509,650.14612,190.81755,150.09412,673.1568,218.91435,115.67514,694.97845,246.77808,193.60576,654.37,297.72797,162.755,638.73383,318.52701,123.0291,602.92065
3344,27.858,176.47644,214.73734,631.78723,161.0849,167.17509,650.14612,190.81755,150.09412,673.1568,218.91435,115.67514,694.97845,246.87642,193.61142,654.45642,297.63251,162.45692,638.66925,318.50296,123.14784,602.82977
3345,27.867,175.72922,212.55356,632.31964,161.0849,167.17509,650.14612,190.81755,150.09412,673.1568,219.32463,115.46926,694.98657,246.89859,193.66203,654.44714,297.49081,162.16963,638.70319,318.50296,123.14784,602.82977
3346,27.875,175.72922,212.55356,632.31964,161.0849,167.17509,650.14612,190.71793,149.97453,673.74829,218.91435,115.67514,694.97845,246.87642,193.61142,654.45642,297.63251,162.45692,638.66925,318.50296,123.14784,602.82977
3347,27.883,175.72922,212.55356,632.31964,161.0849,167.17509,650.14612,190.89182,150.19025,673.58636,218.80612,115.1367,695.05676,246.87642,193.61142,654.45642,297.81387,162.89186,638.85852,318.50296,123.14784,602.82977
3348,27.892,175.72922,212.55356,632.31964,161.0849,167.17509,650.14612,190.89182,150.19025,673.58636,218.80612,115.1367,695.05676,246.87642,193.61142,654.45642,297.81387,162.89186,638.85852,318.50296,123.14784,602.82977
3349,27.9,175.72922,212.55356,632.31964,161.0849,167.17509,650.14612,190.89182,150.19025,673.58636,219.21632,114.93094,695.06488,246.77808,193.60576,654.37,297.72797,162.755,638.73383,318.52701,123.0291,602.92065
3350,27.908,175.72922,212.55356,632.31964,161.0849,167.17509,650.14612,190.71793,149.97453,673.74829,219.21632,114.93094,695.06488,247.0858,193.40404,654.41431,297.72797,162.755,638.73383,318.513,123.11761,603.07471
3351,27.917,175.72922,212.55356,632.31964,161.0849,167.17509,650.14612,191.23395,150.21336,673.88354,219.21632,114.93094,695.06488,247.0858,193.40404,654.41431,297.81387,162.89186,638.85852,318.54956,122.97131,603.19385
3352,27.925,175.72922,212.55356,632.31964,161.0849,167.17509,650.14612,191.23395,150.21336,673.88354,219.09103,114.51042,695.15021,247.0858,193.40404,654.41431,298.11191,162.12297,638.71033,318.62506,122.57354,603.37213
3353,27.933,175.72922,212.55356,632.31964,161.22551,166.67697,650.55048,191.23395,150.21336,673.88354,218.91435,115.67514,694.97845,247.27518,193.6024,654.48346,297.98184,161.85634,638.75275,318.62506,122.57354,603.37213
3354,27.942,175.72922,212.55356,632.31964,161.62099,166.45946,650.20367,191.56633,150.08337,673.56384,219.09103,114.51042,695.15021,247.47282,193.72133,654.51721,298.41608,162.04256,638.65369,318.59082,122.78388,603.21985
3355,27.95,175.8172,212.73418,632.63123,161.22551,166.67697,650.55048,191.23395,150.21336,673.88354,219.4072,114.5622,695.2608,247.73177,193.40208,654.43073,298.59744,162.47752,638.84296,318.59082,122.78388,603.21985
3356,27.958,175.8172,212.73418,632.63123,161.62099,166.45946,650.20367,191.56633,150.08337,673.56384,219.97719,116.58357,695.36096,247.73177,193.40208,654.43073,298.59744,162.47752,638.84296,318.6376,122.2246,603.24225
3357,27.967,175.84654,212.37714,632.40094,159.11795,167.95435,649.39532,191.56633,150.08337,673.56384,219.4072,114.5622,695.2608,247.80984,193.57442,654.41266,298.53064,162.32919,638.9093,318.78287,122.10546,603.13544
3358,27.975,176.27406,212.54773,632.54626,161.62099,166.45946,650.20367,191.56633,150.08337,673.56384,219.32625,114.54662,695.61932,247.80984,193.57442,654.41266,298.53064,162.32919,638.9093,318.6376,122.2246,603.24225
3359,27.983,176.30348,212.19066,632.31592,159.11795,167.95435,649.39532,191.56633,150.08337,673.56384,219.96526,116.13175,695.76727,247.73177,193.40208,654.43073,298.84039,162.31679,638.73773,318.78287,122.10546,603.13544
3360,27.992,176.54762,212.56296,632.43201,159.11795,167.95435,649.39532,191.56633,150.08337,673.56384,219.46317,114.5675,695.61273,247.92743,193.39783,654.51752,298.54922,161.66086,638.56744,318.9364,121.98558,603.19867
3361,28,176.54762,212.56296,632.43201,159.11795,167.95435,649.39532,191.56633,150.08337,673.56384,219.54413,114.58309,695.25421,247.85188,193.23741,654.51929,298.84039,162.31679,638.73773,318.9364,121.98558,603.19867
3362,28.008,176.54762,212.56296,632.43201,159.11795,167.95435,649.39532,191.56633,150.08337,673.56384,219.54413,114.58309,695.25421,247.89464,193.11436,654.37927,298.84039,162.31679,638.73773,319.08167,121.86632,603.09192
3363,28.017,176.54762,212.56296,632.43201,160.15639,167.52577,649.28961,192.03767,149.9939,673.48639,219.54413,114.58309,695.25421,247.89294,192.99414,654.28455,299.01181,162.1142,638.61096,319.08167,121.86632,603.09192
3364,28.025,176.54762,212.56296,632.43201,161.98434,166.42508,650.19312,192.32726,149.45869,673.40747,219.54413,114.58309,695.25421,248.04587,193.00288,654.41901,298.75455,162.17998,638.61304,319.21176,121.73795,603.16736
3365,28.033,176.48817,212.38686,632.60797,161.98434,166.42508,650.19312,192.14801,149.80605,673.62805,219.46317,114.5675,695.61273,248.11653,193.15935,654.40155,298.94559,161.97603,638.64197,318.97043,121.51223,603.05206
3366,28.042,176.54762,212.56296,632.43201,161.98434,166.42508,650.19312,192.43762,149.27081,673.54919,219.46317,114.5675,695.61273,248.21506,192.95099,654.53308,298.54922,161.66086,638.56744,318.97043,121.51223,603.05206
3367,28.05,176.30348,212.19066,632.31592,160.15639,167.52577,649.28961,192.73871,149.40656,673.93097,219.46317,114.5675,695.61273,248.21506,192.95099,654.53308,298.78278,161.24501,638.33771,318.97043,121.51223,603.05206
3368,28.058,176.30348,212.19066,632.31592,160.15639,167.52577,649.28961,192.43762,149.27081,673.54919,219.46317,114.5675,695.61273,248.22971,192.72913,654.69043,298.71658,161.45537,638.42108,318.97043,121.51223,603.05206
3369,28.067,176.30348,212.19066,632.31592,159.93417,167.47707,649.31274,192.43762,149.27081,673.54919,219.46317,114.5675,695.61273,248.22971,192.72913,654.69043,298.78278,161.24501,638.33771,318.97043,121.51223,603.05206
3370,28.075,176.30348,212.19066,632.31592,161.98434,166.42508,650.19312,192.14801,149.80605,673.62805,219.96526,116.13175,695.76727,248.22971,192.72913,654.69043,298.78278,161.24501,638.33771,318.96039,121.54249,602.80695
3371,28.083,176.30348,212.19066,632.31592,161.62099,166.45946,650.20367,192.43762,149.27081,673.54919,219.54413,114.58309,695.25421,248.26923,192.62769,654.37274,298.78278,161.24501,638.33771,318.96039,121.54249,602.80695
3372,28.092,176.30348,212.19066,632.31592,159.93417,167.47707,649.31274,192.43762,149.27081,673.54919,219.46317,114.5675,695.61273,247.9455,192.60771,654.59094,298.78278,161.24501,638.33771,318.82913,121.35673,602.69275
3373,28.1,176.19246,212.12325,632.40717,159.93417,167.47707,649.31274,192.23228,149.05235,673.7135,219.46317,114.5675,695.61273,247.9455,192.60771,654.59094,298.78278,161.24501,638.33771,318.78372,120.97235,602.85858
3374,28.108,176.19246,212.12325,632.40717,161.62099,166.45946,650.20367,192.43762,149.27081,673.54919,219.46317,114.5675,695.61273,248.048,192.74677,654.49493,298.78278,161.24501,638.33771,318.78372,120.97235,602.85858
3375,28.117,176.31818,211.65752,632.55121,161.62099,166.45946,650.20367,191.61559,149.63455,673.9024,219.46317,114.5675,695.61273,247.92073,192.34883,654.71082,298.78278,161.24501,638.33771,318.67557,121.47659,602.62952
3376,28.125,176.19246,212.12325,632.40717,159.93417,167.47707,649.31274,191.68159,148.88644,673.98395,219.46317,114.5675,695.61273,247.58931,192.60475,654.44434,298.78278,161.24501,638.33771,318.61945,121.10364,602.77783
3377,28.133,176.20715,211.59006,632.64246,159.5957,167.67233,649.40143,191.47131,149.67706,673.86987,219.46317,114.5675,695.61273,247.72299,192.51855,654.62579,298.4989,161.41109,638.55511,318.62631,121.42062,602.42053
3378,28.142,176.19246,212.12325,632.40717,161.62099,166.45946,650.20367,191.47131,149.67706,673.86987,219.46317,114.5675,695.61273,247.72299,192.51855,654.62579,298.78278,161.24501,638.33771,318.51248,121.24786,602.50189
3379,28.15,176.19246,212.12325,632.40717,161.62099,166.45946,650.20367,191.3922,149.42152,674.06274,219.32625,114.54662,695.61932,247.91953,192.7135,654.71503,298.66626,161.20563,638.40875,318.62631,121.42062,602.42053
3380,28.158,176.20715,211.59006,632.64246,161.62099,166.45946,650.20367,191.3922,149.42152,674.06274,219.32625,114.54662,695.61932,247.58931,192.60475,654.44434,298.66626,161.20563,638.40875,318.42377,120.83091,602.64069
3381,28.167,176.19246,212.12325,632.40717,161.62099,166.45946,650.20367,191.3922,149.42152,674.06274,219.32625,114.54662,695.61932,247.58931,192.60475,654.44434,298.43274,161.62149,638.63849,318.49136,120.88172,602.87164
3382,28.175,176.20715,211.59006,632.64246,159.5957,167.67233,649.40143,191.3922,149.42152,674.06274,219.32625,114.54662,695.61932,247.58931,192.60475,654.44434,298.6001,161.416,638.49213,318.61945,121.10364,602.77783
3383,28.183,176.20715,211.59006,632.64246,159.5957,167.67233,649.40143,191.3922,149.42152,674.06274,219.32625,114.54662,695.61932,247.71971,192.52095,654.60284,298.44223,161.35922,638.32159,318.51248,121.24786,602.50189
3384,28.192,176.20715,211.59006,632.64246,159.5957,167.67233,649.40143,191.47131,149.67706,673.86987,219.32625,114.54662,695.61932,247.72299,192.51855,654.62579,298.66626,161.20563,638.40875,318.67557,121.47659,602.62952
3385,28.2,176.20715,211.59006,632.64246,161.22551,166.67697,650.55048,191.3922,149.42152,674.06274,219.32625,114.54662,695.61932,247.64111,192.73164,654.48767,298.4989,161.41109,638.55511,318.51248,121.24786,602.50189
3386,28.208,176.13303,211.94707,632.58319,161.62099,166.45946,650.20367,191.3922,149.42152,674.06274,219.32625,114.54662,695.61932,247.72299,192.51855,654.62579,298.4989,161.41109,638.55511,318.62631,121.42062,602.42053
3387,28.217,176.19246,212.12325,632.40717,161.62099,166.45946,650.20367,191.3922,149.42152,674.06274,219.32625,114.54662,695.61932,247.72299,192.51855,654.62579,298.15729,161.78549,638.42535,318.62631,121.42062,602.42053
3388,28.225,176.87012,214.10266,632.0351,161.62099,166.45946,650.20367,191.3922,149.42152,674.06274,219.32625,114.54662,695.61932,247.72299,192.51855,654.62579,298.15729,161.78549,638.42535,318.62631,121.42062,602.42053
3389,28.233,176.1664,211.46906,632.74506,161.62099,166.45946,650.20367,191.3922,149.42152,674.06274,219.4072,114.5622,695.2608,247.51183,192.78133,654.32947,298.15729,161.78549,638.42535,318.62631,121.42062,602.42053
3390,28.242,176.19246,212.12325,632.40717,161.22551,166.67697,650.55048,191.3922,149.42152,674.06274,219.4072,114.5622,695.2608,247.72299,192.51855,654.62579,298.15729,161.78549,638.42535,318.62631,121.42062,602.42053
3391,28.25,176.19246,212.12325,632.40717,161.62099,166.45946,650.20367,191.31346,149.66162,673.8811,219.24425,114.03156,694.90021,247.72299,192.51855,654.62579,298.32465,161.57999,638.27905,318.62631,121.42062,602.42053
3392,28.258,176.1664,211.46906,632.74506,161.62099,166.45946,650.20367,191.37431,149.54422,673.44702,219.24425,114.03156,694.90021,247.59137,192.60825,654.44769,298.00113,161.55159,637.86804,318.62631,121.42062,602.42053
3393,28.267,176.10701,211.29272,632.92108,161.22551,166.67697,650.55048,191.45308,149.30421,673.6286,219.33627,113.99868,694.61725,247.56787,192.55675,654.62775,298.09863,161.36217,637.94415,318.62631,121.42062,602.42053
3394,28.275,176.10701,211.29272,632.92108,161.22551,166.67697,650.55048,191.37431,149.54422,673.44702,219.33627,113.99868,694.61725,247.56787,192.55675,654.62775,298.22345,161.57509,638.34198,318.62631,121.42062,602.42053
3395,28.283,176.3354,211.20906,633.20734,161.22551,166.67697,650.55048,191.31346,149.66162,673.8811,219.20699,114.18324,694.90656,247.42007,192.39139,654.85919,298.272,161.5262,638.08392,318.62631,121.42062,602.42053
3396,28.292,176.39478,211.38544,633.03131,161.62099,166.45946,650.20367,191.45308,149.30421,673.6286,219.29179,114.09786,694.60156,247.24805,191.87625,655.00562,298.15729,161.78549,638.42535,318.62631,121.42062,602.42053
3397,28.3,176.39478,211.38544,633.03131,161.22551,166.67697,650.55048,191.45308,149.30421,673.6286,219.20699,114.18324,694.90656,247.26559,191.71065,654.9104,298.0769,161.35718,637.79602,318.62631,121.42062,602.42053
3398,28.308,176.39478,211.38544,633.03131,161.22551,166.67697,650.55048,191.53217,149.55965,673.43573,219.29179,114.09786,694.60156,247.4713,192.312,654.72723,298.00113,161.55159,637.86804,318.62631,121.42062,602.42053
3399,28.317,176.46379,210.00758,633.16083,160.80737,166.10303,650.21899,191.37431,149.54422,673.44702,219.08963,113.58254,694.44537,247.4713,192.312,654.72723,298.10062,161.72876,638.21069,318.54852,121.75429,602.27533
3400,28.325,176.12376,210.22336,633.14716,161.22551,166.67697,650.55048,191.45308,149.30421,673.6286,219.29179,114.09786,694.60156,247.57259,192.57632,654.60406,298.0769,161.35718,637.79602,318.54852,121.75429,602.27533
3401,28.333,175.9893,211.46329,633.20105,161.22551,166.67697,650.55048,191.37431,149.54422,673.44702,219.08963,113.58254,694.44537,247.42007,192.39139,654.85919,298.0769,161.35718,637.79602,318.54852,121.75429,602.27533
3402,28.342,176.12376,210.22336,633.14716,161.22551,166.67697,650.55048,191.31346,149.66162,673.8811,219.93427,116.10705,695.00378,247.52138,192.65572,654.73602,298.17252,161.34903,637.74127,318.54852,121.75429,602.27533
3403,28.35,176.3354,211.20906,633.20734,161.62099,166.45946,650.20367,191.38298,148.64574,673.22278,219.55954,115.45029,694.81274,247.21439,191.79005,655.0423,298.34775,161.33185,638.01184,318.54852,121.75429,602.27533
3404,28.358,177.29323,214.00731,632.75232,161.62099,166.45946,650.20367,191.45308,149.30421,673.6286,219.06517,113.30782,694.31989,247.12422,192.01898,654.9707,298.17252,161.34903,637.74127,318.34454,122.00484,602.21777
3405,28.367,176.3354,211.20906,633.20734,161.62099,166.45946,650.20367,191.38298,148.64574,673.22278,219.08963,113.58254,694.44537,246.80397,192.31096,654.78503,298.24826,161.15463,637.66919,318.34454,122.00484,602.21777
3406,28.375,175.9893,211.46329,633.20105,161.62099,166.45946,650.20367,191.30417,148.88577,673.04114,219.06517,113.30782,694.31989,246.97202,192.58727,654.29584,298.185,161.37755,637.73419,318.34454,122.00484,602.21777
3407,28.383,176.3354,211.20906,633.20734,161.62099,166.45946,650.20367,191.24332,149.00334,673.4754,219.06517,113.30782,694.31989,246.97202,192.58727,654.29584,298.0769,161.35718,637.79602,318.34454,122.00484,602.21777
3408,28.392,176.12376,210.22336,633.14716,161.62099,166.45946,650.20367,191.38298,148.64574,673.22278,219.06517,113.30782,694.31989,247.5041,192.38966,654.83173,298.24826,161.15463,637.66919,318.34454,122.00484,602.21777
3409,28.4,176.94745,214.261,632.74603,159.75896,167.55956,649.8269,191.4012,149.01877,673.46411,219.06517,113.30782,694.31989,247.60159,192.67537,654.7522,298.26596,161.15669,637.79779,318.34454,122.00484,602.21777
3410,28.408,176.94745,214.261,632.74603,161.62099,166.45946,650.20367,191.38298,148.64574,673.22278,219.06517,113.30782,694.31989,247.32933,191.73042,655.00928,298.24826,161.15463,637.66919,318.34454,122.00484,602.21777
3411,28.417,176.94745,214.261,632.74603,161.22551,166.67697,650.55048,191.32208,148.76321,673.6571,219.06517,113.30782,694.31989,247.32933,191.73042,655.00928,298.24826,161.15463,637.66919,318.34454,122.00484,602.21777
3412,28.425,176.94745,214.261,632.74603,161.62099,166.45946,650.20367,191.38298,148.64574,673.22278,219.06517,113.30782,694.31989,247.32933,191.73042,655.00928,298.0769,161.35718,637.79602,318.34454,122.00484,602.21777
3413,28.433,176.94745,214.261,632.74603,159.75896,167.55956,649.8269,191.24332,149.00334,673.4754,219.06517,113.30782,694.31989,247.26872,191.83958,655.15253,298.0769,161.35718,637.79602,318.34454,122.00484,602.21777
3414,28.442,176.94745,214.261,632.74603,159.99568,167.42882,649.61719,191.00922,148.54199,673.05792,219.06517,113.30782,694.31989,247.44348,192.49883,654.97498,297.71942,161.31377,637.67548,318.34454,122.00484,602.21777
3415,28.45,176.94745,214.261,632.74603,159.75896,167.55956,649.8269,191.0883,148.74815,672.90247,219.06517,113.30782,694.31989,247.44348,192.49883,654.97498,297.88068,161.45799,637.79089,318.34454,122.00484,602.21777
3416,28.458,176.94745,214.261,632.74603,159.45493,166.91264,649.65973,191.14912,148.63037,672.46808,219.06517,113.30782,694.31989,247.19017,192.04449,654.86328,297.87961,161.10631,637.69147,318.02161,122.19556,602.07031
3417,28.467,176.94745,214.261,632.74603,159.75896,167.55956,649.8269,191.0883,148.74815,672.90247,219.06517,113.30782,694.31989,247.32933,191.73042,655.00928,297.88068,161.45799,637.79089,318.34454,122.00484,602.21777
3418,28.475,176.80363,213.97275,632.59039,159.62408,166.71754,649.45526,191.26216,148.96378,672.74036,219.06517,113.30782,694.31989,247.32933,191.73042,655.00928,297.64368,161.50816,637.74756,318.02161,122.19556,602.07031
3419,28.483,176.94745,214.261,632.74603,159.62408,166.71754,649.45526,191.0883,148.74815,672.90247,219.06517,113.30782,694.31989,247.32933,191.73042,655.00928,297.88068,161.45799,637.79089,318.02161,122.19556,602.07031
3420,28.492,176.80363,213.97275,632.59039,159.45493,166.91264,649.65973,191.0883,148.74815,672.90247,218.86853,112.93781,694.23407,247.26872,191.83958,655.15253,297.97632,161.44983,637.73615,318.02161,122.19556,602.07031
3421,28.5,176.80363,213.97275,632.59039,159.75896,167.55956,649.8269,191.0883,148.74815,672.90247,218.86853,112.93781,694.23407,247.5041,192.38966,654.83173,297.71942,161.31377,637.67548,318.02161,122.19556,602.07031
3422,28.508,176.80363,213.97275,632.59039,159.45493,166.91264,649.65973,191.14912,148.63037,672.46808,218.86853,112.93781,694.23407,247.5041,192.38966,654.83173,297.64368,161.50816,637.74756,318.02161,122.19556,602.07031
3423,28.517,176.80363,213.97275,632.59039,159.99568,167.42882,649.61719,191.0883,148.74815,672.90247,218.86853,112.93781,694.23407,247.5041,192.38966,654.83173,297.94614,160.92744,637.40485,318.02161,122.19556,602.07031
3424,28.525,176.94745,214.261,632.74603,159.75896,167.55956,649.8269,191.14912,148.63037,672.46808,218.94403,113.02355,694.06732,247.41708,192.01587,654.88519,297.94614,160.92744,637.40485,318.05475,122.4006,601.88629
3425,28.533,176.94745,214.261,632.74603,159.75896,167.55956,649.8269,191.14912,148.63037,672.46808,218.94403,113.02355,694.06732,247.23279,191.93301,654.89313,297.75037,161.25919,637.42401,317.95395,122.17587,601.88153
3426,28.542,176.80363,213.97275,632.59039,161.22551,166.67697,650.55048,191.13753,149.38791,672.86774,219.14067,113.39358,694.15314,247.26872,191.83958,655.15253,297.72113,161.23524,637.26221,317.99881,122.36933,601.67688
3427,28.55,176.94745,214.261,632.74603,159.75896,167.55956,649.8269,191.07671,149.50551,673.302,218.94403,113.02355,694.06732,247.35648,192.12505,655.0285,297.89301,161.07443,637.16779,317.99881,122.36933,601.67688
3428,28.558,176.80363,213.97275,632.59039,159.75896,167.55956,649.8269,191.13753,149.38791,672.86774,218.94403,113.02355,694.06732,247.51064,192.90401,654.6131,297.8707,161.00299,637.22144,317.99881,122.36933,601.67688
3429,28.567,176.80363,213.97275,632.59039,159.75896,167.55956,649.8269,191.13753,149.38791,672.86774,218.94403,113.02355,694.06732,247.60159,192.67537,654.7522,297.75943,160.91974,637.30908,317.99881,122.36933,601.67688
3430,28.575,176.80363,213.97275,632.59039,159.75896,167.55956,649.8269,191.13753,149.38791,672.86774,218.94403,113.02355,694.06732,247.37621,192.99725,654.8186,297.56818,161.34402,637.63336,317.99881,122.36933,601.67688
3431,28.583,176.80363,213.97275,632.59039,161.22551,166.67697,650.55048,191.13753,149.38791,672.86774,218.94403,113.02355,694.06732,247.27176,192.06555,654.82751,297.73859,161.18784,637.52277,317.99881,122.36933,601.67688
3432,28.592,176.66571,213.55984,633.0011,159.75896,167.55956,649.8269,191.31133,149.60342,672.70569,218.94403,113.02355,694.06732,247.36276,191.83673,654.96667,297.75943,160.91974,637.30908,317.99881,122.36933,601.67688
3433,28.6,176.80363,213.97275,632.59039,159.75896,167.55956,649.8269,191.13753,149.38791,672.86774,218.94403,113.02355,694.06732,247.36276,191.83673,654.96667,297.75943,160.91974,637.30908,317.99881,122.36933,601.67688
3434,28.608,176.80363,213.97275,632.59039,160.80737,166.10303,650.21899,191.13753,149.38791,672.86774,218.94403,113.02355,694.06732,247.41708,192.01587,654.88519,297.79279,161.02016,637.24243,317.99881,122.36933,601.67688
3435,28.617,176.80363,213.97275,632.59039,161.22551,166.67697,650.55048,191.80264,149.01091,672.74182,219.02037,113.04635,693.8374,247.60159,192.67537,654.7522,297.75943,160.91974,637.30908,318.00778,122.39505,601.35504
3436,28.625,176.80363,213.97275,632.59039,160.80737,166.10303,650.21899,191.31133,149.60342,672.70569,219.02037,113.04635,693.8374,247.59186,192.67511,654.70764,297.89301,161.07443,637.16779,318.00778,122.39505,601.35504
3437,28.633,176.80363,213.97275,632.59039,161.1012,165.84108,649.87408,191.57423,148.17055,672.12427,218.82277,113.18083,693.57324,247.36276,191.83673,654.96667,297.8707,161.00299,637.22144,318.00778,122.39505,601.35504
3438,28.642,177.14946,213.71904,632.59668,160.80737,166.10303,650.21899,191.13753,149.38791,672.86774,219.02037,113.04635,693.8374,247.36276,191.83673,654.96667,297.75943,160.91974,637.30908,318.00778,122.39505,601.35504
3439,28.65,177.14946,213.71904,632.59668,161.62099,166.45946,650.20367,191.14912,148.63037,672.46808,218.90544,113.05494,693.62769,247.36276,191.83673,654.96667,297.8707,161.00299,637.22144,318.04321,122.22868,601.17908
3440,28.658,177.14946,213.71904,632.59668,161.1012,165.84108,649.87408,191.32298,148.84589,672.30597,218.90544,113.05494,693.62769,247.36276,191.83673,654.96667,297.8707,161.00299,637.22144,318.00778,122.39505,601.35504
3441,28.667,177.14946,213.71904,632.59668,161.1012,165.84108,649.87408,191.32298,148.84589,672.30597,218.90544,113.05494,693.62769,247.36276,191.83673,654.96667,297.8707,161.00299,637.22144,318.00778,122.39505,601.35504
3442,28.675,176.94791,213.65169,632.89496,161.1012,165.84108,649.87408,191.32298,148.84589,672.30597,218.90544,113.05494,693.62769,247.36276,191.83673,654.96667,297.8707,161.00299,637.22144,318.00778,122.39505,601.35504
3443,28.683,177.14946,213.71904,632.59668,161.1012,165.84108,649.87408,191.32298,148.84589,672.30597,218.90544,113.05494,693.62769,247.60159,192.67537,654.7522,297.8707,161.00299,637.22144,318.04321,122.22868,601.17908
3444,28.692,177.14946,213.71904,632.59668,161.1012,165.84108,649.87408,191.32298,148.84589,672.30597,218.90544,113.05494,693.62769,247.60159,192.67537,654.7522,297.75943,160.91974,637.30908,318.04321,122.22868,601.17908
3445,28.7,176.94791,213.65169,632.89496,161.1012,165.84108,649.87408,191.32298,148.84589,672.30597,218.90544,113.05494,693.62769,247.54121,191.76518,654.97205,297.8707,161.00299,637.22144,318.04321,122.22868,601.17908
3446,28.708,176.94791,213.65169,632.89496,161.1012,165.84108,649.87408,191.32298,148.84589,672.30597,218.90544,113.05494,693.62769,247.36276,191.83673,654.96667,297.75943,160.91974,637.30908,318.04321,122.22868,601.17908
3447,28.717,177.14946,213.71904,632.59668,161.62099,166.45946,650.20367,191.32298,148.84589,672.30597,218.90544,113.05494,693.62769,247.54121,191.76518,654.97205,298.02701,160.91193,637.40875,318.17963,122.37408,601.2536
3448,28.725,177.14946,213.71904,632.59668,161.1012,165.84108,649.87408,191.92767,148.70483,672.10046,218.90544,113.05494,693.62769,247.36276,191.83673,654.96667,298.12466,160.7697,637.49634,318.17963,122.37408,601.2536
3449,28.733,177.14946,213.71904,632.59668,161.62099,166.45946,650.20367,191.92767,148.70483,672.10046,218.90544,113.05494,693.62769,247.78003,192.60385,654.75757,298.1012,160.90063,637.25317,318.00778,122.39505,601.35504
3450,28.742,177.14946,213.71904,632.59668,161.62099,166.45946,650.20367,191.92767,148.70483,672.10046,218.90544,113.05494,693.62769,247.67549,192.30122,654.83582,297.89301,161.07443,637.16779,318.04321,122.22868,601.17908
3451,28.75,177.14946,213.71904,632.59668,161.62099,166.45946,650.20367,191.92767,148.70483,672.10046,218.90544,113.05494,693.62769,247.67549,192.30122,654.83582,298.11392,160.95502,637.19409,318.04321,122.22868,601.17908
3452,28.758,177.14946,213.71904,632.59668,161.62099,166.45946,650.20367,191.92767,148.70483,672.10046,218.90544,113.05494,693.62769,247.78003,192.60385,654.75757,298.24124,160.80907,637.42529,318.13013,122.53336,601.41846
3453,28.767,177.14946,213.71904,632.59668,161.62099,166.45946,650.20367,191.92767,148.70483,672.10046,218.90544,113.05494,693.62769,247.76321,192.58665,654.71173,298.35608,160.80565,637.03979,318.04321,122.22868,601.17908
3454,28.775,177.33307,214.24448,632.58228,161.62099,166.45946,650.20367,191.92767,148.70483,672.10046,218.90544,113.05494,693.62769,247.76321,192.58665,654.71173,298.11392,160.95502,637.19409,318.00778,122.39505,601.35504
3455,28.783,177.47684,214.53275,632.73792,161.62099,166.45946,650.20367,191.92767,148.70483,672.10046,219.4301,115.04987,693.97052,247.76321,192.58665,654.71173,298.29749,161.07356,637.29022,318.00778,122.39505,601.35504
3456,28.792,177.33307,214.24448,632.58228,161.62099,166.45946,650.20367,191.92767,148.70483,672.10046,219.04979,113.06338,693.62482,247.76321,192.58665,654.71173,298.29749,161.07356,637.29022,318.04321,122.22868,601.17908
3457,28.8,177.13358,213.66533,632.49469,161.62099,166.45946,650.20367,191.92767,148.70483,672.10046,218.90544,113.05494,693.62769,247.25795,193.12138,654.47742,298.53958,160.92419,637.13593,318.04321,122.22868,601.17908
3458,28.808,177.33307,214.24448,632.58228,161.62099,166.45946,650.20367,191.92767,148.70483,672.10046,218.90544,113.05494,693.62769,247.64662,192.17751,654.65417,298.35608,160.80565,637.03979,318.3439,121.94608,601.36792
3459,28.817,177.47684,214.53275,632.73792,161.62099,166.45946,650.20367,191.92767,148.70483,672.10046,218.90544,113.05494,693.62769,247.71971,192.52095,654.60284,298.53958,160.92419,637.13593,318.314,122.07349,601.52551
3460,28.825,177.33307,214.24448,632.58228,161.62099,166.45946,650.20367,191.92767,148.70483,672.10046,219.4301,115.04987,693.97052,247.71971,192.52095,654.60284,298.53958,160.92419,637.13593,318.3439,121.94608,601.36792
3461,28.833,177.47684,214.53275,632.73792,161.62099,166.45946,650.20367,191.92767,148.70483,672.10046,219.4301,115.04987,693.97052,247.51402,191.91962,654.78601,298.35608,160.80565,637.03979,318.3439,121.94608,601.36792
3462,28.842,177.33307,214.24448,632.58228,161.62099,166.45946,650.20367,191.92767,148.70483,672.10046,218.90544,113.05494,693.62769,247.61844,192.25664,654.72595,298.35608,160.80565,637.03979,318.3439,121.94608,601.36792
3463,28.85,177.33307,214.24448,632.58228,161.62099,166.45946,650.20367,191.92767,148.70483,672.10046,218.78841,113.65742,693.68396,247.61844,192.25664,654.72595,298.11392,160.95502,637.19409,318.3439,121.94608,601.36792
3464,28.858,177.33307,214.24448,632.58228,161.62099,166.45946,650.20367,191.92767,148.70483,672.10046,218.9953,113.17425,693.75012,247.61844,192.25664,654.72595,298.11392,160.95502,637.19409,318.3439,121.94608,601.36792
3465,28.867,177.13358,213.66533,632.49469,161.62099,166.45946,650.20367,191.92767,148.70483,672.10046,218.9953,113.17425,693.75012,247.72299,192.51855,654.62579,298.1012,160.90063,637.25317,318.314,122.07349,601.52551
3466,28.875,177.33307,214.24448,632.58228,161.62099,166.45946,650.20367,191.32298,148.84589,672.30597,218.8031,112.79509,693.34564,247.71971,192.52095,654.60284,298.11392,160.95502,637.19409,318.314,122.07349,601.52551
3467,28.883,177.33307,214.24448,632.58228,161.62099,166.45946,650.20367,191.32298,148.84589,672.30597,218.69054,112.78516,693.23193,247.61844,192.25664,654.72595,298.11392,160.95502,637.19409,318.314,122.07349,601.52551
3468,28.892,177.33307,214.24448,632.58228,161.62099,166.45946,650.20367,191.32298,148.84589,672.30597,218.69054,112.78516,693.23193,247.61844,192.25664,654.72595,298.11392,160.95502,637.19409,318.3439,121.94608,601.36792
3469,28.9,177.33307,214.24448,632.58228,161.62099,166.45946,650.20367,191.32298,148.84589,672.30597,218.12523,113.08614,693.10071,247.61844,192.25664,654.72595,298.11392,160.95502,637.19409,318.3439,121.94608,601.36792
3470,28.908,177.33307,214.24448,632.58228,161.62099,166.45946,650.20367,191.92767,148.70483,672.10046,218.69054,112.78516,693.23193,247.71971,192.52095,654.60284,298.11392,160.95502,637.19409,318.3439,121.94608,601.36792
3471,28.917,177.13358,213.66533,632.49469,161.62099,166.45946,650.20367,191.92767,148.70483,672.10046,218.81578,113.20556,693.14661,247.91429,192.34981,654.67493,298.29749,161.07356,637.29022,318.314,122.07349,601.52551
3472,28.925,177.38463,214.18315,632.58997,161.62099,166.45946,650.20367,191.92767,148.70483,672.10046,218.69054,112.78516,693.23193,248.10789,192.27914,654.7757,298.29749,161.07356,637.29022,318.3439,121.94608,601.36792
3473,28.933,177.34863,214.15985,632.70392,161.62099,166.45946,650.20367,191.92767,148.70483,672.10046,218.81578,113.20556,693.14661,248.08287,192.48987,654.75385,298.38651,161.08682,637.15973,318.46646,122.13588,601.46179
3474,28.942,177.269,214.19084,632.96912,161.62099,166.45946,650.20367,191.92767,148.70483,672.10046,219.17805,113.40633,693.45526,248.10789,192.27914,654.7757,298.38651,161.08682,637.15973,318.314,122.07349,601.52551
3475,28.95,177.44429,214.61984,632.84827,161.62099,166.45946,650.20367,191.92767,148.70483,672.10046,219.00429,113.53097,693.21179,248.20163,192.40068,654.69128,298.29749,161.07356,637.29022,318.46573,122.03636,601.2865
3476,28.958,177.75281,214.47261,632.77185,161.62099,166.45946,650.20367,191.92767,148.70483,672.10046,219.21661,113.52204,693.51727,248.10789,192.27914,654.7757,298.38651,161.08682,637.15973,318.84442,122.08946,601.55927
3477,28.967,177.75281,214.47261,632.77185,161.79341,166.97643,649.74921,191.92767,148.70483,672.10046,219.49791,113.36439,693.57288,248.20163,192.40068,654.69128,298.38651,161.08682,637.15973,318.84442,122.08946,601.55927
3478,28.975,177.86192,214.53032,632.68829,161.98434,166.42508,650.19312,191.92767,148.70483,672.10046,219.14128,113.55183,693.2052,248.20163,192.40068,654.69128,298.38651,161.08682,637.15973,318.84442,122.08946,601.55927
3479,28.983,177.75972,214.39143,632.75476,161.79341,166.97643,649.74921,191.92767,148.70483,672.10046,218.92836,113.21548,693.26031,248.17657,192.62811,654.66248,298.38651,161.08682,637.15973,318.84442,122.08946,601.55927
3480,28.992,177.75293,214.56134,632.98389,161.98434,166.42508,650.19312,191.92767,148.70483,672.10046,219.51727,113.56831,693.38403,248.20163,192.40068,654.69128,298.38651,161.08682,637.15973,318.84442,122.08946,601.55927
3481,29,177.82642,214.58546,632.77283,161.98434,166.42508,650.19312,192.29329,148.44968,672.22742,220.33914,114.92213,694.05988,248.17657,192.62811,654.66248,298.38651,161.08682,637.15973,318.84442,122.08946,601.55927
3482,29.008,177.71541,214.51836,632.86407,161.98434,166.42508,650.19312,192.29329,148.44968,672.22742,219.56363,113.16001,693.48169,248.08287,192.48987,654.75385,298.38651,161.08682,637.15973,318.84442,122.08946,601.55927
3483,29.017,177.82642,214.58546,632.77283,161.49104,165.99966,649.78217,191.92767,148.70483,672.10046,219.48865,112.96911,693.7887,248.39746,192.5013,654.5578,298.6286,160.93744,637.00543,318.84442,122.08946,601.55927
3484,29.025,177.82642,214.58546,632.77283,161.98434,166.42508,650.19312,192.29329,148.44968,672.22742,219.21675,113.10847,693.38513,248.30377,192.36305,654.64917,298.6286,160.93744,637.00543,318.87436,121.96208,601.40167
3485,29.033,177.47256,214.26187,633.13452,161.98434,166.42508,650.19312,192.29329,148.44968,672.22742,219.89378,114.94499,693.44519,248.08287,192.48987,654.75385,298.6286,160.93744,637.00543,318.87436,121.96208,601.40167
3486,29.042,177.47256,214.26187,633.13452,161.79341,166.97643,649.74921,191.92767,148.70483,672.10046,219.21675,113.10847,693.38513,248.08287,192.48987,654.75385,298.38651,161.08682,637.15973,318.87436,121.96208,601.40167
3487,29.05,177.33861,214.03992,632.99646,161.98434,166.42508,650.19312,192.29329,148.44968,672.22742,218.93427,115.357,694.06995,248.08287,192.48987,654.75385,298.38651,161.08682,637.15973,318.87436,121.96208,601.40167
3488,29.058,177.41422,213.98262,633.01117,161.98434,166.42508,650.19312,192.29329,148.44968,672.22742,219.16005,113.1744,693.14398,248.08287,192.48987,654.75385,298.38651,161.08682,637.15973,318.87436,121.96208,601.40167
3489,29.067,177.30775,213.93517,633.09076,161.48044,166.9576,649.79913,192.29329,148.44968,672.22742,219.65659,113.10802,691.95337,247.70862,191.74838,654.85809,298.38651,161.08682,637.15973,318.87436,121.96208,601.40167
3490,29.075,177.30775,213.93517,633.09076,161.98434,166.42508,650.19312,192.5825,147.91353,672.14868,218.88426,112.74014,693.46649,247.70862,191.74838,654.85809,298.50418,160.94336,637.31116,318.94226,122.08579,601.40387
3491,29.083,177.30775,213.93517,633.09076,161.62099,166.45946,650.20367,192.29329,148.44968,672.22742,219.09157,112.6881,693.4704,247.87717,191.88843,654.93707,298.50418,160.94336,637.31116,318.94226,122.08579,601.40387
3492,29.092,177.30775,213.93517,633.09076,161.62099,166.45946,650.20367,191.92767,148.70483,672.10046,219.2086,112.62938,693.47272,247.70862,191.74838,654.85809,298.50418,160.94336,637.31116,318.94226,122.08579,601.40387
3493,29.1,177.30775,213.93517,633.09076,161.62099,166.45946,650.20367,192.29329,148.44968,672.22742,219.2457,112.57295,693.71344,247.91429,192.34981,654.67493,298.41299,160.94786,637.43323,318.94226,122.08579,601.40387
3494,29.108,177.30775,213.93517,633.09076,161.62099,166.45946,650.20367,192.29329,148.44968,672.22742,219.09157,112.6881,693.4704,248.13522,192.22298,654.57019,298.74344,160.78506,637.15778,318.79785,122.05205,601.46295
3495,29.117,177.15034,213.5054,633.11066,161.62099,166.45946,650.20367,192.5825,147.91353,672.14868,219.2457,112.57295,693.71344,247.64781,191.58858,654.93488,298.42422,160.94656,637.52484,318.94226,122.08579,601.40387
3496,29.125,177.15034,213.5054,633.11066,161.62099,166.45946,650.20367,192.29329,148.44968,672.22742,219.85991,114.38412,693.81915,247.60736,191.48407,654.98126,298.50418,160.94336,637.31116,318.94226,122.08579,601.40387
3497,29.133,177.20773,213.33377,633.22223,161.62099,166.45946,650.20367,192.51189,146.66576,672.18994,219.85991,114.38412,693.81915,247.60736,191.48407,654.98126,298.25049,160.847,637.34814,318.79785,122.05205,601.46295
3498,29.142,177.15034,213.5054,633.11066,161.1012,165.84108,649.87408,192.4014,146.85376,672.04816,219.85991,114.38412,693.81915,247.60736,191.48407,654.98126,298.25049,160.847,637.34814,318.94226,122.08579,601.40387
3499,29.15,177.15034,213.5054,633.11066,161.1012,165.84108,649.87408,192.4014,146.85376,672.04816,220.08405,114.29756,693.60626,247.60736,191.48407,654.98126,298.34167,160.8425,637.22601,318.94226,122.08579,601.40387
3500,29.158,177.20773,213.33377,633.22223,161.1012,165.84108,649.87408,192.51189,146.66576,672.18994,220.08405,114.29756,693.60626,247.60736,191.48407,654.98126,298.25049,160.847,637.34814,318.94226,122.08579,601.40387
3501,29.167,177.20773,213.33377,633.22223,161.1012,165.84108,649.87408,192.51189,146.66576,672.18994,220.01347,113.66112,693.62158,247.64781,191.58858,654.93488,298.48425,160.66412,637.24841,318.94226,122.08579,601.40387
3502,29.175,177.20773,213.33377,633.22223,161.55943,164.50195,649.74353,192.51189,146.66576,672.18994,219.5968,111.62924,693.25232,247.93082,190.98267,655.02789,298.42505,160.46721,637.18353,318.94226,122.08579,601.40387
3503,29.183,177.20773,213.33377,633.22223,161.55943,164.50195,649.74353,191.95047,146.69241,673.15656,219.5968,111.62924,693.25232,247.93082,190.98267,655.02789,298.42505,160.46721,637.18353,318.94226,122.08579,601.40387
3504,29.192,177.10616,212.97107,633.59906,161.55943,164.50195,649.74353,192.51189,146.66576,672.18994,219.5968,111.62924,693.25232,247.93082,190.98267,655.02789,298.51242,160.49506,637.08044,318.79785,122.05205,601.46295
3505,29.2,177.28099,212.804,633.47217,161.55943,164.50195,649.74353,192.51189,146.66576,672.18994,219.5968,111.62924,693.25232,247.81052,191.28212,654.78516,298.42505,160.46721,637.18353,318.95276,121.8569,601.23816
3506,29.208,177.3826,213.1667,633.09528,161.92299,164.46747,649.73303,192.51189,146.66576,672.18994,219.5968,111.62924,693.25232,247.9567,191.05147,654.99341,298.4928,160.4474,637.11578,318.95276,121.8569,601.23816
3507,29.217,177.3826,213.1667,633.09528,161.55943,164.50195,649.74353,192.51189,146.66576,672.18994,220.315,113.44901,693.29663,247.9567,191.05147,654.99341,298.39862,160.40204,637.2348,318.95276,121.8569,601.23816
3508,29.225,177.49406,212.86264,633.15741,161.92299,164.46747,649.73303,192.51189,146.66576,672.18994,219.67239,111.48437,693.1283,247.93082,190.98267,655.02789,298.51242,160.49506,637.08044,318.95276,121.8569,601.23816
3509,29.233,177.76768,212.66432,633.31976,161.92299,164.46747,649.73303,192.45081,146.40459,672.38696,219.67239,111.48437,693.1283,247.81052,191.28212,654.78516,298.51242,160.49506,637.08044,318.94086,121.31264,601.40662
3510,29.242,177.76768,212.66432,633.31976,161.92299,164.46747,649.73303,192.51189,146.66576,672.18994,219.67239,111.48437,693.1283,247.93082,190.98267,655.02789,298.56924,160.1387,637.16052,319.03058,121.52332,601.38336
3511,29.25,177.66614,212.30139,633.69672,161.92299,164.46747,649.73303,192.51189,146.66576,672.18994,219.67239,111.48437,693.1283,248.11214,190.90486,655.03381,298.51242,160.49506,637.08044,319.17282,121.76899,601.11334
3512,29.258,177.66614,212.30139,633.69672,161.92299,164.46747,649.73303,192.51189,146.66576,672.18994,219.78516,111.45139,692.97198,248.11214,190.90486,655.03381,298.56924,160.1387,637.16052,319.17282,121.76899,601.11334
3513,29.267,177.76768,212.66432,633.31976,161.92299,164.46747,649.73303,192.51189,146.66576,672.18994,219.78516,111.45139,692.97198,248.16963,191.07283,654.68066,298.76303,160.01118,637.33942,319.17282,121.76899,601.11334
3514,29.275,177.76768,212.66432,633.31976,161.92299,164.46747,649.73303,192.51189,146.66576,672.18994,219.89735,111.58595,692.9057,248.16963,191.07283,654.68066,298.56924,160.1387,637.16052,319.09338,121.64098,601.1015
3515,29.283,177.49406,212.86264,633.15741,161.92299,164.46747,649.73303,192.51189,146.66576,672.18994,220.0314,111.55301,692.80798,248.3028,190.77975,654.93225,298.56924,160.1387,637.16052,319.17282,121.76899,601.11334
3516,29.292,177.76768,212.66432,633.31976,161.92299,164.46747,649.73303,192.51189,146.66576,672.18994,220.16229,111.66714,692.75299,248.11214,190.90486,655.03381,298.73172,160.23953,637.24567,319.25201,121.72417,601.01013
3517,29.3,177.94255,212.49715,633.19293,161.92299,164.46747,649.73303,192.51189,146.66576,672.18994,220.16229,111.66714,692.75299,248.3028,190.77975,654.93225,298.67493,160.59589,637.16553,319.17282,121.76899,601.11334
3518,29.308,177.49406,212.86264,633.15741,161.92299,164.46747,649.73303,192.51189,146.66576,672.18994,220.16229,111.66714,692.75299,248.11214,190.90486,655.03381,298.73172,160.23953,637.24567,319.17282,121.76899,601.11334
3519,29.317,177.49406,212.86264,633.15741,161.92299,164.46747,649.73303,192.51189,146.66576,672.18994,220.3219,111.62421,692.64288,248.11214,190.90486,655.03381,298.74344,160.78506,637.15778,319.17282,121.76899,601.11334
3520,29.325,177.49406,212.86264,633.15741,162.44246,165.08582,650.0625,192.51189,146.66576,672.18994,220.16229,111.66714,692.75299,248.3028,190.77975,654.93225,299.09439,160.55353,637.14484,319.17282,121.76899,601.11334
3521,29.333,177.6169,212.89767,633.08099,162.44246,165.08582,650.0625,192.68501,146.99681,671.94019,220.3219,111.62421,692.64288,248.3028,190.77975,654.93225,298.74344,160.78506,637.15778,319.17282,121.76899,601.11334
3522,29.342,177.6169,212.89767,633.08099,162.44246,165.08582,650.0625,192.51189,146.66576,672.18994,220.76196,113.55737,692.95642,248.11214,190.90486,655.03381,298.88873,160.77127,637.10986,319.17282,121.76899,601.11334
3523,29.35,177.6169,212.89767,633.08099,162.44246,165.08582,650.0625,192.51189,146.66576,672.18994,220.16229,111.66714,692.75299,248.31776,191.5065,654.85059,298.88873,160.77127,637.10986,319.25201,121.72417,601.01013
3524,29.358,177.49406,212.86264,633.15741,162.44246,165.08582,650.0625,192.51189,146.66576,672.18994,220.16229,111.66714,692.75299,248.13646,191.58427,654.84473,298.88873,160.77127,637.10986,319.16232,121.99789,601.27905
3525,29.367,177.50543,213.20172,633.01886,162.44246,165.08582,650.0625,192.68501,146.99681,671.94019,220.16229,111.66714,692.75299,247.81052,191.28212,654.78516,299.08246,160.64375,637.2887,319.10242,121.89288,601.27484
3526,29.375,177.3826,213.1667,633.09528,162.44246,165.08582,650.0625,192.68501,146.99681,671.94019,220.02824,111.70008,692.85071,248.09932,191.12265,655.10687,299.08246,160.64375,637.2887,319.16232,121.99789,601.27905
3527,29.383,177.50543,213.20172,633.01886,162.44246,165.08582,650.0625,192.51189,146.66576,672.18994,220.16229,111.66714,692.75299,247.99687,191.49724,654.95544,298.88873,160.77127,637.10986,319.16232,121.99789,601.27905
3528,29.392,177.54002,213.59653,633.07538,162.44246,165.08582,650.0625,192.51189,146.66576,672.18994,220.02824,111.70008,692.85071,248.20256,192.09871,654.77228,298.88873,160.77127,637.10986,319.16232,121.99789,601.27905
3529,29.4,177.54002,213.59653,633.07538,162.44246,165.08582,650.0625,192.68501,146.99681,671.94019,220.02824,111.70008,692.85071,248.20256,192.09871,654.77228,299.15247,161.46352,637.14606,319.30124,122.26448,601.24896
3530,29.408,177.3826,213.1667,633.09528,162.44246,165.08582,650.0625,192.51189,146.66576,672.18994,219.91551,111.73314,693.00702,248.034,191.95868,654.6933,299.15247,161.46352,637.14606,319.08124,122.35239,601.37372
3531,29.417,177.18015,213.31305,632.87958,162.44246,165.08582,650.0625,192.68501,146.99681,671.94019,220.03642,112.51418,692.99744,248.20256,192.09871,654.77228,298.74344,160.78506,637.15778,319.04062,122.47642,601.52203
3532,29.425,177.12279,213.4846,632.76801,161.92299,164.46747,649.73303,192.57452,147.18477,671.7984,219.73917,112.79747,692.94568,248.20256,192.09871,654.77228,298.88873,160.77127,637.10986,319.15182,122.83057,601.56201
3533,29.433,176.94791,213.65169,632.89496,162.44246,165.08582,650.0625,192.75186,147.88025,671.72388,219.73917,112.79747,692.94568,247.60736,191.48407,654.98126,298.74344,160.78506,637.15778,319.15274,123.20632,601.46344
3534,29.442,176.94791,213.65169,632.89496,161.92299,164.46747,649.73303,192.5825,147.91353,672.14868,219.73917,112.79747,692.94568,247.81303,192.08549,654.79803,298.74344,160.78506,637.15778,319.15274,123.20632,601.46344
3535,29.45,176.94791,213.65169,632.89496,161.92299,164.46747,649.73303,192.17911,148.02927,671.91864,219.60832,112.68336,693.00067,247.81303,192.08549,654.79803,298.65225,160.78957,637.27985,319.15274,123.20632,601.46344
3536,29.458,176.94791,213.65169,632.89496,161.1012,165.84108,649.87408,191.99808,146.96936,671.81818,219.18037,112.58203,693.30145,247.61844,192.25664,654.72595,298.41299,160.94786,637.43323,319.15274,123.20632,601.46344
3537,29.467,176.94791,213.65169,632.89496,161.1012,165.84108,649.87408,192.097,148.67157,671.6756,218.97307,112.63401,693.29755,247.61844,192.25664,654.72595,298.41299,160.94786,637.43323,319.15274,123.20632,601.46344
3538,29.475,176.94791,213.65169,632.89496,161.1012,165.84108,649.87408,191.62645,148.5695,671.71869,218.25037,113.50655,693.01538,247.61844,192.25664,654.72595,298.33725,161.14221,637.50531,318.9216,123.3284,601.31592
3539,29.483,176.94791,213.65169,632.89496,160.96051,166.33922,649.46936,191.62645,148.5695,671.71869,218.25037,113.50655,693.01538,247.26559,191.71065,654.9104,298.35635,161.17502,637.60742,318.9216,123.3284,601.31592
3540,29.492,176.60928,213.89859,632.87335,160.96051,166.33922,649.46936,191.62645,148.5695,671.71869,218.48022,113.57139,693.26776,247.26559,191.71065,654.9104,298.07343,161.48526,637.66595,318.9216,123.3284,601.31592
3541,29.5,176.60928,213.89859,632.87335,160.96051,166.33922,649.46936,191.01602,148.6188,671.55377,218.2877,113.7235,692.90381,247.21439,191.79005,655.0423,297.90204,161.68782,637.79279,318.9216,123.3284,601.31592
3542,29.508,176.37721,214.00725,632.6062,160.96051,166.33922,649.46936,190.61389,148.72847,671.75256,218.2877,113.7235,692.90381,247.26559,191.71065,654.9104,297.90204,161.68782,637.79279,318.9216,123.3284,601.31592
3543,29.517,176.37721,214.00725,632.6062,160.96051,166.33922,649.46936,190.61389,148.72847,671.75256,218.2877,113.7235,692.90381,247.07625,191.94522,654.96613,297.79282,161.84969,637.64166,318.90994,123.42699,601.24908
3544,29.525,176.60928,213.89859,632.87335,160.96051,166.33922,649.46936,190.61389,148.72847,671.75256,218.2877,113.7235,692.90381,246.95627,192.75874,654.71783,297.66281,161.84627,637.94604,318.9216,123.3284,601.31592
3545,29.533,176.37721,214.00725,632.6062,160.96051,166.33922,649.46936,190.61389,148.72847,671.75256,218.25037,113.50655,693.01538,246.89334,192.92921,654.60822,297.55075,161.99927,637.79584,318.47061,124.02342,601.09167
3546,29.542,176.33664,214.47374,632.38092,160.96051,166.33922,649.46936,190.61389,148.72847,671.75256,218.2877,113.7235,692.90381,246.68755,192.32817,654.79132,297.55075,161.99927,637.79584,318.47061,124.02342,601.09167
3547,29.55,176.33664,214.47374,632.38092,160.96051,166.33922,649.46936,190.61389,148.72847,671.75256,218.2877,113.7235,692.90381,246.68755,192.32817,654.79132,297.68726,162.17542,638.16962,318.47061,124.02342,601.09167
3548,29.558,176.56087,214.58794,632.06897,160.96051,166.33922,649.46936,190.61389,148.72847,671.75256,218.99933,115.21789,693.45099,246.68755,192.32817,654.79132,297.45056,161.94495,637.87042,318.44711,123.98055,601.38422
3549,29.567,176.56087,214.58794,632.06897,160.96051,166.33922,649.46936,190.61389,148.72847,671.75256,218.23651,113.85674,692.83313,246.68755,192.32817,654.79132,297.32779,162.15939,637.88556,318.40091,124.40182,601.44214
3550,29.575,176.21524,214.84164,632.06274,160.96051,166.33922,649.46936,190.35492,148.74284,671.74109,218.23651,113.85674,692.83313,246.68755,192.32817,654.79132,297.10199,162.38506,637.88977,318.40091,124.40182,601.44214
3551,29.583,176.37648,215.49765,632.4472,160.66666,166.60115,649.81445,190.35492,148.74284,671.74109,217.85829,113.29754,692.75378,246.32591,192.3721,655.00537,297.10199,162.38506,637.88977,318.18744,124.74787,601.74597
3552,29.592,176.37648,215.49765,632.4472,160.66666,166.60115,649.81445,190.35492,148.74284,671.74109,218.55678,113.56062,692.98639,246.42729,192.63643,654.8822,297.02036,162.71114,638.05609,317.91122,124.60567,601.75122
3553,29.6,176.37648,215.49765,632.4472,160.66666,166.60115,649.81445,189.95277,148.85286,671.93988,217.86241,113.7438,692.86761,246.32591,192.3721,655.00537,297.23849,162.56114,638.26349,318.06656,124.66543,601.68933
3554,29.608,176.2253,215.70517,632.36249,160.66666,166.60115,649.81445,189.95277,148.85286,671.93988,217.86241,113.7438,692.86761,246.1846,192.68034,655.06561,297.02036,162.71114,638.05609,317.4205,124.95068,602.00012
3555,29.617,176.2253,215.70517,632.36249,160.66666,166.60115,649.81445,190.17242,149.38287,671.83307,217.8544,113.69034,692.94519,246.1846,192.68034,655.06561,296.77951,163.14197,638.02777,317.4205,124.95068,602.00012
3556,29.625,176.2253,215.70517,632.36249,158.26552,168.45378,648.43768,190.17242,149.38287,671.83307,217.88214,114.05225,692.9201,246.28598,192.94473,654.94244,296.66724,163.13493,638.06842,317.4205,124.95068,602.00012
3557,29.633,175.87563,216.01064,632.61371,158.26552,168.45378,648.43768,190.17242,149.38287,671.83307,217.88214,114.05225,692.9201,246.28598,192.94473,654.94244,296.6312,163.32471,637.92853,317.4205,124.95068,602.00012
3558,29.642,176.2253,215.70517,632.36249,158.26552,168.45378,648.43768,190.17242,149.38287,671.83307,217.85666,114.23409,692.83313,246.4917,193.54578,654.75934,296.6312,163.32471,637.92853,317.4205,124.95068,602.00012
3559,29.65,176.2253,215.70517,632.36249,158.26552,168.45378,648.43768,190.17242,149.38287,671.83307,217.88214,114.05225,692.9201,246.4917,193.54578,654.75934,296.85101,163.81656,638.12866,317.4205,124.95068,602.00012
3560,29.658,176.2253,215.70517,632.36249,158.26552,168.45378,648.43768,190.17242,149.38287,671.83307,217.85666,114.23409,692.83313,246.51477,193.65535,654.67041,296.28619,163.54927,637.88849,317.62067,125.13848,602.09241
3561,29.667,176.2253,215.70517,632.36249,158.26552,168.45378,648.43768,190.17242,149.38287,671.83307,217.88214,114.05225,692.9201,246.28598,192.94473,654.94244,296.6312,163.32471,637.92853,317.62067,125.13848,602.09241
3562,29.675,176.2253,215.70517,632.36249,158.26552,168.45378,648.43768,190.17242,149.38287,671.83307,217.88214,114.05225,692.9201,246.28598,192.94473,654.94244,296.6312,163.32471,637.92853,317.62067,125.13848,602.09241
3563,29.683,176.2253,215.70517,632.36249,158.26552,168.45378,648.43768,190.17242,149.38287,671.83307,218.63828,116.32062,693.3772,246.28598,192.94473,654.94244,297.00266,163.17879,638.37476,318.04266,124.98209,602.01025
3564,29.692,176.2253,215.70517,632.36249,158.26552,168.45378,648.43768,190.17242,149.38287,671.83307,218.63828,116.32062,693.3772,246.4917,193.54578,654.75934,296.96838,164.01031,638.22766,318.20569,125.31223,601.96997
3565,29.7,176.2253,215.70517,632.36249,158.26552,168.45378,648.43768,190.17242,149.38287,671.83307,217.88214,114.05225,692.9201,246.51477,193.65535,654.67041,297.18643,163.86046,638.43494,318.20569,125.31223,601.96997
3566,29.708,176.09213,215.0403,631.96729,158.26552,168.45378,648.43768,190.17242,149.38287,671.83307,218.77795,114.18123,692.98712,246.51477,193.65535,654.67041,296.96838,164.01031,638.22766,318.36099,125.37196,601.90808
3567,29.717,176.13879,215.13802,631.87885,158.26552,168.45378,648.43768,190.17242,149.38287,671.83307,218.41505,114.37029,692.93182,246.51477,193.65535,654.67041,297.26193,163.96132,638.33118,318.36099,125.37196,601.90808
3568,29.725,176.13879,215.13802,631.87885,158.26552,168.45378,648.43768,190.57449,149.27286,671.63428,218.77795,114.18123,692.98712,246.87642,193.61142,654.45642,297.55386,164.01286,638.37341,318.36099,125.37196,601.90808
3569,29.733,176.13879,215.13802,631.87885,160.73384,166.96709,649.4989,190.57449,149.27286,671.63428,218.77795,114.18123,692.98712,246.87642,193.61142,654.45642,297.61066,163.50522,638.34589,318.36099,125.37196,601.90808
3570,29.742,176.13879,215.13802,631.87885,160.73384,166.96709,649.4989,190.57449,149.27286,671.63428,218.77795,114.18123,692.98712,246.87642,193.61142,654.45642,297.74615,163.77103,638.26636,318.36099,125.37196,601.90808
3571,29.75,176.13879,215.13802,631.87885,160.73384,166.96709,649.4989,190.57449,149.27286,671.63428,218.77795,114.18123,692.98712,246.87642,193.61142,654.45642,297.69357,163.90988,637.71918,318.36099,125.37196,601.90808
3572,29.758,176.13879,215.13802,631.87885,161.02776,166.70517,649.15369,190.83342,149.25848,671.64575,218.77795,114.18123,692.98712,246.87642,193.61142,654.45642,297.47562,164.05962,637.51196,318.36099,125.37196,601.90808
3573,29.767,176.13879,215.13802,631.87885,160.73384,166.96709,649.4989,190.83342,149.25848,671.64575,218.77795,114.18123,692.98712,246.87642,193.61142,654.45642,297.69357,163.90988,637.71918,318.36099,125.37196,601.90808
3574,29.775,176.13879,215.13802,631.87885,161.02776,166.70517,649.15369,190.83342,149.25848,671.64575,218.77795,114.18123,692.98712,246.87642,193.61142,654.45642,297.69357,163.90988,637.71918,318.50726,125.25665,601.79987
3575,29.783,176.13879,215.13802,631.87885,161.02776,166.70517,649.15369,190.83342,149.25848,671.64575,218.77795,114.18123,692.98712,246.87642,193.61142,654.45642,297.69357,163.90988,637.71918,318.50113,125.18298,601.97845
3576,29.792,176.48439,214.88445,631.88513,161.02776,166.70517,649.15369,190.83342,149.25848,671.64575,218.77795,114.18123,692.98712,247.01778,193.3031,654.39612,297.61066,163.50522,638.34589,318.35486,125.29831,602.08661
3577,29.8,176.13879,215.13802,631.87885,161.02776,166.70517,649.15369,190.83342,149.25848,671.64575,218.77676,113.88829,693.03387,247.01778,193.3031,654.39612,297.55804,163.64406,637.79871,318.50726,125.25665,601.79987
3578,29.808,176.48439,214.88445,631.88513,161.02776,166.70517,649.15369,190.83342,149.25848,671.64575,218.77676,113.88829,693.03387,247.01778,193.3031,654.39612,297.55804,163.64406,637.79871,318.50726,125.25665,601.79987
3579,29.817,176.48439,214.88445,631.88513,161.02776,166.70517,649.15369,190.83342,149.25848,671.64575,218.21126,114.18951,692.90259,247.01778,193.3031,654.39612,297.79999,163.49464,637.64465,319.03268,124.4405,601.67664
3580,29.825,176.48439,214.88445,631.88513,161.02776,166.70517,649.15369,190.83342,149.25848,671.64575,218.82794,113.75509,693.10455,247.01778,193.3031,654.39612,298.0881,163.13054,637.69708,319.11136,123.83776,602.21075
3581,29.833,176.60167,214.70844,631.96637,161.02776,166.70517,649.15369,190.83342,149.25848,671.64575,218.42773,113.72715,693.16077,246.99469,193.19354,654.48505,298.0881,163.13054,637.69708,318.47418,124.69962,601.66199
3582,29.842,176.48439,214.88445,631.88513,161.02776,166.70517,649.15369,190.61389,148.72847,671.75256,218.79056,113.53817,693.21606,246.99469,193.19354,654.48505,298.26453,162.55081,637.92084,318.8692,123.95258,601.85657
3583,29.85,176.60167,214.70844,631.96637,161.02776,166.70517,649.15369,190.61389,148.72847,671.75256,218.81578,113.20556,693.14661,246.89334,192.92921,654.60822,297.92657,162.53822,637.98212,318.8692,123.95258,601.85657
3584,29.858,176.56087,214.58794,632.06897,161.02776,166.70517,649.15369,190.61389,148.72847,671.75256,218.25037,113.50655,693.01538,247.21899,192.717,654.67334,297.79282,161.84969,637.64166,319.02835,123.4933,601.59442
3585,29.867,176.43993,214.24194,631.83075,161.02776,166.70517,649.15369,190.61389,148.72847,671.75256,218.2877,113.7235,692.90381,247.11308,192.8179,654.53229,297.90204,161.68782,637.79279,319.28128,123.3592,601.77136
3586,29.875,176.43993,214.24194,631.83075,161.02776,166.70517,649.15369,190.61389,148.72847,671.75256,218.2877,113.7235,692.90381,247.21899,192.717,654.67334,297.90204,161.68782,637.79279,319.11151,123.09438,601.66077
3587,29.883,175.6026,211.79185,632.52386,160.96051,166.33922,649.46936,190.61389,148.72847,671.75256,218.25037,113.50655,693.01538,247.21899,192.717,654.67334,298.16574,162.37985,637.82892,319.2428,123.28029,601.77502
3588,29.892,175.6026,211.79185,632.52386,160.96051,166.33922,649.46936,190.61389,148.72847,671.75256,218.12523,113.08614,693.10071,247.28195,192.54646,654.78296,298.16574,162.37985,637.82892,319.11151,123.09438,601.66077
3589,29.9,175.66203,211.96803,632.3479,160.96051,166.33922,649.46936,190.61389,148.72847,671.75256,218.69054,112.78516,693.23193,247.35808,192.45137,654.56244,297.90204,161.68782,637.79279,318.93973,122.77936,601.65814
3590,29.908,176.43993,214.24194,631.83075,160.96051,166.33922,649.46936,190.61389,148.72847,671.75256,218.69054,112.78516,693.23193,247.21439,191.79005,655.0423,297.90204,161.68782,637.79279,318.95633,122.80181,601.66302
3591,29.917,176.43993,214.24194,631.83075,160.96051,166.33922,649.46936,191.01602,148.6188,671.55377,218.12523,113.08614,693.10071,247.21439,191.79005,655.0423,298.10922,161.57196,637.80627,318.95633,122.80181,601.66302
3592,29.925,176.43993,214.24194,631.83075,160.96051,166.33922,649.46936,191.01602,148.6188,671.55377,218.69054,112.78516,693.23193,247.26559,191.71065,654.9104,298.10922,161.57196,637.80627,318.95633,122.80181,601.66302
3593,29.933,175.67667,211.43495,632.58313,160.96051,166.33922,649.46936,191.62645,148.5695,671.71869,218.69054,112.78516,693.23193,247.42007,192.39139,654.85919,298.00113,161.55159,637.86804,318.84418,122.07207,601.72162
3594,29.942,175.67667,211.43495,632.58313,160.96051,166.33922,649.46936,190.61389,148.72847,671.75256,218.69054,112.78516,693.23193,247.4713,192.312,654.72723,298.00113,161.55159,637.86804,318.96548,122.39571,602.00665
3595,29.95,175.67667,211.43495,632.58313,161.1012,165.84108,649.87408,190.91518,148.86414,672.13434,218.69054,112.78516,693.23193,247.4713,192.312,654.72723,298.00113,161.55159,637.86804,318.80585,121.84932,602.14166
3596,29.958,175.67667,211.43495,632.58313,161.1012,165.84108,649.87408,190.91518,148.86414,672.13434,218.69054,112.78516,693.23193,247.17278,191.95314,654.7179,298.24826,161.15463,637.66919,318.59821,121.54089,602.28717
3597,29.967,176.45436,213.70996,632.06598,161.1012,165.84108,649.87408,190.91518,148.86414,672.13434,218.74724,112.71926,693.47308,247.11591,192.03627,654.84302,298.0769,161.35718,637.79602,318.75372,121.60069,602.22522
3598,29.975,176.45436,213.70996,632.06598,160.96051,166.33922,649.46936,190.61389,148.72847,671.75256,218.69054,112.78516,693.23193,247.26559,191.71065,654.9104,298.17252,161.34903,637.74127,318.70984,122.0079,602.02582
3599,29.983,176.45436,213.70996,632.06598,161.1012,165.84108,649.87408,191.02174,148.71046,671.92426,218.69054,112.78516,693.23193,247.26559,191.71065,654.9104,298.24826,161.15463,637.66919,318.66144,121.81553,602.20074
3600,29.992,176.02274,211.18088,632.58942,161.1012,165.84108,649.87408,191.32298,148.84589,672.30597,218.69054,112.78516,693.23193,247.26559,191.71065,654.9104,298.34775,161.33185,638.01184,318.54852,121.75429,602.27533
