Frame#,Time,L.Shank.x,L.Shank.y,L.Shank.z,L.Ankle.x,L.Ankle.y,L.Ankle.z,L.Ankle.Medial.x,L.Ankle.Medial.y,L.Ankle.Medial.z
1,0,342.34381,177.81151,317.8663,347.02045,228.83434,80.61224,394.30939,139.37289,88.24837
2,0.008,342.367,178.04185,317.77829,347.08441,229.02318,80.55115,394.15085,139.53041,88.19967
3,0.017,342.24512,178.17264,317.73444,346.94479,229.36197,80.52698,393.87094,139.61299,88.26958
4,0.025,342.24512,178.17264,317.73444,346.97583,229.17068,80.43966,393.87094,139.61299,88.26958
5,0.033,342.367,178.04185,317.77829,346.97583,229.17068,80.43966,394.15085,139.53041,88.19967
6,0.042,342.42017,178.11574,317.64746,346.97583,229.17068,80.43966,394.15085,139.53041,88.19967
7,0.05,342.42017,178.11574,317.64746,347.15198,229.14241,80.45257,394.12289,139.52295,87.94501
8,0.058,342.41171,177.95688,317.47165,347.36722,229.12131,80.33408,394.28143,139.36543,87.99374
9,0.067,342.36697,177.90646,317.58777,347.36722,229.12131,80.33408,394.28143,139.36543,87.99374
10,0.075,342.68158,177.5731,317.56293,347.36722,229.12131,80.33408,394.16428,139.24359,87.77315
11,0.083,342.68158,177.5731,317.56293,347.36722,229.12131,80.33408,394.26901,139.05847,87.61582
12,0.092,342.7764,177.70471,317.39297,347.36722,229.12131,80.33408,394.27945,139.06375,87.72777
13,0.1,342.7764,177.70471,317.39297,347.55542,229.13678,80.11148,394.26901,139.05847,87.61582
14,0.108,342.7764,177.70471,317.39297,347.55542,229.13678,80.11148,394.16226,138.94197,87.5072
15,0.117,342.7764,177.70471,317.39297,347.55542,229.13678,80.11148,394.16226,138.94197,87.5072
16,0.125,342.80807,177.86971,317.09723,347.68939,228.85735,79.75491,395.18396,138.38751,88.11244
17,0.133,342.80807,177.86971,317.09723,347.6066,229.29785,80.08779,394.77518,139.11832,87.68102
18,0.142,342.797,177.8654,317.228,347.58618,229.14612,80.03163,394.44467,139.21864,87.783
19,0.15,342.88791,178.00607,317.22302,347.6066,229.29785,80.08779,395.08832,138.77007,88.09103
20,0.158,342.89899,178.01038,317.09225,347.77893,229.34898,79.97763,395.50763,138.8396,88.17249
21,0.167,342.97534,178.09262,317.01944,347.77893,229.34898,79.97763,395.66394,139.34528,88.05473
22,0.175,343.08752,178.2198,317.01236,347.99991,229.16936,79.77638,396.0632,139.48366,87.91907
23,0.183,342.97534,178.09262,317.01944,348.16559,229.30289,79.61441,395.84125,139.37077,88.02266
24,0.192,342.89899,178.01038,317.09225,348.12595,229.46729,79.70567,396.00073,139.45668,88.03749
25,0.2,342.89899,178.01038,317.09225,348.12595,229.46729,79.70567,396.23822,139.36841,87.9614
26,0.208,342.797,177.8654,317.228,348.3439,229.3335,79.52831,395.99823,139.45689,88.1532
27,0.217,342.797,177.8654,317.228,348.3288,229.34535,79.57455,395.99707,139.13757,88.24977
28,0.225,342.8783,177.71718,316.98853,348.3439,229.3335,79.52831,396.14014,139.62328,87.99418
29,0.233,342.71069,177.69138,316.89163,348.28915,229.50974,79.66582,396.37762,139.535,87.91809
30,0.242,342.71069,177.69138,316.89163,348.28915,229.50974,79.66582,396.453,139.23112,88.24519
31,0.25,342.6351,177.85455,316.38052,348.3439,229.3335,79.52831,396.37762,139.535,87.91809
32,0.258,342.71069,177.69138,316.89163,348.3439,229.3335,79.52831,396.23822,139.36841,87.9614
33,0.267,342.82507,177.50789,316.9288,348.3439,229.3335,79.52831,396.16678,138.92632,87.99263
34,0.275,342.87152,177.31758,316.93555,348.3439,229.3335,79.52831,396.37762,139.535,87.91809
35,0.283,342.7959,177.48077,316.42441,348.3439,229.3335,79.52831,396.37762,139.535,87.91809
36,0.292,342.7959,177.48077,316.42441,348.3439,229.3335,79.52831,396.37762,139.535,87.91809
37,0.3,342.836,177.27002,316.82693,348.3439,229.3335,79.52831,396.37762,139.535,87.91809
38,0.308,342.836,177.27002,316.82693,348.45798,229.26546,79.57955,396.37762,139.535,87.91809
39,0.317,342.836,177.27002,316.82693,348.45798,229.26546,79.57955,396.453,139.23112,88.24519
40,0.325,342.76038,177.43323,316.31577,348.45255,229.18593,79.63982,396.43918,139.48367,87.73367
41,0.333,342.71393,177.62354,316.30902,348.5004,229.59497,79.32617,396.49515,139.3591,88.03668
42,0.342,342.71393,177.62354,316.30902,348.3493,229.41301,79.46804,396.55438,139.73471,87.84998
43,0.35,342.67517,177.64383,316.78299,348.62881,229.37427,79.42713,396.87018,139.69966,88.22873
44,0.358,342.59958,177.80699,316.27185,348.62881,229.37427,79.42713,396.8121,139.64334,88.31882
45,0.367,342.53036,177.98593,316.1781,348.62881,229.37427,79.42713,396.87018,139.69966,88.22873
46,0.375,342.53036,177.98593,316.1781,348.62881,229.37427,79.42713,396.8121,139.64334,88.31882
47,0.383,342.56784,178.01428,315.96243,348.87036,229.3334,79.46564,396.87018,139.69966,88.22873
48,0.392,342.56784,178.01428,315.96243,349.11508,229.30014,79.4249,396.76447,139.5831,88.21729
49,0.4,342.56784,178.01428,315.96243,349.26614,229.48207,79.283,396.76447,139.5831,88.21729
50,0.408,342.56784,178.01428,315.96243,348.97842,229.79021,79.19622,396.76447,139.5831,88.21729
51,0.417,342.56784,178.01428,315.96243,349.11508,229.30014,79.4249,396.8121,139.64334,88.31882
52,0.425,342.64346,177.85114,316.47351,349.39136,229.25417,79.46323,396.7348,139.54395,88.10118
53,0.433,342.56784,178.01428,315.96243,349.39136,229.25417,79.46323,396.82254,139.63943,88.12719
54,0.442,342.56784,178.01428,315.96243,349.39136,229.25417,79.46323,396.87018,139.69966,88.22873
55,0.45,342.56784,178.01428,315.96243,349.26614,229.48207,79.283,396.8121,139.64334,88.31882
56,0.458,342.63928,177.95094,315.86194,349.39136,229.25417,79.46323,396.82254,139.63943,88.12719
57,0.467,342.63928,177.95094,315.86194,349.39136,229.25417,79.46323,396.83023,139.55182,87.79752
58,0.475,342.63705,177.83533,316.05621,349.39136,229.25417,79.46323,396.7348,139.54395,88.10118
59,0.483,342.63705,177.83533,316.05621,349.39136,229.25417,79.46323,396.79169,139.28104,88.10762
60,0.492,342.7085,177.772,315.95572,349.43103,229.08977,79.37197,396.79288,139.60027,88.01108
61,0.5,342.78409,177.60884,316.46686,349.39136,229.25417,79.46323,396.77216,139.49548,87.88763
62,0.508,342.78409,177.60884,316.46686,349.43103,229.08977,79.37197,396.74484,139.54573,87.60458
63,0.517,342.7085,177.772,315.95572,349.38596,229.17462,79.52351,396.82904,139.2326,87.89409
64,0.525,342.7085,177.772,315.95572,349.42566,229.01022,79.43224,396.83023,139.55182,87.79752
65,0.533,342.63928,177.95094,315.86194,349.42566,229.01022,79.43224,396.68677,139.48938,87.69469
66,0.542,342.70227,177.91104,316.37015,349.42566,229.01022,79.43224,396.74484,139.54573,87.60458
67,0.55,342.64346,177.85114,316.47351,349.46899,228.73396,79.1905,396.74484,139.54573,87.60458
68,0.558,342.56784,178.01428,315.96243,349.46899,228.73396,79.1905,396.83023,139.55182,87.79752
69,0.567,342.56784,178.01428,315.96243,348.9046,229.08948,79.43465,396.70389,139.59007,87.78687
70,0.575,342.6853,178.14876,315.97333,348.86496,229.25388,79.52591,396.76447,139.5831,88.21729
71,0.583,342.6853,178.14876,315.97333,349.38596,229.17462,79.52351,396.76407,139.58868,87.91232
72,0.592,342.56784,178.01428,315.96243,349.46899,228.73396,79.1905,396.76407,139.58868,87.91232
73,0.6,342.58868,178.31081,316.04089,348.95331,228.89281,79.13264,396.56827,139.6232,87.564
74,0.608,342.56784,178.01428,315.96243,348.65982,229.12285,79.47537,396.50674,139.67451,87.74844
75,0.617,342.56784,178.01428,315.96243,348.86496,229.25388,79.52591,396.67548,139.57288,87.99309
76,0.625,342.56784,178.01428,315.96243,349.10645,229.2131,79.56437,396.49554,139.59441,87.953
77,0.633,342.56784,178.01428,315.96243,348.94788,228.81326,79.19293,396.67548,139.57288,87.99309
78,0.642,342.56784,178.01428,315.96243,348.3493,229.41301,79.46804,396.49631,139.67838,87.9401
79,0.65,342.56784,178.01428,315.96243,348.86496,229.25388,79.52591,396.51019,139.56685,87.65413
80,0.658,342.57239,177.77621,316.5643,349.14612,229.04871,79.47311,396.61591,139.68338,87.66553
81,0.667,342.57239,177.77621,316.5643,348.9046,229.08948,79.43465,396.56827,139.6232,87.564
82,0.675,342.49677,177.93936,316.05319,348.45255,229.18593,79.63982,396.51019,139.56685,87.65413
83,0.683,342.54324,177.74904,316.05994,348.3439,229.3335,79.52831,396.61591,139.68338,87.66553
84,0.692,342.68387,177.50679,316.05325,348.66306,229.13034,79.39614,396.56827,139.6232,87.564
85,0.7,342.61465,177.68571,315.95947,349.01331,228.94188,79.54617,396.5386,139.58411,87.44789
86,0.708,342.69028,177.52258,316.47061,348.97366,229.10628,79.63743,396.41296,139.43158,87.40611
87,0.717,342.61465,177.68571,315.95947,348.9046,229.08948,79.43465,396.55438,139.73471,87.84998
88,0.725,342.56821,177.87602,315.95273,348.49219,229.02155,79.54855,396.55783,139.62703,87.75566
89,0.733,342.49677,177.93936,316.05319,348.38895,229.24863,79.37677,396.56827,139.6232,87.564
90,0.742,342.53036,177.98593,316.1781,348.62341,229.29474,79.4874,396.61591,139.68338,87.66553
91,0.75,342.53036,177.98593,316.1781,348.77716,229.06232,79.44738,396.61591,139.68338,87.66553
92,0.758,342.53036,177.98593,316.1781,348.97842,229.79021,79.19622,396.55438,139.73471,87.84998
93,0.767,342.49677,177.93936,316.05319,348.77988,229.5562,79.28526,396.49631,139.67838,87.9401
94,0.775,342.49677,177.93936,316.05319,348.62881,229.37427,79.42713,396.87018,139.69966,88.22873
95,0.783,342.56784,178.01428,315.96243,348.62881,229.37427,79.42713,396.49631,139.67838,87.9401
96,0.792,342.49033,178.21243,315.96408,348.5004,229.59497,79.32617,396.78119,139.68942,88.00451
97,0.8,342.42197,178.13947,316.03943,348.69894,229.82898,79.23714,396.57285,139.69379,88.17065
98,0.808,342.45944,178.16782,315.82376,348.5004,229.59497,79.32617,396.63092,139.75011,88.08055
99,0.817,342.53036,177.98593,316.1781,348.77988,229.5562,79.28526,396.87018,139.69966,88.22873
100,0.825,342.53036,177.98593,316.1781,348.77988,229.5562,79.28526,396.87018,139.69966,88.22873
101,0.833,342.49677,177.93936,316.05319,348.97842,229.79021,79.19622,396.87018,139.69966,88.22873
102,0.842,342.56784,178.01428,315.96243,348.97842,229.79021,79.19622,396.63092,139.75011,88.08055
103,0.85,342.56784,178.01428,315.96243,348.77988,229.5562,79.28526,396.58328,139.68988,87.97901
104,0.858,342.49677,177.93936,316.05319,349.11508,229.30014,79.4249,396.87018,139.69966,88.22873
105,0.867,342.56821,177.87602,315.95273,349.26614,229.48207,79.283,396.87018,139.69966,88.22873
106,0.875,342.53036,177.98593,316.1781,349.22339,229.75737,79.1498,396.87018,139.69966,88.22873
107,0.883,342.49677,177.93936,316.05319,349.46463,229.71605,79.19395,396.87018,139.69966,88.22873
108,0.892,342.56821,177.87602,315.95273,349.54236,229.4361,79.32133,396.87018,139.69966,88.22873
109,0.9,342.56784,178.01428,315.96243,349.39136,229.25417,79.46323,396.82254,139.63943,88.12719
110,0.908,342.63928,177.95094,315.86194,349.26614,229.48207,79.283,396.82254,139.63943,88.12719
111,0.917,342.56784,178.01428,315.96243,349.46463,229.71605,79.19395,396.76447,139.5831,88.21729
112,0.925,342.56784,178.01428,315.96243,349.46463,229.71605,79.19395,396.87018,139.69966,88.22873
113,0.933,342.56784,178.01428,315.96243,349.54236,229.4361,79.32133,396.8121,139.64334,88.31882
114,0.942,342.56784,178.01428,315.96243,349.54236,229.4361,79.32133,396.8121,139.64334,88.31882
115,0.95,342.6853,178.14876,315.97333,349.26614,229.48207,79.283,396.87018,139.69966,88.22873
116,0.958,342.5769,178.30231,315.83463,349.26614,229.48207,79.283,396.87018,139.69966,88.22873
117,0.967,342.5769,178.30231,315.83463,349.26614,229.48207,79.283,396.82254,139.63943,88.12719
118,0.975,342.73239,178.19568,315.8761,349.39136,229.25417,79.46323,396.76447,139.5831,88.21729
119,0.983,342.6853,178.14876,315.97333,349.54236,229.4361,79.32133,396.8121,139.64334,88.31882
120,0.992,342.45944,178.16782,315.82376,349.74084,229.67009,79.23226,396.8121,139.64334,88.31882
121,1,342.56784,178.01428,315.96243,349.54236,229.4361,79.32133,396.82254,139.63943,88.12719
122,1.008,342.62665,178.07419,315.85904,349.54236,229.4361,79.32133,396.83023,139.55182,87.79752
123,1.017,342.62665,178.07419,315.85904,349.39136,229.25417,79.46323,396.7348,139.54395,88.10118
124,1.025,342.69809,178.01086,315.75858,349.39136,229.25417,79.46323,396.83023,139.55182,87.79752
125,1.033,342.63928,177.95094,315.86194,349.39136,229.25417,79.46323,396.83023,139.55182,87.79752
126,1.042,342.63928,177.95094,315.86194,349.39136,229.25417,79.46323,396.79288,139.60027,88.01108
127,1.05,342.68573,177.76064,315.86871,349.39136,229.25417,79.46323,396.83023,139.55182,87.79752
128,1.058,342.68573,177.76064,315.86871,349.39136,229.25417,79.46323,396.74484,139.54573,87.60458
129,1.067,342.68573,177.76064,315.86871,349.39136,229.25417,79.46323,396.74484,139.54573,87.60458
130,1.075,342.74454,177.82054,315.76532,349.39136,229.25417,79.46323,396.74484,139.54573,87.60458
131,1.083,342.74454,177.82054,315.76532,349.39136,229.25417,79.46323,396.74484,139.54573,87.60458
132,1.092,342.71487,177.78781,316.37305,349.39136,229.25417,79.46323,396.5386,139.58411,87.44789
133,1.1,342.63928,177.95094,315.86194,349.39136,229.25417,79.46323,396.77451,139.58484,87.72068
134,1.108,342.56784,178.01428,315.96243,349.39136,229.25417,79.46323,396.77451,139.58484,87.72068
135,1.117,342.56784,178.01428,315.96243,349.54236,229.4361,79.32133,396.61591,139.68338,87.66553
136,1.125,342.56784,178.01428,315.96243,349.54236,229.4361,79.32133,396.87018,139.69966,88.22873
137,1.133,342.56784,178.01428,315.96243,349.39136,229.25417,79.46323,396.73355,139.62921,87.90298
138,1.142,342.65878,178.15497,315.95749,349.02139,229.51535,79.32375,396.67548,139.57288,87.99309
139,1.15,342.55035,178.30852,315.81882,349.26614,229.48207,79.283,396.64581,139.53374,87.87698
140,1.158,342.55035,178.30852,315.81882,349.54236,229.4361,79.32133,396.50674,139.67451,87.74844
141,1.167,342.55035,178.30852,315.81882,349.11508,229.30014,79.4249,396.55438,139.73471,87.84998
142,1.175,342.77621,178.28947,315.96838,349.26614,229.48207,79.283,396.55438,139.73471,87.84998
143,1.183,342.77621,178.28947,315.96838,348.77988,229.5562,79.28526,396.55783,139.62703,87.75566
144,1.192,342.55035,178.30852,315.81882,348.97842,229.79021,79.19622,396.49631,139.67838,87.9401
145,1.2,342.55035,178.30852,315.81882,348.97842,229.79021,79.19622,396.55438,139.73471,87.84998
146,1.208,342.56784,178.01428,315.96243,349.21991,229.74934,79.23471,396.49631,139.67838,87.9401
147,1.217,342.56784,178.01428,315.96243,349.02139,229.51535,79.32375,396.49631,139.67838,87.9401
148,1.225,342.56784,178.01428,315.96243,349.02487,229.52339,79.23884,396.49631,139.67838,87.9401
149,1.233,342.63928,177.95094,315.86194,349.26614,229.48207,79.283,396.61591,139.68338,87.66553
150,1.242,342.63928,177.95094,315.86194,348.77988,229.5562,79.28526,396.61591,139.68338,87.66553
151,1.25,342.49677,177.93936,316.05319,349.21991,229.74934,79.23471,396.55438,139.73471,87.84998
152,1.258,342.56821,177.87602,315.95273,348.77988,229.5562,79.28526,396.55783,139.62703,87.75566
153,1.267,342.56821,177.87602,315.95273,348.77988,229.5562,79.28526,396.61591,139.68338,87.66553
154,1.275,342.56821,177.87602,315.95273,349.02487,229.52339,79.23884,396.55783,139.62703,87.75566
155,1.283,342.49677,177.93936,316.05319,349.26614,229.48207,79.283,396.61591,139.68338,87.66553
156,1.292,342.56821,177.87602,315.95273,348.97842,229.79021,79.19622,396.55438,139.73471,87.84998
157,1.3,342.49677,177.93936,316.05319,348.77988,229.5562,79.28526,396.63092,139.75011,88.08055
158,1.308,342.56784,178.01428,315.96243,348.77988,229.5562,79.28526,396.63092,139.75011,88.08055
159,1.317,342.56784,178.01428,315.96243,348.97842,229.79021,79.19622,396.87018,139.69966,88.22873
160,1.325,342.65878,178.15497,315.95749,349.22339,229.75737,79.1498,396.8121,139.64334,88.31882
161,1.333,342.65878,178.15497,315.95749,348.97842,229.79021,79.19622,396.87018,139.69966,88.22873
162,1.342,342.84534,178.38362,316.2019,349.02487,229.52339,79.23884,396.63092,139.75011,88.08055
163,1.35,342.73697,178.53717,316.06326,349.02487,229.52339,79.23884,396.57285,139.69379,88.17065
164,1.358,342.71796,178.50685,315.93097,349.22339,229.75737,79.1498,396.87018,139.69966,88.22873
165,1.367,342.94379,178.31531,316.06528,349.22339,229.75737,79.1498,396.87018,139.69966,88.22873
166,1.375,342.94379,178.31531,316.06528,349.22339,229.75737,79.1498,396.8121,139.64334,88.31882
167,1.383,342.94379,178.31531,316.06528,349.46463,229.71605,79.19395,396.8121,139.64334,88.31882
168,1.392,342.94379,178.31531,316.06528,349.26614,229.48207,79.283,396.82254,139.63943,88.12719
169,1.4,342.94379,178.31531,316.06528,349.26614,229.48207,79.283,396.87018,139.69966,88.22873
170,1.408,342.75674,178.08543,315.87283,349.46463,229.71605,79.19395,396.87018,139.69966,88.22873
171,1.417,342.63928,177.95094,315.86194,349.46463,229.71605,79.19395,396.90753,139.65117,88.01516
172,1.425,342.63928,177.95094,315.86194,349.74084,229.67009,79.23226,396.82214,139.64502,87.8222
173,1.433,342.80011,177.57716,315.90588,349.54236,229.4361,79.32133,396.74484,139.54573,87.60458
174,1.442,342.80011,177.57716,315.90588,349.54236,229.4361,79.32133,396.74484,139.54573,87.60458
175,1.45,342.80011,177.57716,315.90588,349.74084,229.67009,79.23226,396.83023,139.55182,87.79752
176,1.458,342.86929,177.39822,315.99966,349.74084,229.67009,79.23226,396.83023,139.55182,87.79752
177,1.467,342.85892,177.63707,315.80252,349.54236,229.4361,79.32133,396.83023,139.55182,87.79752
178,1.475,342.80011,177.57716,315.90588,349.54236,229.4361,79.32133,396.83023,139.55182,87.79752
179,1.483,342.80011,177.57716,315.90588,349.54236,229.4361,79.32133,396.79288,139.60027,88.01108
180,1.492,342.68573,177.76064,315.86871,349.74084,229.67009,79.23226,396.79288,139.60027,88.01108
181,1.5,342.63928,177.95094,315.86194,349.74084,229.67009,79.23226,396.83023,139.55182,87.79752
182,1.508,342.63928,177.95094,315.86194,349.54236,229.4361,79.32133,396.74484,139.54573,87.60458
183,1.517,342.56784,178.01428,315.96243,349.54236,229.4361,79.32133,396.83023,139.55182,87.79752
184,1.525,342.63928,177.95094,315.86194,349.58572,229.15984,79.07955,396.79288,139.60027,88.01108
185,1.533,342.63928,177.95094,315.86194,349.74084,229.67009,79.23226,396.79288,139.60027,88.01108
186,1.542,342.62665,178.07419,315.85904,349.74084,229.67009,79.23226,396.79288,139.60027,88.01108
187,1.55,342.56784,178.01428,315.96243,349.54236,229.4361,79.32133,396.77216,139.49548,87.88763
188,1.558,342.56784,178.01428,315.96243,349.39136,229.25417,79.46323,396.82254,139.63943,88.12719
189,1.567,342.56784,178.01428,315.96243,349.39136,229.25417,79.46323,396.82254,139.63943,88.12719
190,1.575,342.63928,177.95094,315.86194,349.58572,229.15984,79.07955,396.82254,139.63943,88.12719
191,1.583,342.63928,177.95094,315.86194,349.54236,229.4361,79.32133,396.77451,139.58484,87.72068
192,1.592,342.63928,177.95094,315.86194,349.54236,229.4361,79.32133,396.77451,139.58484,87.72068
193,1.6,342.80011,177.57716,315.90588,349.39136,229.25417,79.46323,396.5386,139.58411,87.44789
194,1.608,342.86929,177.39822,315.99966,349.39136,229.25417,79.46323,396.5386,139.58411,87.44789
195,1.617,342.94492,177.23505,316.51083,349.39136,229.25417,79.46323,396.5386,139.58411,87.44789
196,1.625,342.94492,177.23505,316.51083,349.39136,229.25417,79.46323,396.53745,139.26485,87.54451
197,1.633,342.82657,176.96384,316.65884,349.39136,229.25417,79.46323,396.74484,139.54573,87.60458
198,1.642,342.78143,176.82867,316.62515,349.39136,229.25417,79.46323,396.5386,139.58411,87.44789
199,1.65,342.78143,176.82867,316.62515,349.39136,229.25417,79.46323,396.5386,139.58411,87.44789
200,1.658,342.63931,176.75562,316.55386,349.63754,229.33224,79.29175,396.53745,139.26485,87.54451
201,1.667,342.78143,176.82867,316.62515,349.39136,229.25417,79.46323,396.57214,139.50735,87.31875
202,1.675,342.78143,176.82867,316.62515,349.50009,229.10654,79.57476,396.5386,139.58411,87.44789
203,1.683,342.89764,177.03874,316.56808,349.53979,228.94214,79.48351,396.53745,139.26485,87.54451
204,1.692,342.87384,177.16013,316.60159,349.39136,229.25417,79.46323,396.5386,139.58411,87.44789
205,1.7,342.72903,177.50226,315.99664,349.11508,229.30014,79.4249,396.5386,139.58411,87.44789
206,1.708,342.61465,177.68571,315.95947,349.22058,229.14503,79.61562,396.56827,139.6232,87.564
207,1.717,342.56821,177.87602,315.95273,349.02139,229.51535,79.32375,396.61591,139.68338,87.66553
208,1.725,342.56821,177.87602,315.95273,348.77988,229.5562,79.28526,396.61591,139.68338,87.66553
209,1.733,342.56821,177.87602,315.95273,349.02139,229.51535,79.32375,396.61591,139.68338,87.66553
210,1.742,342.63928,177.95094,315.86194,349.02139,229.51535,79.32375,396.55438,139.73471,87.84998
211,1.75,342.63928,177.95094,315.86194,348.97906,229.18582,79.57716,396.55438,139.73471,87.84998
212,1.758,342.63928,177.95094,315.86194,348.73749,229.2267,79.53865,396.56827,139.6232,87.564
213,1.767,342.63928,177.95094,315.86194,348.77988,229.5562,79.28526,396.61591,139.68338,87.66553
214,1.775,342.56821,177.87602,315.95273,348.77988,229.5562,79.28526,396.61591,139.68338,87.66553
215,1.783,342.56821,177.87602,315.95273,348.97842,229.79021,79.19622,396.61591,139.68338,87.66553
216,1.792,342.56821,177.87602,315.95273,349.46463,229.71605,79.19395,396.55438,139.73471,87.84998
217,1.8,342.72903,177.50226,315.99664,349.02487,229.52339,79.23884,396.61591,139.68338,87.66553
218,1.808,342.79822,177.32332,316.09042,349.1301,229.36777,79.43527,396.61591,139.68338,87.66553
219,1.817,342.79822,177.32332,316.09042,349.1301,229.36777,79.43527,396.61591,139.68338,87.66553
220,1.825,342.75095,177.12706,316.14764,349.02139,229.51535,79.32375,396.50674,139.67451,87.74844
221,1.833,342.78143,176.82867,316.62515,349.26614,229.48207,79.283,396.56827,139.6232,87.564
222,1.842,342.78143,176.82867,316.62515,349.37485,229.33446,79.39452,396.5386,139.58411,87.44789
223,1.85,342.78143,176.82867,316.62515,349.65112,229.28847,79.43285,396.5386,139.58411,87.44789
224,1.858,342.56366,176.91882,316.04263,349.65112,229.28847,79.43285,396.46719,139.14204,87.47914
225,1.867,342.56366,176.91882,316.04263,349.74084,229.67009,79.23226,396.5386,139.58411,87.44789
226,1.875,342.70581,176.99188,316.11392,349.54236,229.4361,79.32133,396.56711,139.30394,87.66061
227,1.883,342.70581,176.99188,316.11392,349.54236,229.4361,79.32133,396.74484,139.54573,87.60458
228,1.892,342.56366,176.91882,316.04263,349.54236,229.4361,79.32133,396.77451,139.58484,87.72068
229,1.9,342.6088,177.05397,316.07635,349.54236,229.4361,79.32133,396.85989,139.59096,87.91363
230,1.908,342.86929,177.39822,315.99966,349.54236,229.4361,79.32133,396.83023,139.55182,87.79752
231,1.917,342.86929,177.39822,315.99966,349.26614,229.48207,79.283,396.83023,139.55182,87.79752
232,1.925,342.80011,177.57716,315.90588,349.54236,229.4361,79.32133,396.74484,139.54573,87.60458
233,1.933,342.68573,177.76064,315.86871,349.54236,229.4361,79.32133,396.77451,139.58484,87.72068
234,1.942,342.63928,177.95094,315.86194,349.46463,229.71605,79.19395,396.77451,139.58484,87.72068
235,1.95,342.63928,177.95094,315.86194,349.74084,229.67009,79.23226,396.74484,139.54573,87.60458
236,1.958,342.68573,177.76064,315.86871,349.54236,229.4361,79.32133,396.85989,139.59096,87.91363
237,1.967,342.68573,177.76064,315.86871,349.54236,229.4361,79.32133,396.83023,139.55182,87.79752
238,1.975,342.68573,177.76064,315.86871,349.54236,229.4361,79.32133,396.83023,139.55182,87.79752
239,1.983,342.80011,177.57716,315.90588,349.54236,229.4361,79.32133,396.79288,139.60027,88.01108
240,1.992,342.86929,177.39822,315.99966,349.74084,229.67009,79.23226,396.83023,139.55182,87.79752
241,2,342.86929,177.39822,315.99966,349.74084,229.67009,79.23226,396.83023,139.55182,87.79752
242,2.008,342.86929,177.39822,315.99966,349.54236,229.4361,79.32133,396.74484,139.54573,87.60458
243,2.017,343.24686,176.84331,316.06445,349.39136,229.25417,79.46323,396.74365,139.2265,87.70116
244,2.025,343.32257,176.68001,316.57574,349.39136,229.25417,79.46323,396.77835,139.46898,87.47543
245,2.033,343.32257,176.68001,316.57574,349.43103,229.08977,79.37197,396.74365,139.2265,87.70116
246,2.042,343.20474,176.58876,316.49399,349.43103,229.08977,79.37197,396.78415,139.19824,87.52689
247,2.05,343.32257,176.68001,316.57574,349.54236,229.4361,79.32133,396.77835,139.46898,87.47543
248,2.058,343.32257,176.68001,316.57574,349.39136,229.25417,79.46323,396.74484,139.54573,87.60458
249,2.067,343.1337,176.51389,316.58475,349.43103,229.08977,79.37197,396.74484,139.54573,87.60458
250,2.075,343.32257,176.68001,316.57574,349.39136,229.25417,79.46323,396.74365,139.2265,87.70116
251,2.083,343.32257,176.68001,316.57574,349.43469,228.97791,79.22148,396.74484,139.54573,87.60458
252,2.092,342.85251,176.90356,316.53439,349.4744,228.81351,79.13022,396.74484,139.54573,87.60458
253,2.1,342.94492,177.23505,316.51083,349.39136,229.25417,79.46323,396.74484,139.54573,87.60458
254,2.108,342.79822,177.32332,316.09042,349.39136,229.25417,79.46323,396.74484,139.54573,87.60458
255,2.117,342.86929,177.39822,315.99966,349.39136,229.25417,79.46323,396.5386,139.58411,87.44789
256,2.125,342.80011,177.57716,315.90588,349.39136,229.25417,79.46323,396.74484,139.54573,87.60458
257,2.133,342.80011,177.57716,315.90588,349.39136,229.25417,79.46323,396.74484,139.54573,87.60458
258,2.142,342.80011,177.57716,315.90588,349.39136,229.25417,79.46323,396.74484,139.54573,87.60458
259,2.15,342.80011,177.57716,315.90588,349.39136,229.25417,79.46323,396.74484,139.54573,87.60458
260,2.158,342.80011,177.57716,315.90588,349.39136,229.25417,79.46323,396.74484,139.54573,87.60458
261,2.167,342.80011,177.57716,315.90588,349.39136,229.25417,79.46323,396.77451,139.58484,87.72068
262,2.175,342.79822,177.32332,316.09042,349.39136,229.25417,79.46323,396.77451,139.58484,87.72068
263,2.183,342.79822,177.32332,316.09042,349.39136,229.25417,79.46323,396.56827,139.6232,87.564
264,2.192,342.75095,177.12706,316.14764,349.39136,229.25417,79.46323,396.56827,139.6232,87.564
265,2.2,342.78143,176.82867,316.62515,349.50009,229.10654,79.57476,396.56827,139.6232,87.564
266,2.208,342.78143,176.82867,316.62515,349.50009,229.10654,79.57476,396.53745,139.26485,87.54451
267,2.217,342.91931,176.60686,316.6004,349.50009,229.10654,79.57476,396.57794,139.2366,87.37022
268,2.225,343.03714,176.69809,316.68216,349.50009,229.10654,79.57476,396.53745,139.26485,87.54451
269,2.233,342.97437,176.30913,316.45483,349.50009,229.10654,79.57476,396.50769,139.11378,87.30485
270,2.242,343.00122,176.21994,316.38104,349.50009,229.10654,79.57476,396.50769,139.11378,87.30485
271,2.25,343.00122,176.21994,316.38104,349.50009,229.10654,79.57476,396.50769,139.11378,87.30485
272,2.258,342.88324,175.96992,316.68384,349.50009,229.10654,79.57476,396.57794,139.2366,87.37022
273,2.267,342.57608,175.88373,316.54474,349.50009,229.10654,79.57476,396.50769,139.11378,87.30485
274,2.275,342.582,176.17737,316.63992,349.50009,229.10654,79.57476,396.57214,139.50735,87.31875
275,2.283,342.30899,176.23647,316.62088,349.50009,229.10654,79.57476,396.57214,139.50735,87.31875
276,2.292,342.63931,176.75562,316.55386,349.22382,229.15253,79.53642,396.57794,139.2366,87.37022
277,2.3,342.78143,176.82867,316.62515,349.22382,229.15253,79.53642,396.57214,139.50735,87.31875
278,2.308,342.6088,177.05397,316.07635,349.1301,229.36777,79.43527,396.74484,139.54573,87.60458
279,2.317,342.75095,177.12706,316.14764,348.97906,229.18582,79.57716,396.77451,139.58484,87.72068
280,2.325,342.79822,177.32332,316.09042,348.97906,229.18582,79.57716,396.56827,139.6232,87.564
281,2.333,342.72903,177.50226,315.99664,348.97906,229.18582,79.57716,396.61591,139.68338,87.66553
282,2.342,342.79822,177.32332,316.09042,348.87036,229.3334,79.46564,396.61591,139.68338,87.66553
283,2.35,342.72903,177.50226,315.99664,349.02487,229.52339,79.23884,396.61591,139.68338,87.66553
284,2.358,342.72903,177.50226,315.99664,349.26614,229.48207,79.283,396.77451,139.58484,87.72068
285,2.367,342.72903,177.50226,315.99664,349.26614,229.48207,79.283,396.77451,139.58484,87.72068
286,2.375,342.79822,177.32332,316.09042,349.02487,229.52339,79.23884,396.56827,139.6232,87.564
287,2.383,342.75095,177.12706,316.14764,349.26614,229.48207,79.283,396.5386,139.58411,87.44789
288,2.392,342.75095,177.12706,316.14764,349.46463,229.71605,79.19395,396.5386,139.58411,87.44789
289,2.4,342.56366,176.91882,316.04263,349.74084,229.67009,79.23226,396.74365,139.2265,87.70116
290,2.408,342.63931,176.75562,316.55386,349.54236,229.4361,79.32133,396.74484,139.54573,87.60458
291,2.417,342.98987,176.44206,316.51425,349.39136,229.25417,79.46323,396.74484,139.54573,87.60458
292,2.425,342.74997,176.42473,316.40057,349.54236,229.4361,79.32133,396.74365,139.2265,87.70116
293,2.433,342.9819,176.11052,316.54861,349.54236,229.4361,79.32133,396.71387,139.07542,87.46151
294,2.442,343.19885,175.58846,316.3681,349.43103,229.08977,79.37197,396.73727,138.82571,87.40569
295,2.45,342.98816,175.15909,316.51617,349.39136,229.25417,79.46323,396.59555,139.25763,87.26294
296,2.458,342.98816,175.15909,316.51617,349.39136,229.25417,79.46323,396.50769,139.11378,87.30485
297,2.467,342.98816,175.15909,316.51617,349.39136,229.25417,79.46323,396.71387,139.07542,87.46151
298,2.475,342.91428,175.31424,316.6217,349.38596,229.17462,79.52351,396.71387,139.07542,87.46151
299,2.483,342.91428,175.31424,316.6217,349.38596,229.17462,79.52351,396.73727,138.82571,87.40569
300,2.492,342.77124,175.68124,316.69666,349.43469,228.97791,79.22148,396.73148,139.09645,87.35423
301,2.5,342.5661,175.90637,316.47479,349.39136,229.25417,79.46323,396.71387,139.07542,87.46151
302,2.508,342.55478,176.12851,316.608,349.43103,229.08977,79.37197,396.78415,139.19824,87.52689
303,2.517,342.44406,176.8288,315.96164,349.39136,229.25417,79.46323,396.74484,139.54573,87.60458
304,2.525,342.51514,176.90367,315.87088,349.54236,229.4361,79.32133,396.74484,139.54573,87.60458
305,2.533,342.56366,176.91882,316.04263,349.54236,229.4361,79.32133,396.77835,139.46898,87.47543
306,2.542,342.44406,176.8288,315.96164,349.39136,229.25417,79.46323,396.74484,139.54573,87.60458
307,2.55,342.56366,176.91882,316.04263,349.39136,229.25417,79.46323,396.74484,139.54573,87.60458
308,2.558,342.63474,176.9937,315.95187,349.43469,228.97791,79.22148,396.74484,139.54573,87.60458
309,2.567,342.63474,176.9937,315.95187,349.39136,229.25417,79.46323,396.74484,139.54573,87.60458
310,2.575,342.63931,176.75562,316.55386,349.39136,229.25417,79.46323,396.74365,139.2265,87.70116
311,2.583,342.51971,176.6656,316.47287,349.39136,229.25417,79.46323,396.74365,139.2265,87.70116
312,2.592,342.51971,176.6656,316.47287,349.54236,229.4361,79.32133,396.74365,139.2265,87.70116
313,2.6,342.88504,176.64766,316.54099,349.54236,229.4361,79.32133,396.74365,139.2265,87.70116
314,2.608,342.98987,176.44206,316.51425,349.39136,229.25417,79.46323,396.74365,139.2265,87.70116
315,2.617,342.77124,175.68124,316.69666,349.39136,229.25417,79.46323,396.57794,139.2366,87.37022
316,2.625,342.87198,175.43689,316.51733,349.39136,229.25417,79.46323,396.57794,139.2366,87.37022
317,2.633,342.98816,175.15909,316.51617,349.39136,229.25417,79.46323,396.50769,139.11378,87.30485
318,2.642,342.98816,175.15909,316.51617,349.39136,229.25417,79.46323,396.50769,139.11378,87.30485
319,2.65,342.98816,175.15909,316.51617,349.39136,229.25417,79.46323,396.71387,139.07542,87.46151
320,2.658,342.98816,175.15909,316.51617,349.39136,229.25417,79.46323,396.71387,139.07542,87.46151
321,2.667,342.98816,175.15909,316.51617,349.39136,229.25417,79.46323,396.78415,139.19824,87.52689
322,2.675,342.98816,175.15909,316.51617,349.53979,228.94214,79.48351,396.50769,139.11378,87.30485
323,2.683,342.7981,175.59206,316.62289,349.50009,229.10654,79.57476,396.71387,139.07542,87.46151
324,2.692,342.58362,175.68506,316.63855,349.50009,229.10654,79.57476,396.50769,139.11378,87.30485
325,2.7,342.45282,176.30829,316.69138,349.53979,228.94214,79.48351,396.57794,139.2366,87.37022
326,2.708,342.42856,176.32648,316.70187,349.50009,229.10654,79.57476,396.56711,139.30394,87.66061
327,2.717,342.70581,176.99188,316.11392,349.50009,229.10654,79.57476,396.61475,139.36412,87.76213
328,2.725,342.70581,176.99188,316.11392,349.50009,229.10654,79.57476,396.5386,139.58411,87.44789
329,2.733,342.78143,176.82867,316.62515,349.50009,229.10654,79.57476,396.79108,139.60437,87.70723
330,2.742,342.82657,176.96384,316.65884,348.97906,229.18582,79.57716,396.53745,139.26485,87.54451
331,2.75,342.82657,176.96384,316.65884,348.97906,229.18582,79.57716,396.5386,139.58411,87.44789
332,2.758,342.63931,176.75562,316.55386,348.97906,229.18582,79.57716,396.56711,139.30394,87.66061
333,2.767,342.63931,176.75562,316.55386,348.97906,229.18582,79.57716,396.74484,139.54573,87.60458
334,2.775,342.78143,176.82867,316.62515,348.97906,229.18582,79.57716,396.56827,139.6232,87.564
335,2.783,342.78143,176.82867,316.62515,348.97906,229.18582,79.57716,396.61591,139.68338,87.66553
336,2.792,342.63931,176.75562,316.55386,349.50009,229.10654,79.57476,396.61475,139.36412,87.76213
337,2.8,342.51971,176.6656,316.47287,348.97906,229.18582,79.57716,396.57214,139.50735,87.31875
338,2.808,342.6575,175.52989,316.53302,349.50009,229.10654,79.57476,396.50186,139.38455,87.25338
339,2.817,342.98816,175.15909,316.51617,349.50009,229.10654,79.57476,396.50769,139.11378,87.30485
340,2.825,342.98816,175.15909,316.51617,349.50009,229.10654,79.57476,396.57214,139.50735,87.31875
341,2.833,342.98816,175.15909,316.51617,349.50009,229.10654,79.57476,396.50769,139.11378,87.30485
342,2.842,342.77368,175.25211,316.53183,349.53979,228.94214,79.48351,396.50769,139.11378,87.30485
343,2.85,343.09207,175.0865,316.45062,349.50009,229.10654,79.57476,396.71387,139.07542,87.46151
344,2.858,343.09207,175.0865,316.45062,349.53979,228.94214,79.48351,396.50186,139.38455,87.25338
345,2.867,342.84509,175.02582,316.33453,349.53979,228.94214,79.48351,396.50769,139.11378,87.30485
346,2.875,342.84509,175.02582,316.33453,349.50009,229.10654,79.57476,396.50769,139.11378,87.30485
347,2.883,342.84509,175.02582,316.33453,349.53979,228.94214,79.48351,396.50769,139.11378,87.30485
348,2.892,342.32779,175.8157,316.58145,349.50009,229.10654,79.57476,396.50186,139.38455,87.25338
349,2.9,342.40167,175.66055,316.47592,349.50009,229.10654,79.57476,396.59555,139.25763,87.26294
350,2.908,342.30899,176.23647,316.62088,349.54236,229.4361,79.32133,396.78415,139.19824,87.52689
351,2.917,342.51971,176.6656,316.47287,349.11508,229.30014,79.4249,396.77835,139.46898,87.47543
352,2.925,342.30899,176.23647,316.62088,349.39136,229.25417,79.46323,396.74484,139.54573,87.60458
353,2.933,342.30899,176.23647,316.62088,349.39136,229.25417,79.46323,396.74484,139.54573,87.60458
354,2.942,342.44406,176.8288,315.96164,349.39136,229.25417,79.46323,396.74484,139.54573,87.60458
355,2.95,342.56366,176.91882,316.04263,349.54236,229.4361,79.32133,396.74484,139.54573,87.60458
356,2.958,342.58792,176.90063,316.03214,349.26614,229.48207,79.283,396.74484,139.54573,87.60458
357,2.967,342.51514,176.90367,315.87088,349.58206,229.27171,79.23006,396.74484,139.54573,87.60458
358,2.975,342.77689,177.06679,316.02316,349.54236,229.4361,79.32133,396.5386,139.58411,87.44789
359,2.983,342.63474,176.9937,315.95187,349.54236,229.4361,79.32133,396.74484,139.54573,87.60458
360,2.992,342.73465,176.81232,316.45264,349.54236,229.4361,79.32133,396.74484,139.54573,87.60458
361,3,342.88504,176.64766,316.54099,349.54236,229.4361,79.32133,396.74484,139.54573,87.60458
362,3.008,342.98987,176.44206,316.51425,349.39136,229.25417,79.46323,396.78415,139.19824,87.52689
363,3.017,342.97437,176.30913,316.45483,349.39136,229.25417,79.46323,396.74484,139.54573,87.60458
364,3.025,342.97437,176.30913,316.45483,349.54236,229.4361,79.32133,396.78415,139.19824,87.52689
365,3.033,343.00122,176.21994,316.38104,349.39136,229.25417,79.46323,396.73727,138.82571,87.40569
366,3.042,343.03381,175.40421,316.70267,349.39136,229.25417,79.46323,396.73727,138.82571,87.40569
367,3.05,343.19885,175.58846,316.3681,349.39136,229.25417,79.46323,396.73727,138.82571,87.40569
368,3.058,343.00122,176.21994,316.38104,349.43103,229.08977,79.37197,396.78415,139.19824,87.52689
369,3.067,343.1337,176.51389,316.58475,349.39136,229.25417,79.46323,396.70807,139.34615,87.41006
370,3.075,343.1337,176.51389,316.58475,349.54236,229.4361,79.32133,396.77835,139.46898,87.47543
371,3.083,343.25153,176.60512,316.66647,349.39136,229.25417,79.46323,396.77835,139.46898,87.47543
372,3.092,343.25153,176.60512,316.66647,349.39136,229.25417,79.46323,396.77835,139.46898,87.47543
373,3.1,342.70581,176.99188,316.11392,349.39136,229.25417,79.46323,396.74484,139.54573,87.60458
374,3.108,342.82202,177.20197,316.05688,349.54236,229.4361,79.32133,396.83023,139.55182,87.79752
375,3.117,342.86929,177.39822,315.99966,349.54236,229.4361,79.32133,396.74484,139.54573,87.60458
376,3.125,342.86929,177.39822,315.99966,349.54236,229.4361,79.32133,396.74484,139.54573,87.60458
377,3.133,342.86929,177.39822,315.99966,349.54236,229.4361,79.32133,396.74484,139.54573,87.60458
378,3.142,342.86929,177.39822,315.99966,349.54236,229.4361,79.32133,396.5386,139.58411,87.44789
379,3.15,342.75095,177.12706,316.14764,349.54236,229.4361,79.32133,396.47708,139.63541,87.63233
380,3.158,342.70581,176.99188,316.11392,349.39136,229.25417,79.46323,396.74484,139.54573,87.60458
381,3.167,342.78143,176.82867,316.62515,349.39136,229.25417,79.46323,396.77451,139.58484,87.72068
382,3.175,342.63931,176.75562,316.55386,349.39136,229.25417,79.46323,396.78415,139.19824,87.52689
383,3.183,342.77545,176.53502,316.52994,349.50009,229.10654,79.57476,396.77835,139.46898,87.47543
384,3.192,343.04831,176.15395,316.34924,349.50009,229.10654,79.57476,396.78415,139.19824,87.52689
385,3.2,342.87198,175.43689,316.51733,349.50009,229.10654,79.57476,396.57794,139.2366,87.37022
386,3.208,342.98816,175.15909,316.51617,349.50009,229.10654,79.57476,396.50769,139.11378,87.30485
387,3.217,342.84509,175.02582,316.33453,349.50009,229.10654,79.57476,396.50769,139.11378,87.30485
388,3.225,342.84509,175.02582,316.33453,349.50009,229.10654,79.57476,396.50769,139.11378,87.30485
389,3.233,342.98816,175.15909,316.51617,349.50009,229.10654,79.57476,396.50769,139.11378,87.30485
390,3.242,342.84509,175.02582,316.33453,349.49472,229.02698,79.63503,396.50769,139.11378,87.30485
391,3.25,342.84509,175.02582,316.33453,349.50009,229.10654,79.57476,396.50769,139.11378,87.30485
392,3.258,342.77368,175.25211,316.53183,349.50009,229.10654,79.57476,396.50769,139.11378,87.30485
393,3.267,342.51785,175.38278,316.47473,349.53979,228.94214,79.48351,396.50186,139.38455,87.25338
394,3.275,342.32779,175.8157,316.58145,349.50009,229.10654,79.57476,396.50769,139.11378,87.30485
395,3.283,342.29349,176.10353,316.56146,349.50009,229.10654,79.57476,396.50769,139.11378,87.30485
396,3.292,342.29349,176.10353,316.56146,349.22382,229.15253,79.53642,396.57794,139.2366,87.37022
397,3.3,342.30899,176.23647,316.62088,349.22382,229.15253,79.53642,396.57214,139.50735,87.31875
398,3.308,342.30899,176.23647,316.62088,348.73749,229.2267,79.53865,396.60764,139.2757,87.48632
399,3.317,342.30899,176.23647,316.62088,348.97906,229.18582,79.57716,396.56827,139.6232,87.564
400,3.325,342.30899,176.23647,316.62088,348.97906,229.18582,79.57716,396.64944,139.60661,87.53638
401,3.333,342.42856,176.32648,316.70187,348.97906,229.18582,79.57716,396.56827,139.6232,87.564
402,3.342,342.42856,176.32648,316.70187,349.22382,229.15253,79.53642,396.57214,139.50735,87.31875
403,3.35,342.30899,176.23647,316.62088,349.50009,229.10654,79.57476,396.46835,139.4613,87.38253
404,3.358,342.29349,176.10353,316.56146,349.50009,229.10654,79.57476,396.57794,139.2366,87.37022
405,3.367,342.32031,176.01434,316.48767,349.39136,229.25417,79.46323,396.50186,139.38455,87.25338
406,3.375,342.51785,175.38278,316.47473,349.39136,229.25417,79.46323,396.50769,139.11378,87.30485
407,3.383,342.77368,175.25211,316.53183,349.50009,229.10654,79.57476,396.57794,139.2366,87.37022
408,3.392,342.98816,175.15909,316.51617,349.50009,229.10654,79.57476,396.53113,138.86409,87.24904
409,3.4,342.98816,175.15909,316.51617,349.53979,228.94214,79.48351,396.53113,138.86409,87.24904
410,3.408,343.09207,175.0865,316.45062,349.53979,228.94214,79.48351,396.53113,138.86409,87.24904
411,3.417,343.09207,175.0865,316.45062,349.43103,229.08977,79.37197,396.50769,139.11378,87.30485
412,3.425,343.09207,175.0865,316.45062,349.42566,229.01022,79.43224,396.50769,139.11378,87.30485
413,3.433,343.09207,175.0865,316.45062,349.39136,229.25417,79.46323,396.50769,139.11378,87.30485
414,3.442,342.98816,175.15909,316.51617,349.39136,229.25417,79.46323,396.80756,138.94852,87.47106
415,3.45,342.98816,175.15909,316.51617,349.39136,229.25417,79.46323,396.5253,139.13484,87.19757
416,3.458,342.91428,175.31424,316.6217,349.39136,229.25417,79.46323,396.60138,138.98688,87.31441
417,3.467,342.79053,175.79074,316.52908,349.43103,229.08977,79.37197,396.71387,139.07542,87.46151
418,3.475,342.54926,175.97292,316.61853,349.39136,229.25417,79.46323,396.77835,139.46898,87.47543
419,3.483,342.56476,176.10585,316.67795,349.39136,229.25417,79.46323,396.57214,139.50735,87.31875
420,3.492,342.57068,176.39952,316.77313,349.39136,229.25417,79.46323,396.77835,139.46898,87.47543
421,3.5,342.89502,176.62503,316.6109,349.39136,229.25417,79.46323,396.78415,139.19824,87.52689
422,3.508,342.98987,176.44206,316.51425,349.54236,229.4361,79.32133,396.78415,139.19824,87.52689
423,3.517,342.71039,176.83051,316.4631,349.39136,229.25417,79.46323,396.77835,139.46898,87.47543
424,3.525,342.89502,176.62503,316.6109,349.39136,229.25417,79.46323,396.74484,139.54573,87.60458
425,3.533,342.59079,176.74048,316.38211,349.39136,229.25417,79.46323,396.78415,139.19824,87.52689
426,3.542,342.98987,176.44206,316.51425,349.39136,229.25417,79.46323,396.74484,139.54573,87.60458
427,3.55,343.09393,176.39912,316.5358,349.39136,229.25417,79.46323,396.77835,139.46898,87.47543
428,3.558,342.7637,175.87993,316.60287,349.39136,229.25417,79.46323,396.78415,139.19824,87.52689
429,3.567,342.87198,175.43689,316.51733,349.54236,229.4361,79.32133,396.70807,139.34615,87.41006
430,3.575,342.98816,175.15909,316.51617,349.39136,229.25417,79.46323,396.71387,139.07542,87.46151
431,3.583,343.30273,175.51587,316.30255,349.54236,229.4361,79.32133,396.78415,139.19824,87.52689
432,3.592,342.98816,175.15909,316.51617,349.39136,229.25417,79.46323,396.70807,139.34615,87.41006
433,3.6,342.98816,175.15909,316.51617,349.39136,229.25417,79.46323,396.71387,139.07542,87.46151
434,3.608,342.98816,175.15909,316.51617,349.38596,229.17462,79.52351,396.78415,139.19824,87.52689
435,3.617,342.94901,174.95322,316.26898,349.39136,229.25417,79.46323,396.71387,139.07542,87.46151
436,3.625,342.98816,175.15909,316.51617,349.39136,229.25417,79.46323,396.71387,139.07542,87.46151
437,3.633,342.7981,175.59206,316.62289,349.39136,229.25417,79.46323,396.77835,139.46898,87.47543
438,3.642,342.32779,175.8157,316.58145,349.54236,229.4361,79.32133,396.78415,139.19824,87.52689
439,3.65,342.50421,176.53267,316.41345,349.54236,229.4361,79.32133,396.78415,139.19824,87.52689
440,3.658,342.30899,176.23647,316.62088,349.54236,229.4361,79.32133,396.57214,139.50735,87.31875
441,3.667,342.30899,176.23647,316.62088,349.39136,229.25417,79.46323,396.77835,139.46898,87.47543
442,3.675,342.30899,176.23647,316.62088,349.39136,229.25417,79.46323,396.5386,139.58411,87.44789
443,3.683,342.30899,176.23647,316.62088,349.39136,229.25417,79.46323,396.77451,139.58484,87.72068
444,3.692,342.30899,176.23647,316.62088,349.11508,229.30014,79.4249,396.82214,139.64502,87.8222
445,3.7,342.44406,176.8288,315.96164,349.26614,229.48207,79.283,396.87018,139.69966,88.22873
446,3.708,342.56366,176.91882,316.04263,349.46463,229.71605,79.19395,396.77451,139.58484,87.72068
447,3.717,342.44406,176.8288,315.96164,349.46463,229.71605,79.19395,396.56827,139.6232,87.564
448,3.725,342.44406,176.8288,315.96164,349.54236,229.4361,79.32133,396.82214,139.64502,87.8222
449,3.733,342.30899,176.23647,316.62088,349.39136,229.25417,79.46323,396.56827,139.6232,87.564
450,3.742,342.42856,176.32648,316.70187,349.50009,229.10654,79.57476,396.65527,139.33586,87.58784
451,3.75,342.30899,176.23647,316.62088,349.50009,229.10654,79.57476,396.60764,139.2757,87.48632
452,3.758,342.77679,176.33554,316.32675,349.22382,229.15253,79.53642,396.50769,139.11378,87.30485
453,3.767,343.19885,175.58846,316.3681,349.65112,229.28847,79.43285,396.50186,139.38455,87.25338
454,3.775,342.98816,175.15909,316.51617,349.53979,228.94214,79.48351,396.50769,139.11378,87.30485
455,3.783,343.09207,175.0865,316.45062,349.50009,229.10654,79.57476,396.50769,139.11378,87.30485
456,3.792,343.09207,175.0865,316.45062,349.53979,228.94214,79.48351,396.50769,139.11378,87.30485
457,3.8,343.09207,175.0865,316.45062,349.53979,228.94214,79.48351,396.50769,139.11378,87.30485
458,3.808,343.09207,175.0865,316.45062,349.53439,228.86258,79.54377,396.50769,139.11378,87.30485
459,3.817,342.94901,174.95322,316.26898,349.49472,229.02698,79.63503,396.50769,139.11378,87.30485
460,3.825,343.09207,175.0865,316.45062,349.49472,229.02698,79.63503,396.50769,139.11378,87.30485
461,3.833,343.09207,175.0865,316.45062,349.49472,229.02698,79.63503,396.50769,139.11378,87.30485
462,3.842,342.98816,175.15909,316.51617,349.50009,229.10654,79.57476,396.50769,139.11378,87.30485
463,3.85,342.77368,175.25211,316.53183,349.50009,229.10654,79.57476,396.50186,139.38455,87.25338
464,3.858,342.32779,175.8157,316.58145,349.50009,229.10654,79.57476,396.60181,139.54645,87.43486
465,3.867,342.32031,176.01434,316.48767,349.50009,229.10654,79.57476,396.57794,139.2366,87.37022
466,3.875,342.41306,176.19353,316.64243,348.87036,229.3334,79.46564,396.57794,139.2366,87.37022
467,3.883,342.30899,176.23647,316.62088,349.39136,229.25417,79.46323,396.57214,139.50735,87.31875
468,3.892,342.30899,176.23647,316.62088,349.39136,229.25417,79.46323,396.53745,139.26485,87.54451
469,3.9,342.42856,176.32648,316.70187,349.11508,229.30014,79.4249,396.5386,139.58411,87.44789
470,3.908,342.42856,176.32648,316.70187,349.39136,229.25417,79.46323,396.5386,139.58411,87.44789
471,3.917,342.63931,176.75562,316.55386,349.11508,229.30014,79.4249,396.5386,139.58411,87.44789
472,3.925,342.51971,176.6656,316.47287,349.39136,229.25417,79.46323,396.56827,139.6232,87.564
473,3.933,342.63931,176.75562,316.55386,349.39136,229.25417,79.46323,396.53745,139.26485,87.54451
474,3.942,343.02164,176.56514,316.62274,349.39136,229.25417,79.46323,396.57214,139.50735,87.31875
475,3.95,343.09393,176.39912,316.5358,349.39136,229.25417,79.46323,396.50769,139.11378,87.30485
476,3.958,343.05969,175.75505,316.77512,349.39136,229.25417,79.46323,396.50769,139.11378,87.30485
477,3.967,343.09207,175.0865,316.45062,349.39136,229.25417,79.46323,396.53113,138.86409,87.24904
478,3.975,343.09207,175.0865,316.45062,349.43103,229.08977,79.37197,396.73727,138.82571,87.40569
479,3.983,343.09207,175.0865,316.45062,349.43103,229.08977,79.37197,396.60138,138.98688,87.31441
480,3.992,343.09207,175.0865,316.45062,349.39136,229.25417,79.46323,396.53113,138.86409,87.24904
481,4,343.09207,175.0865,316.45062,349.38596,229.17462,79.52351,396.50769,139.11378,87.30485
482,4.008,343.09207,175.0865,316.45062,349.43103,229.08977,79.37197,396.6116,138.67322,87.36389
483,4.017,342.98816,175.15909,316.51617,349.42566,229.01022,79.43224,396.53113,138.86409,87.24904
484,4.025,343.09207,175.0865,316.45062,349.39136,229.25417,79.46323,396.53113,138.86409,87.24904
485,4.033,342.98816,175.15909,316.51617,349.39136,229.25417,79.46323,396.73727,138.82571,87.40569
486,4.042,342.98816,175.15909,316.51617,349.43103,229.08977,79.37197,396.77835,139.46898,87.47543
487,4.05,342.54926,175.97292,316.61853,349.43103,229.08977,79.37197,396.78415,139.19824,87.52689
488,4.058,342.33252,176.14397,316.54819,349.39136,229.25417,79.46323,396.77835,139.46898,87.47543
489,4.067,342.30899,176.23647,316.62088,349.43103,229.08977,79.37197,396.77835,139.46898,87.47543
490,4.075,342.30899,176.23647,316.62088,349.43103,229.08977,79.37197,396.77835,139.46898,87.47543
491,4.083,342.44406,176.8288,315.96164,349.58206,229.27171,79.23006,396.74484,139.54573,87.60458
492,4.092,342.44406,176.8288,315.96164,349.39136,229.25417,79.46323,396.74484,139.54573,87.60458
493,4.1,342.56366,176.91882,316.04263,349.39136,229.25417,79.46323,396.74484,139.54573,87.60458
494,4.108,342.44406,176.8288,315.96164,349.54236,229.4361,79.32133,396.74484,139.54573,87.60458
495,4.117,342.56366,176.91882,316.04263,349.26614,229.48207,79.283,396.83023,139.55182,87.79752
496,4.125,342.70581,176.99188,316.11392,349.54236,229.4361,79.32133,396.83023,139.55182,87.79752
497,4.133,342.51971,176.6656,316.47287,349.39136,229.25417,79.46323,396.83023,139.55182,87.79752
498,4.142,342.78143,176.82867,316.62515,349.39136,229.25417,79.46323,396.82639,139.52348,87.88194
499,4.15,342.63931,176.75562,316.55386,349.54236,229.4361,79.32133,396.82639,139.52348,87.88194
500,4.158,343.01343,176.34956,316.44153,349.74084,229.67009,79.23226,396.77835,139.46898,87.47543
501,4.167,343.30627,175.68256,316.45056,349.74084,229.67009,79.23226,396.71387,139.07542,87.46151
502,4.175,343.44153,175.57149,316.36044,349.54236,229.4361,79.32133,396.78415,139.19824,87.52689
503,4.183,343.23083,175.14211,316.50851,349.50009,229.10654,79.57476,396.78415,139.19824,87.52689
504,4.192,343.09207,175.0865,316.45062,349.50009,229.10654,79.57476,396.71387,139.07542,87.46151
505,4.2,343.16922,174.94879,316.35843,349.49472,229.02698,79.63503,396.71387,139.07542,87.46151
506,4.208,343.09207,175.0865,316.45062,349.49472,229.02698,79.63503,396.71387,139.07542,87.46151
507,4.217,342.95267,174.81668,316.32727,349.53439,228.86258,79.54377,396.71387,139.07542,87.46151
508,4.225,343.09207,175.0865,316.45062,349.49472,229.02698,79.63503,396.71387,139.07542,87.46151
509,4.233,343.09207,175.0865,316.45062,349.49472,229.02698,79.63503,396.71387,139.07542,87.46151
510,4.242,342.98816,175.15909,316.51617,349.53439,228.86258,79.54377,396.50769,139.11378,87.30485
511,4.25,342.98816,175.15909,316.51617,349.53979,228.94214,79.48351,396.71387,139.07542,87.46151
512,4.258,342.37479,175.2495,316.29312,349.50009,229.10654,79.57476,396.50769,139.11378,87.30485
513,4.267,342.17725,175.8811,316.30606,349.22382,229.15253,79.53642,396.78415,139.19824,87.52689
514,4.275,342.30899,176.23647,316.62088,349.26349,228.98813,79.44515,396.50769,139.11378,87.30485
515,4.283,342.30899,176.23647,316.62088,349.26349,228.98813,79.44515,396.57214,139.50735,87.31875
516,4.292,342.30899,176.23647,316.62088,349.50009,229.10654,79.57476,396.81384,139.23735,87.64298
517,4.3,342.30899,176.23647,316.62088,349.22382,229.15253,79.53642,396.77332,139.26561,87.81726
518,4.308,342.30899,176.23647,316.62088,349.22382,229.15253,79.53642,396.56711,139.30394,87.66061
519,4.317,342.51971,176.6656,316.47287,349.11508,229.30014,79.4249,396.56827,139.6232,87.564
520,4.325,342.51971,176.6656,316.47287,349.02487,229.52339,79.23884,396.56827,139.6232,87.564
521,4.333,342.51971,176.6656,316.47287,349.11508,229.30014,79.4249,396.56711,139.30394,87.66061
522,4.342,342.30899,176.23647,316.62088,349.11508,229.30014,79.4249,396.5386,139.58411,87.44789
523,4.35,342.30899,176.23647,316.62088,349.39136,229.25417,79.46323,396.5386,139.58411,87.44789
524,4.358,342.57608,175.88373,316.54474,349.39136,229.25417,79.46323,396.53745,139.26485,87.54451
525,4.367,342.57608,175.88373,316.54474,349.39136,229.25417,79.46323,396.57214,139.50735,87.31875
526,4.375,342.98816,175.15909,316.51617,349.39136,229.25417,79.46323,396.57214,139.50735,87.31875
527,4.383,342.98816,175.15909,316.51617,349.39136,229.25417,79.46323,396.57214,139.50735,87.31875
528,4.392,343.09207,175.0865,316.45062,349.39136,229.25417,79.46323,396.50186,139.38455,87.25338
529,4.4,343.09207,175.0865,316.45062,349.39136,229.25417,79.46323,396.53113,138.86409,87.24904
530,4.408,343.09207,175.0865,316.45062,349.39136,229.25417,79.46323,396.53113,138.86409,87.24904
531,4.417,343.09207,175.0865,316.45062,349.50009,229.10654,79.57476,396.53113,138.86409,87.24904
532,4.425,342.94901,174.95322,316.26898,349.43103,229.08977,79.37197,396.53113,138.86409,87.24904
533,4.433,342.94901,174.95322,316.26898,349.43103,229.08977,79.37197,396.53113,138.86409,87.24904
534,4.442,342.98816,175.15909,316.51617,349.39136,229.25417,79.46323,396.53113,138.86409,87.24904
535,4.45,342.77368,175.25211,316.53183,349.39136,229.25417,79.46323,396.53113,138.86409,87.24904
536,4.458,342.77368,175.25211,316.53183,349.39136,229.25417,79.46323,396.53113,138.86409,87.24904
537,4.467,342.44055,175.55182,316.45694,349.39136,229.25417,79.46323,396.53113,138.86409,87.24904
538,4.475,342.17725,175.8811,316.30606,349.39136,229.25417,79.46323,396.53113,138.86409,87.24904
539,4.483,342.17725,175.8811,316.30606,349.39136,229.25417,79.46323,396.57794,139.2366,87.37022
540,4.492,342.29349,176.10353,316.56146,349.39136,229.25417,79.46323,396.57214,139.50735,87.31875
541,4.5,342.30899,176.23647,316.62088,349.39136,229.25417,79.46323,396.57214,139.50735,87.31875
542,4.508,342.30899,176.23647,316.62088,349.39136,229.25417,79.46323,396.57794,139.2366,87.37022
543,4.517,342.30899,176.23647,316.62088,349.39136,229.25417,79.46323,396.57214,139.50735,87.31875
544,4.525,342.30899,176.23647,316.62088,349.39136,229.25417,79.46323,396.57214,139.50735,87.31875
545,4.533,342.50421,176.53267,316.41345,349.39136,229.25417,79.46323,396.5386,139.58411,87.44789
546,4.542,342.50421,176.53267,316.41345,349.39136,229.25417,79.46323,396.77835,139.46898,87.47543
547,4.55,342.29349,176.10353,316.56146,349.39136,229.25417,79.46323,396.57794,139.2366,87.37022
548,4.558,342.80273,175.92038,316.58957,349.39136,229.25417,79.46323,396.78415,139.19824,87.52689
549,4.567,342.90674,175.51294,316.52789,349.39136,229.25417,79.46323,396.70807,139.34615,87.41006
550,4.575,343.09207,175.0865,316.45062,349.39136,229.25417,79.46323,396.77835,139.46898,87.47543
551,4.583,343.09207,175.0865,316.45062,349.39136,229.25417,79.46323,396.71387,139.07542,87.46151
552,4.592,343.09207,175.0865,316.45062,349.39136,229.25417,79.46323,396.78415,139.19824,87.52689
553,4.6,343.09207,175.0865,316.45062,349.39136,229.25417,79.46323,396.5882,138.9229,87.41971
554,4.608,343.09207,175.0865,316.45062,349.39136,229.25417,79.46323,396.71387,139.07542,87.46151
555,4.617,343.30273,175.51587,316.30255,349.39136,229.25417,79.46323,396.50769,139.11378,87.30485
556,4.625,343.09207,175.0865,316.45062,349.39136,229.25417,79.46323,396.50769,139.11378,87.30485
557,4.633,343.09207,175.0865,316.45062,349.38596,229.17462,79.52351,396.71387,139.07542,87.46151
558,4.642,343.09207,175.0865,316.45062,349.39136,229.25417,79.46323,396.71387,139.07542,87.46151
559,4.65,342.98816,175.15909,316.51617,349.50009,229.10654,79.57476,396.71387,139.07542,87.46151
560,4.658,342.86444,175.63557,316.42352,349.39136,229.25417,79.46323,396.78415,139.19824,87.52689
561,4.667,342.57608,175.88373,316.54474,349.58206,229.27171,79.23006,396.78415,139.19824,87.52689
562,4.675,342.29349,176.10353,316.56146,349.54236,229.4361,79.32133,396.79346,139.35222,87.603
563,4.683,342.42853,176.69585,315.90219,349.54236,229.4361,79.32133,396.70807,139.34615,87.41006
564,4.692,342.44406,176.8288,315.96164,349.54236,229.4361,79.32133,396.78415,139.19824,87.52689
565,4.7,342.44406,176.8288,315.96164,349.54236,229.4361,79.32133,396.7027,139.27084,87.88343
566,4.708,342.44406,176.8288,315.96164,349.26614,229.48207,79.283,396.70389,139.59007,87.78687
567,4.717,342.30899,176.23647,316.62088,349.26614,229.48207,79.283,396.79288,139.60027,88.01108
568,4.725,342.30521,176.46573,316.20053,349.26614,229.48207,79.283,396.74484,139.54573,87.60458
569,4.733,342.44406,176.8288,315.96164,349.26614,229.48207,79.283,396.79288,139.60027,88.01108
570,4.742,342.51971,176.6656,316.47287,349.54236,229.4361,79.32133,396.82639,139.52348,87.88194
571,4.75,342.44406,176.8288,315.96164,349.54236,229.4361,79.32133,396.79288,139.60027,88.01108
572,4.758,342.50421,176.53267,316.41345,349.54236,229.4361,79.32133,396.80804,139.50809,87.59154
573,4.767,342.77679,176.33554,316.32675,349.26614,229.48207,79.283,396.57794,139.2366,87.37022
574,4.775,342.7843,176.13696,316.42056,349.26614,229.48207,79.283,396.57794,139.2366,87.37022
575,4.783,343.19885,175.58846,316.3681,349.54236,229.4361,79.32133,396.50186,139.38455,87.25338
576,4.792,342.98816,175.15909,316.51617,349.39136,229.25417,79.46323,396.50769,139.11378,87.30485
577,4.8,342.98816,175.15909,316.51617,349.39136,229.25417,79.46323,396.50769,139.11378,87.30485
578,4.808,343.09207,175.0865,316.45062,349.50009,229.10654,79.57476,396.57794,139.2366,87.37022
579,4.817,343.19885,175.58846,316.3681,349.50009,229.10654,79.57476,396.71387,139.07542,87.46151
580,4.825,343.26874,175.8154,316.54413,349.54236,229.4361,79.32133,396.57794,139.2366,87.37022
581,4.833,343.12494,175.74359,316.47366,349.39136,229.25417,79.46323,396.50769,139.11378,87.30485
582,4.842,342.87198,175.43689,316.51733,349.39136,229.25417,79.46323,396.50769,139.11378,87.30485
583,4.85,342.79053,175.79074,316.52908,349.43103,229.08977,79.37197,396.50186,139.38455,87.25338
584,4.858,343.09393,176.39912,316.5358,349.39136,229.25417,79.46323,396.77835,139.46898,87.47543
585,4.867,342.66357,176.73743,316.54337,349.39136,229.25417,79.46323,396.57214,139.50735,87.31875
586,4.875,342.51971,176.6656,316.47287,349.43469,228.97791,79.22148,396.59555,139.25763,87.26294
587,4.883,342.42856,176.32648,316.70187,349.39136,229.25417,79.46323,396.53745,139.26485,87.54451
588,4.892,342.78143,176.82867,316.62515,349.11508,229.30014,79.4249,396.57214,139.50735,87.31875
589,4.9,342.63931,176.75562,316.55386,349.39136,229.25417,79.46323,396.57214,139.50735,87.31875
590,4.908,342.63931,176.75562,316.55386,349.11508,229.30014,79.4249,396.53745,139.26485,87.54451
591,4.917,342.78143,176.82867,316.62515,349.39136,229.25417,79.46323,396.5386,139.58411,87.44789
592,4.925,342.42856,176.32648,316.70187,349.11508,229.30014,79.4249,396.5386,139.58411,87.44789
593,4.933,342.42856,176.32648,316.70187,349.39136,229.25417,79.46323,396.57214,139.50735,87.31875
594,4.942,342.57068,176.39952,316.77313,349.39136,229.25417,79.46323,396.57214,139.50735,87.31875
595,4.95,342.89502,176.62503,316.6109,349.39136,229.25417,79.46323,396.60138,138.98688,87.31441
596,4.958,342.75995,176.4021,316.47049,349.39136,229.25417,79.46323,396.57794,139.2366,87.37022
597,4.967,342.7637,175.87993,316.60287,349.39136,229.25417,79.46323,396.57214,139.50735,87.31875
598,4.975,342.7637,175.87993,316.60287,349.39136,229.25417,79.46323,396.50769,139.11378,87.30485
599,4.983,343.01074,175.49249,316.57523,349.39136,229.25417,79.46323,396.60138,138.98688,87.31441
600,4.992,342.79053,175.79074,316.52908,349.39136,229.25417,79.46323,396.60138,138.98688,87.31441
601,5,342.7981,175.59206,316.62289,349.39136,229.25417,79.46323,396.5253,139.13484,87.19757
602,5.008,342.57608,175.88373,316.54474,349.39136,229.25417,79.46323,396.78415,139.19824,87.52689
603,5.017,342.57608,175.88373,316.54474,349.39136,229.25417,79.46323,396.78415,139.19824,87.52689
604,5.025,342.30899,176.23647,316.62088,349.39136,229.25417,79.46323,396.57794,139.2366,87.37022
605,5.033,342.29349,176.10353,316.56146,349.39136,229.25417,79.46323,396.57794,139.2366,87.37022
606,5.042,342.29349,176.10353,316.56146,349.39136,229.25417,79.46323,396.53745,139.26485,87.54451
607,5.05,342.30899,176.23647,316.62088,349.39136,229.25417,79.46323,396.77835,139.46898,87.47543
608,5.058,342.30899,176.23647,316.62088,349.39136,229.25417,79.46323,396.78415,139.19824,87.52689
609,5.067,342.30899,176.23647,316.62088,349.39136,229.25417,79.46323,396.74484,139.54573,87.60458
610,5.075,342.30899,176.23647,316.62088,349.39136,229.25417,79.46323,396.77835,139.46898,87.47543
611,5.083,342.29349,176.10353,316.56146,349.39136,229.25417,79.46323,396.57214,139.50735,87.31875
612,5.092,342.30899,176.23647,316.62088,349.39136,229.25417,79.46323,396.77835,139.46898,87.47543
613,5.1,342.29349,176.10353,316.56146,349.39136,229.25417,79.46323,396.77835,139.46898,87.47543
614,5.108,342.30899,176.23647,316.62088,349.39136,229.25417,79.46323,396.74484,139.54573,87.60458
615,5.117,342.29349,176.10353,316.56146,349.54236,229.4361,79.32133,396.74365,139.2265,87.70116
616,5.125,342.32031,176.01434,316.48767,349.39136,229.25417,79.46323,396.77835,139.46898,87.47543
617,5.133,342.97186,175.72968,316.50601,349.54236,229.4361,79.32133,396.77835,139.46898,87.47543
618,5.142,342.79053,175.79074,316.52908,349.39136,229.25417,79.46323,396.78415,139.19824,87.52689
619,5.15,342.91428,175.31424,316.6217,349.43103,229.08977,79.37197,396.78415,139.19824,87.52689
620,5.158,343.30273,175.51587,316.30255,349.50009,229.10654,79.57476,396.78415,139.19824,87.52689
621,5.167,343.16199,175.31343,316.62668,349.50009,229.10654,79.57476,396.71387,139.07542,87.46151
622,5.175,343.37265,175.74281,316.47861,349.50009,229.10654,79.57476,396.71387,139.07542,87.46151
623,5.183,343.44153,175.57149,316.36044,349.50009,229.10654,79.57476,396.71387,139.07542,87.46151
624,5.192,343.44153,175.57149,316.36044,349.50009,229.10654,79.57476,396.71387,139.07542,87.46151
625,5.2,343.44153,175.57149,316.36044,349.50009,229.10654,79.57476,396.71387,139.07542,87.46151
626,5.208,343.54691,175.66809,316.44461,349.65112,229.28847,79.43285,396.78415,139.19824,87.52689
627,5.217,343.33762,175.64407,316.42596,349.43103,229.08977,79.37197,396.71387,139.07542,87.46151
628,5.225,343.38657,175.90662,316.62589,349.50009,229.10654,79.57476,396.71387,139.07542,87.46151
629,5.233,343.14505,176.29175,316.45154,349.50009,229.10654,79.57476,396.78415,139.19824,87.52689
630,5.242,343.14505,176.29175,316.45154,349.39136,229.25417,79.46323,396.78415,139.19824,87.52689
631,5.25,343.14505,176.29175,316.45154,349.39136,229.25417,79.46323,396.78415,139.19824,87.52689
632,5.258,343.14505,176.29175,316.45154,349.54236,229.4361,79.32133,396.71387,139.07542,87.46151
633,5.267,342.7637,175.87993,316.60287,349.54236,229.4361,79.32133,396.77835,139.46898,87.47543
634,5.275,342.7637,175.87993,316.60287,349.39136,229.25417,79.46323,396.70807,139.34615,87.41006
635,5.283,342.77921,176.01288,316.66229,349.54236,229.4361,79.32133,396.50769,139.11378,87.30485
636,5.292,342.7843,176.13696,316.42056,349.54236,229.4361,79.32133,396.50769,139.11378,87.30485
637,5.3,343.00122,176.21994,316.38104,349.54236,229.4361,79.32133,396.71387,139.07542,87.46151
638,5.308,343.22144,175.92178,316.42715,349.54236,229.4361,79.32133,396.57794,139.2366,87.37022
639,5.317,342.98062,175.3578,316.42236,349.39136,229.25417,79.46323,396.77835,139.46898,87.47543
640,5.325,342.98816,175.15909,316.51617,349.39136,229.25417,79.46323,396.50186,139.38455,87.25338
641,5.333,342.96136,175.24826,316.58997,349.39136,229.25417,79.46323,396.50769,139.11378,87.30485
642,5.342,343.19885,175.58846,316.3681,349.39136,229.25417,79.46323,396.50186,139.38455,87.25338
643,5.35,343.33011,175.84271,316.33215,349.54236,229.4361,79.32133,396.53113,138.86409,87.24904
644,5.358,343.12494,175.74359,316.47366,349.39136,229.25417,79.46323,396.53113,138.86409,87.24904
645,5.367,343.19135,175.78708,316.27429,349.39136,229.25417,79.46323,396.50769,139.11378,87.30485
646,5.375,343.14505,176.29175,316.45154,349.39136,229.25417,79.46323,396.57794,139.2366,87.37022
647,5.383,342.91006,175.88072,316.61005,349.39136,229.25417,79.46323,396.50769,139.11378,87.30485
648,5.392,342.89874,176.10287,316.74326,349.39136,229.25417,79.46323,396.57214,139.50735,87.31875
649,5.4,342.77921,176.01288,316.66229,349.39136,229.25417,79.46323,396.60138,138.98688,87.31441
650,5.408,342.77545,176.53502,316.52994,349.43469,228.97791,79.22148,396.49063,138.89235,87.42334
651,5.417,342.51971,176.6656,316.47287,349.39136,229.25417,79.46323,396.50186,139.38455,87.25338
652,5.425,342.51971,176.6656,316.47287,349.39136,229.25417,79.46323,396.57214,139.50735,87.31875
653,5.433,342.30899,176.23647,316.62088,349.39136,229.25417,79.46323,396.50769,139.11378,87.30485
654,5.442,342.30899,176.23647,316.62088,349.39136,229.25417,79.46323,396.57214,139.50735,87.31875
655,5.45,342.29349,176.10353,316.56146,349.39136,229.25417,79.46323,396.59555,139.25763,87.26294
656,5.458,342.29349,176.10353,316.56146,349.11185,229.29265,79.5041,396.60138,138.98688,87.31441
657,5.467,342.30899,176.23647,316.62088,349.39136,229.25417,79.46323,396.5386,139.58411,87.44789
658,5.475,342.32031,176.01434,316.48767,349.39136,229.25417,79.46323,396.57794,139.2366,87.37022
659,5.483,342.29349,176.10353,316.56146,349.39136,229.25417,79.46323,396.57794,139.2366,87.37022
660,5.492,342.29349,176.10353,316.56146,349.39136,229.25417,79.46323,396.57794,139.2366,87.37022
661,5.5,342.32031,176.01434,316.48767,349.39136,229.25417,79.46323,396.57794,139.2366,87.37022
662,5.508,342.64999,175.72856,316.43918,349.39136,229.25417,79.46323,396.57794,139.2366,87.37022
663,5.517,342.79053,175.79074,316.52908,349.39136,229.25417,79.46323,396.57214,139.50735,87.31875
664,5.525,342.90674,175.51294,316.52789,349.39136,229.25417,79.46323,396.57794,139.2366,87.37022
665,5.533,343.26126,176.01404,316.45035,349.39136,229.25417,79.46323,396.57794,139.2366,87.37022
666,5.542,343.33011,175.84271,316.33215,349.50009,229.10654,79.57476,396.57794,139.2366,87.37022
667,5.55,343.12079,176.30994,316.46201,349.50009,229.10654,79.57476,396.57214,139.50735,87.31875
668,5.558,343.23605,176.47217,316.60706,349.50009,229.10654,79.57476,396.57794,139.2366,87.37022
669,5.567,343.26288,176.38297,316.53329,349.39136,229.25417,79.46323,396.50769,139.11378,87.30485
670,5.575,343.32257,176.68001,316.57574,349.50009,229.10654,79.57476,396.78415,139.19824,87.52689
671,5.583,343.25153,176.60512,316.66647,349.50009,229.10654,79.57476,396.78415,139.19824,87.52689
672,5.592,343.1337,176.51389,316.58475,349.50009,229.10654,79.57476,396.78415,139.19824,87.52689
673,5.6,343.25153,176.60512,316.66647,349.50009,229.10654,79.57476,396.77835,139.46898,87.47543
674,5.608,343.1337,176.51389,316.58475,349.50009,229.10654,79.57476,396.78415,139.19824,87.52689
675,5.617,343.1337,176.51389,316.58475,349.50009,229.10654,79.57476,396.77835,139.46898,87.47543
676,5.625,343.01343,176.34956,316.44153,349.50009,229.10654,79.57476,396.77835,139.46898,87.47543
677,5.633,342.7637,175.87993,316.60287,349.50009,229.10654,79.57476,396.86954,139.20433,87.71981
678,5.642,342.79053,175.79074,316.52908,349.39136,229.25417,79.46323,396.70807,139.34615,87.41006
679,5.65,342.79053,175.79074,316.52908,349.50009,229.10654,79.57476,396.86954,139.20433,87.71981
680,5.658,342.7981,175.59206,316.62289,349.65112,229.28847,79.43285,396.71387,139.07542,87.46151
681,5.667,342.7981,175.59206,316.62289,349.50009,229.10654,79.57476,396.77835,139.46898,87.47543
682,5.675,342.98816,175.15909,316.51617,349.50009,229.10654,79.57476,396.86374,139.47507,87.66838
683,5.683,342.77368,175.25211,316.53183,349.50009,229.10654,79.57476,396.71387,139.07542,87.46151
684,5.692,342.98816,175.15909,316.51617,349.39136,229.25417,79.46323,396.71387,139.07542,87.46151
685,5.7,342.98816,175.15909,316.51617,349.39136,229.25417,79.46323,396.78415,139.19824,87.52689
686,5.708,343.19885,175.58846,316.3681,349.39136,229.25417,79.46323,396.71387,139.07542,87.46151
687,5.717,342.98816,175.15909,316.51617,349.53979,228.94214,79.48351,396.71387,139.07542,87.46151
688,5.725,342.91428,175.31424,316.6217,349.65112,229.28847,79.43285,396.77835,139.46898,87.47543
689,5.733,342.79053,175.79074,316.52908,349.54236,229.4361,79.32133,396.71387,139.07542,87.46151
690,5.742,343.00122,176.21994,316.38104,349.54236,229.4361,79.32133,396.71387,139.07542,87.46151
691,5.75,342.97437,176.30913,316.45483,349.54236,229.4361,79.32133,396.78415,139.19824,87.52689
692,5.758,342.97437,176.30913,316.45483,349.54236,229.4361,79.32133,396.78415,139.19824,87.52689
693,5.767,342.97437,176.30913,316.45483,349.54236,229.4361,79.32133,396.78415,139.19824,87.52689
694,5.775,343.1337,176.51389,316.58475,349.54236,229.4361,79.32133,396.78415,139.19824,87.52689
695,5.783,343.1337,176.51389,316.58475,349.54236,229.4361,79.32133,396.57214,139.50735,87.31875
696,5.792,342.77545,176.53502,316.52994,349.54236,229.4361,79.32133,396.78415,139.19824,87.52689
697,5.8,342.63931,176.75562,316.55386,349.54236,229.4361,79.32133,396.57794,139.2366,87.37022
698,5.808,342.51971,176.6656,316.47287,349.54236,229.4361,79.32133,396.80176,139.21924,87.41961
699,5.817,342.50421,176.53267,316.41345,349.54236,229.4361,79.32133,396.77835,139.46898,87.47543
700,5.825,342.51971,176.6656,316.47287,349.54236,229.4361,79.32133,396.57214,139.50735,87.31875
701,5.833,342.50421,176.53267,316.41345,349.54236,229.4361,79.32133,396.50186,139.38455,87.25338
702,5.842,342.29349,176.10353,316.56146,349.39136,229.25417,79.46323,396.57214,139.50735,87.31875
703,5.85,342.29349,176.10353,316.56146,349.39136,229.25417,79.46323,396.57214,139.50735,87.31875
704,5.858,342.32031,176.01434,316.48767,349.39136,229.25417,79.46323,396.53113,138.86409,87.24904
705,5.867,342.40167,175.66055,316.47592,349.43469,228.97791,79.22148,396.60138,138.98688,87.31441
706,5.875,342.32779,175.8157,316.58145,349.39136,229.25417,79.46323,396.59555,139.25763,87.26294
707,5.883,342.40167,175.66055,316.47592,349.39136,229.25417,79.46323,396.53113,138.86409,87.24904
708,5.892,342.53928,175.99556,316.54858,349.39136,229.25417,79.46323,396.5253,139.13484,87.19757
709,5.9,342.77921,176.01288,316.66229,349.39136,229.25417,79.46323,396.57794,139.2366,87.37022
710,5.908,342.65063,176.53348,316.42062,349.39136,229.25417,79.46323,396.57794,139.2366,87.37022
711,5.917,342.51971,176.6656,316.47287,349.39136,229.25417,79.46323,396.50769,139.11378,87.30485
712,5.925,342.78143,176.82867,316.62515,349.11508,229.30014,79.4249,396.57214,139.50735,87.31875
713,5.933,342.78143,176.82867,316.62515,349.39136,229.25417,79.46323,396.57794,139.2366,87.37022
714,5.942,342.78143,176.82867,316.62515,349.43469,228.97791,79.22148,396.59555,139.25763,87.26294
715,5.95,342.85251,176.90356,316.53439,349.11508,229.30014,79.4249,396.57214,139.50735,87.31875
716,5.958,342.70581,176.99188,316.11392,349.26614,229.48207,79.283,396.57214,139.50735,87.31875
717,5.967,342.82657,176.96384,316.65884,349.54236,229.4361,79.32133,396.5386,139.58411,87.44789
718,5.975,342.78143,176.82867,316.62515,349.39136,229.25417,79.46323,396.56827,139.6232,87.564
719,5.983,342.78143,176.82867,316.62515,349.11508,229.30014,79.4249,396.57794,139.2366,87.37022
720,5.992,342.78143,176.82867,316.62515,349.39136,229.25417,79.46323,396.57214,139.50735,87.31875
721,6,342.51971,176.6656,316.47287,349.39136,229.25417,79.46323,396.57214,139.50735,87.31875
722,6.008,342.66357,176.73743,316.54337,349.39136,229.25417,79.46323,396.5386,139.58411,87.44789
723,6.017,342.30899,176.23647,316.62088,349.11508,229.30014,79.4249,396.57794,139.2366,87.37022
724,6.025,342.29349,176.10353,316.56146,349.39136,229.25417,79.46323,396.57214,139.50735,87.31875
725,6.033,342.30096,175.90491,316.65524,349.39136,229.25417,79.46323,396.57794,139.2366,87.37022
726,6.042,342.32031,176.01434,316.48767,349.39136,229.25417,79.46323,396.50186,139.38455,87.25338
727,6.05,342.32031,176.01434,316.48767,349.39136,229.25417,79.46323,396.50769,139.11378,87.30485
728,6.058,342.32779,175.8157,316.58145,349.50009,229.10654,79.57476,396.57794,139.2366,87.37022
729,6.067,342.32031,176.01434,316.48767,349.50009,229.10654,79.57476,396.57794,139.2366,87.37022
730,6.075,342.32031,176.01434,316.48767,349.50009,229.10654,79.57476,396.71387,139.07542,87.46151
731,6.083,342.32031,176.01434,316.48767,349.50009,229.10654,79.57476,396.78415,139.19824,87.52689
732,6.092,342.29349,176.10353,316.56146,349.50009,229.10654,79.57476,396.77835,139.46898,87.47543
733,6.1,342.30899,176.23647,316.62088,349.50009,229.10654,79.57476,396.57794,139.2366,87.37022
734,6.108,342.42856,176.32648,316.70187,349.50009,229.10654,79.57476,396.78415,139.19824,87.52689
735,6.117,342.78143,176.82867,316.62515,349.50009,229.10654,79.57476,396.77835,139.46898,87.47543
736,6.125,342.70581,176.99188,316.11392,349.65112,229.28847,79.43285,396.77835,139.46898,87.47543
737,6.133,342.70581,176.99188,316.11392,349.65112,229.28847,79.43285,396.82639,139.52348,87.88194
738,6.142,342.78143,176.82867,316.62515,349.65112,229.28847,79.43285,396.74484,139.54573,87.60458
739,6.15,342.78143,176.82867,316.62515,349.50009,229.10654,79.57476,396.86374,139.47507,87.66838
740,6.158,342.78143,176.82867,316.62515,349.50009,229.10654,79.57476,396.74484,139.54573,87.60458
741,6.167,342.66357,176.73743,316.54337,349.50009,229.10654,79.57476,396.77094,139.17627,87.9842
742,6.175,342.77545,176.53502,316.52994,349.50009,229.10654,79.57476,396.86374,139.47507,87.66838
743,6.183,342.98987,176.44206,316.51425,349.65112,229.28847,79.43285,396.86374,139.47507,87.66838
744,6.192,342.77921,176.01288,316.66229,349.54236,229.4361,79.32133,396.83023,139.55182,87.79752
745,6.2,342.97437,176.30913,316.45483,349.65112,229.28847,79.43285,396.78415,139.19824,87.52689
746,6.208,343.00873,176.02133,316.47482,349.50009,229.10654,79.57476,396.77835,139.46898,87.47543
747,6.217,342.7981,175.59206,316.62289,349.50009,229.10654,79.57476,396.78415,139.19824,87.52689
748,6.225,342.63062,175.11884,316.35022,349.39136,229.25417,79.46323,396.71387,139.07542,87.46151
749,6.233,342.84509,175.02582,316.33453,349.39136,229.25417,79.46323,396.71387,139.07542,87.46151
750,6.242,342.98816,175.15909,316.51617,349.50009,229.10654,79.57476,396.78415,139.19824,87.52689
751,6.25,342.98816,175.15909,316.51617,349.39136,229.25417,79.46323,396.73727,138.82571,87.40569
752,6.258,342.98816,175.15909,316.51617,349.54236,229.4361,79.32133,396.71387,139.07542,87.46151
753,6.267,342.98816,175.15909,316.51617,349.54236,229.4361,79.32133,396.71387,139.07542,87.46151
754,6.275,342.87198,175.43689,316.51733,349.43103,229.08977,79.37197,396.71387,139.07542,87.46151
755,6.283,342.7981,175.59206,316.62289,349.39136,229.25417,79.46323,396.50769,139.11378,87.30485
756,6.292,342.98987,176.44206,316.51425,349.39136,229.25417,79.46323,396.53113,138.86409,87.24904
757,6.3,343.10944,176.53207,316.59521,349.39136,229.25417,79.46323,396.59555,139.25763,87.26294
758,6.308,343.25153,176.60512,316.66647,349.39136,229.25417,79.46323,396.77835,139.46898,87.47543
759,6.317,343.02255,176.95885,316.01025,349.39136,229.25417,79.46323,396.77835,139.46898,87.47543
760,6.325,343.03253,176.93626,316.08017,349.54236,229.4361,79.32133,396.78415,139.19824,87.52689
761,6.333,342.99661,177.01912,316.13474,349.74084,229.67009,79.23226,396.74484,139.54573,87.60458
762,6.342,342.99878,177.08023,316.04376,349.74084,229.67009,79.23226,396.60181,139.54645,87.43486
763,6.35,343.24686,176.84331,316.06445,349.58572,229.15984,79.07955,396.78415,139.19824,87.52689
764,6.358,343.17581,176.76842,316.15521,349.54236,229.4361,79.32133,396.57214,139.50735,87.31875
765,6.367,343.25153,176.60512,316.66647,349.39136,229.25417,79.46323,396.57214,139.50735,87.31875
766,6.375,343.02716,176.72072,316.61224,349.39136,229.25417,79.46323,396.5386,139.58411,87.44789
767,6.383,343.1337,176.51389,316.58475,349.39136,229.25417,79.46323,396.57214,139.50735,87.31875
768,6.392,343.1337,176.51389,316.58475,349.39136,229.25417,79.46323,396.50186,139.38455,87.25338
769,6.4,343.1871,176.20958,316.40714,349.39136,229.25417,79.46323,396.57794,139.2366,87.37022
770,6.408,342.87198,175.43689,316.51733,349.39136,229.25417,79.46323,396.57214,139.50735,87.31875
771,6.417,343.19885,175.58846,316.3681,349.39136,229.25417,79.46323,396.53113,138.86409,87.24904
772,6.425,342.98816,175.15909,316.51617,349.43469,228.97791,79.22148,396.53113,138.86409,87.24904
773,6.433,342.98816,175.15909,316.51617,349.39136,229.25417,79.46323,396.53113,138.86409,87.24904
774,6.442,342.98816,175.15909,316.51617,349.39136,229.25417,79.46323,396.50769,139.11378,87.30485
775,6.45,342.98816,175.15909,316.51617,349.39136,229.25417,79.46323,396.50769,139.11378,87.30485
776,6.458,342.7981,175.59206,316.62289,349.39136,229.25417,79.46323,396.50769,139.11378,87.30485
777,6.467,342.97437,176.30913,316.45483,349.54236,229.4361,79.32133,396.57794,139.2366,87.37022
778,6.475,342.51971,176.6656,316.47287,349.39136,229.25417,79.46323,396.60138,138.98688,87.31441
779,6.483,342.66357,176.73743,316.54337,349.39136,229.25417,79.46323,396.57794,139.2366,87.37022
780,6.492,342.70581,176.99188,316.11392,349.54236,229.4361,79.32133,396.57214,139.50735,87.31875
781,6.5,342.70581,176.99188,316.11392,349.54236,229.4361,79.32133,396.80804,139.50809,87.59154
782,6.508,342.75095,177.12706,316.14764,349.39136,229.25417,79.46323,396.85568,139.56827,87.69306
783,6.517,342.87384,177.16013,316.60159,349.39136,229.25417,79.46323,396.77451,139.58484,87.72068
784,6.525,342.86929,177.39822,315.99966,349.11508,229.30014,79.4249,396.57214,139.50735,87.31875
785,6.533,342.86929,177.39822,315.99966,349.26614,229.48207,79.283,396.5386,139.58411,87.44789
786,6.542,342.86929,177.39822,315.99966,349.74084,229.67009,79.23226,396.5386,139.58411,87.44789
787,6.55,342.82202,177.20197,316.05688,349.54236,229.4361,79.32133,396.53745,139.26485,87.54451
788,6.558,342.77689,177.06679,316.02316,349.65112,229.28847,79.43285,396.5386,139.58411,87.44789
789,6.567,343.03714,176.69809,316.68216,349.50009,229.10654,79.57476,396.77451,139.58484,87.72068
790,6.575,343.10944,176.53207,316.59521,349.50009,229.10654,79.57476,396.56711,139.30394,87.66061
791,6.583,343.03714,176.69809,316.68216,349.50009,229.10654,79.57476,396.78415,139.19824,87.52689
792,6.592,342.7637,175.87993,316.60287,349.50009,229.10654,79.57476,396.78415,139.19824,87.52689
793,6.6,342.94186,175.66385,316.69336,349.50009,229.10654,79.57476,396.57794,139.2366,87.37022
794,6.608,342.91428,175.31424,316.6217,349.50009,229.10654,79.57476,396.71387,139.07542,87.46151
795,6.617,342.98816,175.15909,316.51617,349.50009,229.10654,79.57476,396.78415,139.19824,87.52689
796,6.625,342.98816,175.15909,316.51617,349.50009,229.10654,79.57476,396.71387,139.07542,87.46151
797,6.633,342.98816,175.15909,316.51617,349.53979,228.94214,79.48351,396.71387,139.07542,87.46151
798,6.642,342.98062,175.3578,316.42236,349.49472,229.02698,79.63503,396.71387,139.07542,87.46151
799,6.65,342.79053,175.79074,316.52908,349.50009,229.10654,79.57476,396.78415,139.19824,87.52689
800,6.658,343.14505,176.29175,316.45154,349.50009,229.10654,79.57476,396.71387,139.07542,87.46151
801,6.667,343.10944,176.53207,316.59521,349.50009,229.10654,79.57476,396.78415,139.19824,87.52689
802,6.675,343.25153,176.60512,316.66647,349.50009,229.10654,79.57476,396.86374,139.47507,87.66838
803,6.683,343.25153,176.60512,316.66647,349.50009,229.10654,79.57476,396.82904,139.2326,87.89409
804,6.692,343.00656,176.99654,316.20462,349.50009,229.10654,79.57476,396.82639,139.52348,87.88194
805,6.7,342.82416,177.26306,315.96594,349.50009,229.10654,79.57476,396.79288,139.60027,88.01108
806,6.708,343.15332,176.90814,316.62512,349.50009,229.10654,79.57476,396.79288,139.60027,88.01108
807,6.717,342.82202,177.20197,316.05688,349.54236,229.4361,79.32133,396.83023,139.55182,87.79752
808,6.725,342.77689,177.06679,316.02316,349.74084,229.67009,79.23226,396.86374,139.47507,87.66838
809,6.733,343.17581,176.76842,316.15521,349.54236,229.4361,79.32133,396.78415,139.19824,87.52689
810,6.742,343.25153,176.60512,316.66647,349.39136,229.25417,79.46323,396.77835,139.46898,87.47543
811,6.75,343.25153,176.60512,316.66647,349.39136,229.25417,79.46323,396.86374,139.47507,87.66838
812,6.758,342.7637,175.87993,316.60287,349.39136,229.25417,79.46323,396.71387,139.07542,87.46151
813,6.767,343.13297,176.43956,316.52252,349.39136,229.25417,79.46323,396.77835,139.46898,87.47543
814,6.775,343.12494,175.74359,316.47366,349.39136,229.25417,79.46323,396.71387,139.07542,87.46151
815,6.783,342.98816,175.15909,316.51617,349.39136,229.25417,79.46323,396.71387,139.07542,87.46151
816,6.792,342.98816,175.15909,316.51617,349.39136,229.25417,79.46323,396.71387,139.07542,87.46151
817,6.8,342.98816,175.15909,316.51617,349.39136,229.25417,79.46323,396.53113,138.86409,87.24904
818,6.808,343.09207,175.0865,316.45062,349.39136,229.25417,79.46323,396.53113,138.86409,87.24904
819,6.817,343.09207,175.0865,316.45062,349.38596,229.17462,79.52351,396.53113,138.86409,87.24904
820,6.825,342.98816,175.15909,316.51617,349.39136,229.25417,79.46323,396.53113,138.86409,87.24904
821,6.833,342.98816,175.15909,316.51617,349.39136,229.25417,79.46323,396.53113,138.86409,87.24904
822,6.842,343.19885,175.58846,316.3681,349.43469,228.97791,79.22148,396.53113,138.86409,87.24904
823,6.85,343.00873,176.02133,316.47482,349.39136,229.25417,79.46323,396.53113,138.86409,87.24904
824,6.858,343.01343,176.34956,316.44153,349.39136,229.25417,79.46323,396.50769,139.11378,87.30485
825,6.867,343.25153,176.60512,316.66647,349.54236,229.4361,79.32133,396.50186,139.38455,87.25338
826,6.875,342.63931,176.75562,316.55386,349.43469,228.97791,79.22148,396.57214,139.50735,87.31875
827,6.883,342.70581,176.99188,316.11392,349.43469,228.97791,79.22148,396.59555,139.25763,87.26294
828,6.892,342.70581,176.99188,316.11392,349.43469,228.97791,79.22148,396.5386,139.58411,87.44789
829,6.9,342.70581,176.99188,316.11392,349.11508,229.30014,79.4249,396.5386,139.58411,87.44789
830,6.908,342.70581,176.99188,316.11392,349.39136,229.25417,79.46323,396.5386,139.58411,87.44789
831,6.917,342.70581,176.99188,316.11392,349.54236,229.4361,79.32133,396.57214,139.50735,87.31875
832,6.925,342.96146,176.86137,316.1709,349.26614,229.48207,79.283,396.57214,139.50735,87.31875
833,6.933,343.17581,176.76842,316.15521,349.54236,229.4361,79.32133,396.59555,139.25763,87.26294
834,6.942,343.1337,176.51389,316.58475,349.54236,229.4361,79.32133,396.50186,139.38455,87.25338
835,6.95,343.22144,175.92178,316.42715,349.39136,229.25417,79.46323,396.50769,139.11378,87.30485
836,6.958,342.90674,175.51294,316.52789,349.43103,229.08977,79.37197,396.50769,139.11378,87.30485
837,6.967,342.98062,175.3578,316.42236,349.39136,229.25417,79.46323,396.57794,139.2366,87.37022
838,6.975,343.09207,175.0865,316.45062,349.43103,229.08977,79.37197,396.50769,139.11378,87.30485
839,6.983,343.44153,175.57149,316.36044,349.50009,229.10654,79.57476,396.53113,138.86409,87.24904
840,6.992,343.09207,175.0865,316.45062,349.50009,229.10654,79.57476,396.53113,138.86409,87.24904
841,7,342.98816,175.15909,316.51617,349.50009,229.10654,79.57476,396.50769,139.11378,87.30485
842,7.008,343.30273,175.51587,316.30255,349.50009,229.10654,79.57476,396.50769,139.11378,87.30485
843,7.017,343.11743,175.94221,316.37985,349.50009,229.10654,79.57476,396.50769,139.11378,87.30485
844,7.025,343.14505,176.29175,316.45154,349.39136,229.25417,79.46323,396.77835,139.46898,87.47543
845,7.033,343.1337,176.51389,316.58475,349.39136,229.25417,79.46323,396.50186,139.38455,87.25338
846,7.042,343.25153,176.60512,316.66647,349.39136,229.25417,79.46323,396.77835,139.46898,87.47543
847,7.05,342.78143,176.82867,316.62515,349.39136,229.25417,79.46323,396.57214,139.50735,87.31875
848,7.058,342.77689,177.06679,316.02316,349.65112,229.28847,79.43285,396.57214,139.50735,87.31875
849,7.067,342.70581,176.99188,316.11392,349.65112,229.28847,79.43285,396.53745,139.26485,87.54451
850,7.075,342.70581,176.99188,316.11392,349.65112,229.28847,79.43285,396.74365,139.2265,87.70116
851,7.083,343.17581,176.76842,316.15521,349.65112,229.28847,79.43285,396.77835,139.46898,87.47543
852,7.092,343.25153,176.60512,316.66647,349.50009,229.10654,79.57476,396.78415,139.19824,87.52689
853,7.1,343.10944,176.53207,316.59521,349.50009,229.10654,79.57476,396.77835,139.46898,87.47543
854,7.108,343.25153,176.60512,316.66647,349.50009,229.10654,79.57476,396.77835,139.46898,87.47543
855,7.117,343.15726,176.42139,316.51202,349.50009,229.10654,79.57476,396.71387,139.07542,87.46151
856,7.125,342.79053,175.79074,316.52908,349.53979,228.94214,79.48351,396.71387,139.07542,87.46151
857,7.133,342.9176,175.68202,316.70386,349.50009,229.10654,79.57476,396.78415,139.19824,87.52689
858,7.142,343.11743,175.94221,316.37985,349.50009,229.10654,79.57476,396.78415,139.19824,87.52689
859,7.15,343.19135,175.78708,316.27429,349.50009,229.10654,79.57476,396.71387,139.07542,87.46151
860,7.158,342.98816,175.15909,316.51617,349.50009,229.10654,79.57476,396.50769,139.11378,87.30485
861,7.167,343.12692,175.21471,316.57407,349.50009,229.10654,79.57476,396.71387,139.07542,87.46151
862,7.175,342.90674,175.51294,316.52789,349.50009,229.10654,79.57476,396.78415,139.19824,87.52689
863,7.183,343.14505,176.29175,316.45154,349.50009,229.10654,79.57476,396.71387,139.07542,87.46151
864,7.192,342.98987,176.44206,316.51425,349.50009,229.10654,79.57476,396.71387,139.07542,87.46151
865,7.2,342.77545,176.53502,316.52994,349.50009,229.10654,79.57476,396.79922,139.0815,87.65443
866,7.208,342.77545,176.53502,316.52994,349.50009,229.10654,79.57476,396.79922,139.0815,87.65443
867,7.217,342.71039,176.83051,316.4631,349.39136,229.25417,79.46323,396.86954,139.20433,87.71981
868,7.225,342.77689,177.06679,316.02316,349.39136,229.25417,79.46323,396.86374,139.47507,87.66838
869,7.233,342.56366,176.91882,316.04263,349.54236,229.4361,79.32133,396.74484,139.54573,87.60458
870,7.242,342.70581,176.99188,316.11392,349.39136,229.25417,79.46323,396.79288,139.60027,88.01108
871,7.25,342.63931,176.75562,316.55386,349.39136,229.25417,79.46323,396.74484,139.54573,87.60458
872,7.258,342.78143,176.82867,316.62515,349.39136,229.25417,79.46323,396.83023,139.55182,87.79752
873,7.267,342.70581,176.99188,316.11392,349.39136,229.25417,79.46323,396.74484,139.54573,87.60458
874,7.275,342.70581,176.99188,316.11392,349.54236,229.4361,79.32133,396.74484,139.54573,87.60458
875,7.283,342.78143,176.82867,316.62515,349.39136,229.25417,79.46323,396.74484,139.54573,87.60458
876,7.292,342.78143,176.82867,316.62515,349.39136,229.25417,79.46323,396.74484,139.54573,87.60458
877,7.3,342.78143,176.82867,316.62515,349.39136,229.25417,79.46323,396.77835,139.46898,87.47543
878,7.308,343.25153,176.60512,316.66647,349.54236,229.4361,79.32133,396.77835,139.46898,87.47543
879,7.317,343.25153,176.60512,316.66647,349.39136,229.25417,79.46323,396.78415,139.19824,87.52689
880,7.325,343.32257,176.68001,316.57574,349.39136,229.25417,79.46323,396.57794,139.2366,87.37022
881,7.333,343.25153,176.60512,316.66647,349.39136,229.25417,79.46323,396.57794,139.2366,87.37022
882,7.342,343.33997,176.39958,316.54153,349.39136,229.25417,79.46323,396.59555,139.25763,87.26294
883,7.35,343.36679,176.31038,316.46774,349.39136,229.25417,79.46323,396.60138,138.98688,87.31441
884,7.358,343.44299,175.74068,316.51013,349.43103,229.08977,79.37197,396.50769,139.11378,87.30485
885,7.367,343.33762,175.64407,316.42596,349.39136,229.25417,79.46323,396.50769,139.11378,87.30485
886,7.375,343.36517,175.94145,316.3848,349.39136,229.25417,79.46323,396.53113,138.86409,87.24904
887,7.383,343.29523,175.71451,316.20874,349.43469,228.97791,79.22148,396.60138,138.98688,87.31441
888,7.392,343.27039,176.18436,316.62708,349.43469,228.97791,79.22148,396.73727,138.82571,87.40569
889,7.4,343.14505,176.29175,316.45154,349.39136,229.25417,79.46323,396.53113,138.86409,87.24904
890,7.408,343.0408,176.1759,316.81451,349.39136,229.25417,79.46323,396.57794,139.2366,87.37022
891,7.417,342.30899,176.23647,316.62088,349.39136,229.25417,79.46323,396.57794,139.2366,87.37022
892,7.425,342.78143,176.82867,316.62515,349.39136,229.25417,79.46323,396.57214,139.50735,87.31875
893,7.433,342.63931,176.75562,316.55386,349.39136,229.25417,79.46323,396.57794,139.2366,87.37022
894,7.442,342.51971,176.6656,316.47287,349.39136,229.25417,79.46323,396.57214,139.50735,87.31875
895,7.45,342.78143,176.82867,316.62515,349.39136,229.25417,79.46323,396.77835,139.46898,87.47543
896,7.458,342.70581,176.99188,316.11392,349.26614,229.48207,79.283,396.57214,139.50735,87.31875
897,7.467,342.70581,176.99188,316.11392,349.26614,229.48207,79.283,396.50186,139.38455,87.25338
898,7.475,342.66357,176.73743,316.54337,349.39136,229.25417,79.46323,396.57794,139.2366,87.37022
899,7.483,343.02716,176.72072,316.61224,349.39136,229.25417,79.46323,396.57214,139.50735,87.31875
900,7.492,343.1337,176.51389,316.58475,349.39136,229.25417,79.46323,396.50769,139.11378,87.30485
901,7.5,343.25153,176.60512,316.66647,349.54236,229.4361,79.32133,396.57214,139.50735,87.31875
902,7.508,343.25153,176.60512,316.66647,349.54236,229.4361,79.32133,396.57214,139.50735,87.31875
903,7.517,343.25153,176.60512,316.66647,349.84958,229.52246,79.34379,396.57794,139.2366,87.37022
904,7.525,343.25153,176.60512,316.66647,349.65112,229.28847,79.43285,396.57794,139.2366,87.37022
905,7.533,343.25153,176.60512,316.66647,349.65112,229.28847,79.43285,396.50769,139.11378,87.30485
906,7.542,343.25153,176.60512,316.66647,349.54236,229.4361,79.32133,396.57794,139.2366,87.37022
907,7.55,343.35544,176.53253,316.60095,349.54236,229.4361,79.32133,396.57214,139.50735,87.31875
908,7.558,343.25153,176.60512,316.66647,349.65112,229.28847,79.43285,396.50769,139.11378,87.30485
909,7.567,343.25153,176.60512,316.66647,349.50009,229.10654,79.57476,396.57214,139.50735,87.31875
910,7.575,343.25153,176.60512,316.66647,349.50009,229.10654,79.57476,396.71387,139.07542,87.46151
911,7.583,343.25153,176.60512,316.66647,349.50009,229.10654,79.57476,396.77835,139.46898,87.47543
912,7.592,343.25153,176.60512,316.66647,349.50009,229.10654,79.57476,396.57214,139.50735,87.31875
913,7.6,343.24686,176.84331,316.06445,349.65112,229.28847,79.43285,396.57214,139.50735,87.31875
914,7.608,343.17581,176.76842,316.15521,349.65112,229.28847,79.43285,396.77835,139.46898,87.47543
915,7.617,342.95151,176.88396,316.10101,349.65112,229.28847,79.43285,396.77835,139.46898,87.47543
916,7.625,342.78143,176.82867,316.62515,349.50009,229.10654,79.57476,396.77835,139.46898,87.47543
917,7.633,342.66357,176.73743,316.54337,349.50009,229.10654,79.57476,396.86374,139.47507,87.66838
918,7.642,342.51971,176.6656,316.47287,349.50009,229.10654,79.57476,396.78415,139.19824,87.52689
919,7.65,342.91931,176.60686,316.6004,349.50009,229.10654,79.57476,396.8992,139.24347,87.83591
920,7.658,343.1337,176.51389,316.58475,349.50009,229.10654,79.57476,396.78415,139.19824,87.52689
921,7.667,342.91415,176.60533,316.00293,349.65112,229.28847,79.43285,396.57794,139.2366,87.37022
922,7.675,343.05798,176.67717,316.07343,349.54236,229.4361,79.32133,396.77835,139.46898,87.47543
923,7.683,343.25153,176.60512,316.66647,349.74084,229.67009,79.23226,396.77835,139.46898,87.47543
924,7.692,343.25153,176.60512,316.66647,349.39136,229.25417,79.46323,396.77835,139.46898,87.47543
925,7.7,343.0408,176.1759,316.81451,349.50009,229.10654,79.57476,396.78415,139.19824,87.52689
926,7.708,342.923,176.08469,316.73276,349.50009,229.10654,79.57476,396.79922,139.0815,87.65443
927,7.717,343.25153,176.60512,316.66647,349.50009,229.10654,79.57476,396.78415,139.19824,87.52689
928,7.725,343.27509,176.51262,316.59378,349.50009,229.10654,79.57476,396.82263,138.83177,87.59859
929,7.733,343.25153,176.60512,316.66647,349.54236,229.4361,79.32133,396.71387,139.07542,87.46151
930,7.742,343.32257,176.68001,316.57574,349.54236,229.4361,79.32133,396.78415,139.19824,87.52689
931,7.75,343.25153,176.60512,316.66647,349.54236,229.4361,79.32133,396.78415,139.19824,87.52689
932,7.758,343.25153,176.60512,316.66647,349.39136,229.25417,79.46323,396.71387,139.07542,87.46151
933,7.767,343.25153,176.60512,316.66647,349.39136,229.25417,79.46323,396.80176,139.21924,87.41961
934,7.775,343.10944,176.53207,316.59521,349.39136,229.25417,79.46323,396.80756,138.94852,87.47106
935,7.783,343.10944,176.53207,316.59521,349.39136,229.25417,79.46323,396.77835,139.46898,87.47543
936,7.792,342.51971,176.6656,316.47287,349.39136,229.25417,79.46323,396.77835,139.46898,87.47543
937,7.8,342.51971,176.6656,316.47287,349.39136,229.25417,79.46323,396.70807,139.34615,87.41006
938,7.808,342.51971,176.6656,316.47287,349.39136,229.25417,79.46323,396.57214,139.50735,87.31875
939,7.817,342.51971,176.6656,316.47287,349.39136,229.25417,79.46323,396.50769,139.11378,87.30485
940,7.825,342.30899,176.23647,316.62088,349.39136,229.25417,79.46323,396.78415,139.19824,87.52689
941,7.833,342.30899,176.23647,316.62088,349.39136,229.25417,79.46323,396.70807,139.34615,87.41006
942,7.842,342.30899,176.23647,316.62088,349.43469,228.97791,79.22148,396.59555,139.25763,87.26294
943,7.85,342.53104,176.44348,316.33966,349.43469,228.97791,79.22148,396.5253,139.13484,87.19757
944,7.858,343.00122,176.21994,316.38104,349.39136,229.25417,79.46323,396.60138,138.98688,87.31441
945,7.867,342.94186,175.66385,316.69336,349.39136,229.25417,79.46323,396.78415,139.19824,87.52689
946,7.875,342.83762,175.72476,316.49731,349.39136,229.25417,79.46323,396.57794,139.2366,87.37022
947,7.883,343.17905,175.99219,316.20993,349.39136,229.25417,79.46323,396.5253,139.13484,87.19757
948,7.892,343.26288,176.38297,316.53329,349.43469,228.97791,79.22148,396.53113,138.86409,87.24904
949,7.9,343.26288,176.38297,316.53329,349.39136,229.25417,79.46323,396.53113,138.86409,87.24904
950,7.908,343.379,176.44003,316.52826,349.39136,229.25417,79.46323,396.50769,139.11378,87.30485
951,7.917,343.379,176.44003,316.52826,349.39136,229.25417,79.46323,396.57794,139.2366,87.37022
952,7.925,343.27509,176.51262,316.59378,349.43103,229.08977,79.37197,396.50769,139.11378,87.30485
953,7.933,343.35544,176.53253,316.60095,349.39136,229.25417,79.46323,396.50769,139.11378,87.30485
954,7.942,343.35544,176.53253,316.60095,349.39136,229.25417,79.46323,396.50769,139.11378,87.30485
955,7.95,343.35544,176.53253,316.60095,349.39136,229.25417,79.46323,396.50769,139.11378,87.30485
956,7.958,343.25153,176.60512,316.66647,349.39136,229.25417,79.46323,396.50769,139.11378,87.30485
957,7.967,343.17581,176.76842,316.15521,349.74084,229.67009,79.23226,396.57214,139.50735,87.31875
958,7.975,343.17581,176.76842,316.15521,349.74084,229.67009,79.23226,396.57794,139.2366,87.37022
959,7.983,343.27509,176.51262,316.59378,349.39136,229.25417,79.46323,396.50186,139.38455,87.25338
960,7.992,343.10944,176.53207,316.59521,349.39136,229.25417,79.46323,396.57214,139.50735,87.31875
961,8,343.12079,175.91742,316.62607,349.50009,229.10654,79.57476,396.57794,139.2366,87.37022
962,8.008,343.10944,176.53207,316.59521,349.39136,229.25417,79.46323,396.57794,139.2366,87.37022
963,8.017,342.7868,176.31291,316.3967,349.54236,229.4361,79.32133,396.57794,139.2366,87.37022
964,8.025,342.50421,176.53267,316.41345,349.50009,229.10654,79.57476,396.50769,139.11378,87.30485
965,8.033,342.32031,176.01434,316.48767,349.65112,229.28847,79.43285,396.57794,139.2366,87.37022
966,8.042,342.79053,175.79074,316.52908,349.65112,229.28847,79.43285,396.50186,139.38455,87.25338
967,8.05,343.00873,176.02133,316.47482,349.65112,229.28847,79.43285,396.50186,139.38455,87.25338
968,8.058,342.98816,175.15909,316.51617,349.50009,229.10654,79.57476,396.57794,139.2366,87.37022
969,8.067,342.98062,175.3578,316.42236,349.50009,229.10654,79.57476,396.50769,139.11378,87.30485
970,8.075,342.64752,175.55255,316.46304,349.50009,229.10654,79.57476,396.71387,139.07542,87.46151
971,8.083,342.7981,175.59206,316.62289,349.65112,229.28847,79.43285,396.71387,139.07542,87.46151
972,8.092,343.00873,176.02133,316.47482,349.54236,229.4361,79.32133,396.50769,139.11378,87.30485
973,8.1,343.12079,176.30994,316.46201,349.50009,229.10654,79.57476,396.78415,139.19824,87.52689
974,8.108,342.7637,175.87993,316.60287,349.50009,229.10654,79.57476,396.57794,139.2366,87.37022
975,8.117,342.93433,175.86253,316.59958,349.50009,229.10654,79.57476,396.71387,139.07542,87.46151
976,8.125,343.23605,176.47217,316.60706,349.65112,229.28847,79.43285,396.57794,139.2366,87.37022
977,8.133,343.25153,176.60512,316.66647,349.65112,229.28847,79.43285,396.78415,139.19824,87.52689
978,8.142,343.06091,176.51694,316.42349,349.54236,229.4361,79.32133,396.77835,139.46898,87.47543
979,8.15,343.17581,176.76842,316.15521,349.39136,229.25417,79.46323,396.78415,139.19824,87.52689
980,8.158,343.25153,176.60512,316.66647,349.39136,229.25417,79.46323,396.86374,139.47507,87.66838
981,8.167,343.25153,176.60512,316.66647,349.39136,229.25417,79.46323,396.78415,139.19824,87.52689
982,8.175,343.25153,176.60512,316.66647,349.39136,229.25417,79.46323,396.78415,139.19824,87.52689
983,8.183,342.98987,176.44206,316.51425,349.50009,229.10654,79.57476,396.78415,139.19824,87.52689
984,8.192,343.10944,176.53207,316.59521,349.65112,229.28847,79.43285,396.57794,139.2366,87.37022
985,8.2,342.91931,176.60686,316.6004,349.54236,229.4361,79.32133,396.77835,139.46898,87.47543
986,8.208,342.98987,176.44206,316.51425,349.54236,229.4361,79.32133,396.70807,139.34615,87.41006
987,8.217,342.79053,175.79074,316.52908,349.39136,229.25417,79.46323,396.77835,139.46898,87.47543
988,8.225,342.79053,175.79074,316.52908,349.39136,229.25417,79.46323,396.78415,139.19824,87.52689
989,8.233,342.7981,175.59206,316.62289,349.39136,229.25417,79.46323,396.78415,139.19824,87.52689
990,8.242,342.72891,175.30365,316.33569,349.43103,229.08977,79.37197,396.73148,139.09645,87.35423
991,8.25,342.98816,175.15909,316.51617,349.39136,229.25417,79.46323,396.80756,138.94852,87.47106
992,8.258,343.12494,175.74359,316.47366,349.39136,229.25417,79.46323,396.73727,138.82571,87.40569
993,8.267,343.19885,175.58846,316.3681,349.54236,229.4361,79.32133,396.73148,139.09645,87.35423
994,8.275,343.19885,175.58846,316.3681,349.39136,229.25417,79.46323,396.71387,139.07542,87.46151
995,8.283,342.97638,175.78036,316.55521,349.39136,229.25417,79.46323,396.71387,139.07542,87.46151
996,8.292,343.02533,176.04295,316.7551,349.39136,229.25417,79.46323,396.77835,139.46898,87.47543
997,8.3,343.25153,176.60512,316.66647,349.4744,228.81351,79.13022,396.80756,138.94852,87.47106
998,8.308,343.32257,176.68001,316.57574,349.43469,228.97791,79.22148,396.73148,139.09645,87.35423
999,8.317,343.25153,176.60512,316.66647,349.39136,229.25417,79.46323,396.77835,139.46898,87.47543
1000,8.325,343.32257,176.68001,316.57574,349.39136,229.25417,79.46323,396.78415,139.19824,87.52689
1001,8.333,343.32257,176.68001,316.57574,349.39136,229.25417,79.46323,396.78415,139.19824,87.52689
1002,8.342,343.17581,176.76842,316.15521,349.39136,229.25417,79.46323,396.78415,139.19824,87.52689
1003,8.35,343.24686,176.84331,316.06445,349.39136,229.25417,79.46323,396.80756,138.94852,87.47106
1004,8.358,343.36765,176.81517,316.60944,349.43103,229.08977,79.37197,396.77835,139.46898,87.47543
1005,8.367,343.32257,176.68001,316.57574,349.39136,229.25417,79.46323,396.77835,139.46898,87.47543
1006,8.375,343.32257,176.68001,316.57574,349.39136,229.25417,79.46323,396.77835,139.46898,87.47543
1007,8.383,343.25153,176.60512,316.66647,349.39136,229.25417,79.46323,396.57214,139.50735,87.31875
1008,8.392,343.25153,176.60512,316.66647,349.39136,229.25417,79.46323,396.50186,139.38455,87.25338
1009,8.4,343.15726,176.42139,316.51202,349.39136,229.25417,79.46323,396.78415,139.19824,87.52689
1010,8.408,342.7637,175.87993,316.60287,349.39136,229.25417,79.46323,396.57794,139.2366,87.37022
1011,8.417,342.57608,175.88373,316.54474,349.39136,229.25417,79.46323,396.78415,139.19824,87.52689
1012,8.425,342.6575,175.52989,316.53302,349.39136,229.25417,79.46323,396.57794,139.2366,87.37022
1013,8.433,342.51785,175.38278,316.47473,349.39136,229.25417,79.46323,396.78415,139.19824,87.52689
1014,8.442,342.44397,175.53792,316.58029,349.39136,229.25417,79.46323,396.50769,139.11378,87.30485
1015,8.45,342.63062,175.11884,316.35022,349.50009,229.10654,79.57476,396.50769,139.11378,87.30485
1016,8.458,342.77368,175.25211,316.53183,349.39136,229.25417,79.46323,396.50769,139.11378,87.30485
1017,8.467,342.77368,175.25211,316.53183,349.39136,229.25417,79.46323,396.57794,139.2366,87.37022
1018,8.475,342.77368,175.25211,316.53183,349.39136,229.25417,79.46323,396.50769,139.11378,87.30485
1019,8.483,342.40167,175.66055,316.47592,349.39136,229.25417,79.46323,396.50769,139.11378,87.30485
1020,8.492,342.3942,175.85919,316.38211,349.39136,229.25417,79.46323,396.50769,139.11378,87.30485
1021,8.5,342.83762,175.72476,316.49731,349.43103,229.08977,79.37197,396.50769,139.11378,87.30485
1022,8.508,342.97437,176.30913,316.45483,349.65112,229.28847,79.43285,396.57794,139.2366,87.37022
1023,8.517,343.17581,176.76842,316.15521,349.65112,229.28847,79.43285,396.50769,139.11378,87.30485
1024,8.525,343.25153,176.60512,316.66647,349.50009,229.10654,79.57476,396.57214,139.50735,87.31875
1025,8.533,343.02716,176.72072,316.61224,349.50009,229.10654,79.57476,396.57794,139.2366,87.37022
1026,8.542,343.25153,176.60512,316.66647,349.39136,229.25417,79.46323,396.57214,139.50735,87.31875
1027,8.55,343.17581,176.76842,316.15521,349.54236,229.4361,79.32133,396.50186,139.38455,87.25338
1028,8.558,342.95151,176.88396,316.10101,349.54236,229.4361,79.32133,396.57794,139.2366,87.37022
1029,8.567,343.25153,176.60512,316.66647,349.39136,229.25417,79.46323,396.50186,139.38455,87.25338
1030,8.575,343.25153,176.60512,316.66647,349.50009,229.10654,79.57476,396.77835,139.46898,87.47543
1031,8.583,343.25153,176.60512,316.66647,349.50009,229.10654,79.57476,396.78415,139.19824,87.52689
1032,8.592,343.14505,176.29175,316.45154,349.53979,228.94214,79.48351,396.78415,139.19824,87.52689
1033,8.6,343.12494,175.74359,316.47366,349.65112,229.28847,79.43285,396.50769,139.11378,87.30485
1034,8.608,342.98816,175.15909,316.51617,349.54236,229.4361,79.32133,396.50769,139.11378,87.30485
1035,8.617,343.09207,175.0865,316.45062,349.39136,229.25417,79.46323,396.50769,139.11378,87.30485
1036,8.625,343.09207,175.0865,316.45062,349.39136,229.25417,79.46323,396.50769,139.11378,87.30485
1037,8.633,342.98816,175.15909,316.51617,349.50009,229.10654,79.57476,396.71387,139.07542,87.46151
1038,8.642,342.84875,174.88928,316.39279,349.50009,229.10654,79.57476,396.53113,138.86409,87.24904
1039,8.65,342.95267,174.81668,316.32727,349.50009,229.10654,79.57476,396.73727,138.82571,87.40569
1040,8.658,343.09207,175.0865,316.45062,349.50009,229.10654,79.57476,396.73727,138.82571,87.40569
1041,8.667,343.09207,175.0865,316.45062,349.50009,229.10654,79.57476,396.73727,138.82571,87.40569
1042,8.675,342.98816,175.15909,316.51617,349.43103,229.08977,79.37197,396.71387,139.07542,87.46151
1043,8.683,342.98816,175.15909,316.51617,349.39136,229.25417,79.46323,396.50769,139.11378,87.30485
1044,8.692,342.91428,175.31424,316.6217,349.39136,229.25417,79.46323,396.50769,139.11378,87.30485
1045,8.7,342.7981,175.59206,316.62289,349.39136,229.25417,79.46323,396.78415,139.19824,87.52689
1046,8.708,343.11819,176.38095,316.5253,349.39136,229.25417,79.46323,396.73148,139.09645,87.35423
1047,8.717,343.25153,176.60512,316.66647,349.39136,229.25417,79.46323,396.80756,138.94852,87.47106
1048,8.725,343.18048,176.60695,316.50449,349.54236,229.4361,79.32133,396.77835,139.46898,87.47543
1049,8.733,343.03253,176.93626,316.08017,349.39136,229.25417,79.46323,396.77835,139.46898,87.47543
1050,8.742,343.24686,176.84331,316.06445,349.39136,229.25417,79.46323,396.74484,139.54573,87.60458
1051,8.75,343.29196,176.97849,316.09818,349.54236,229.4361,79.32133,396.74484,139.54573,87.60458
1052,8.758,343.24686,176.84331,316.06445,349.54236,229.4361,79.32133,396.77835,139.46898,87.47543
1053,8.767,343.02255,176.95885,316.01025,349.39136,229.25417,79.46323,396.77835,139.46898,87.47543
1054,8.775,343.25153,176.60512,316.66647,349.39136,229.25417,79.46323,396.74484,139.54573,87.60458
1055,8.783,343.25153,176.60512,316.66647,349.39136,229.25417,79.46323,396.74365,139.2265,87.70116
1056,8.792,343.1337,176.51389,316.58475,349.54236,229.4361,79.32133,396.80756,138.94852,87.47106
1057,8.8,343.10944,176.53207,316.59521,349.54236,229.4361,79.32133,396.60138,138.98688,87.31441
1058,8.808,342.79053,175.79074,316.52908,349.39136,229.25417,79.46323,396.73727,138.82571,87.40569
1059,8.817,342.98816,175.15909,316.51617,349.39136,229.25417,79.46323,396.71387,139.07542,87.46151
1060,8.825,343.09207,175.0865,316.45062,349.39136,229.25417,79.46323,396.71387,139.07542,87.46151
1061,8.833,343.09207,175.0865,316.45062,349.39136,229.25417,79.46323,396.71387,139.07542,87.46151
1062,8.842,342.98816,175.15909,316.51617,349.39136,229.25417,79.46323,396.73727,138.82571,87.40569
1063,8.85,343.09207,175.0865,316.45062,349.55167,228.84633,79.37718,396.73727,138.82571,87.40569
1064,8.858,343.09207,175.0865,316.45062,349.50009,229.10654,79.57476,396.53113,138.86409,87.24904
1065,8.867,342.98816,175.15909,316.51617,349.43103,229.08977,79.37197,396.53113,138.86409,87.24904
1066,8.875,342.98816,175.15909,316.51617,349.39136,229.25417,79.46323,396.50769,139.11378,87.30485
1067,8.883,342.87198,175.43689,316.51733,349.43103,229.08977,79.37197,396.50769,139.11378,87.30485
1068,8.892,342.7637,175.87993,316.60287,349.39136,229.25417,79.46323,396.57794,139.2366,87.37022
1069,8.9,342.98987,176.44206,316.51425,349.39136,229.25417,79.46323,396.71387,139.07542,87.46151
1070,8.908,343.1337,176.51389,316.58475,349.50009,229.10654,79.57476,396.57794,139.2366,87.37022
1071,8.917,343.17581,176.76842,316.15521,349.65112,229.28847,79.43285,396.57794,139.2366,87.37022
1072,8.925,342.95151,176.88396,316.10101,349.39136,229.25417,79.46323,396.57214,139.50735,87.31875
1073,8.933,343.17581,176.76842,316.15521,349.39136,229.25417,79.46323,396.78415,139.19824,87.52689
1074,8.942,342.95151,176.88396,316.10101,349.39136,229.25417,79.46323,396.77835,139.46898,87.47543
1075,8.95,342.70581,176.99188,316.11392,349.39136,229.25417,79.46323,396.57214,139.50735,87.31875
1076,8.958,342.70581,176.99188,316.11392,349.54236,229.4361,79.32133,396.57794,139.2366,87.37022
1077,8.967,342.96146,176.86137,316.1709,349.11508,229.30014,79.4249,396.57794,139.2366,87.37022
1078,8.975,343.25153,176.60512,316.66647,349.50009,229.10654,79.57476,396.53745,139.26485,87.54451
1079,8.983,343.1337,176.51389,316.58475,349.50009,229.10654,79.57476,396.57214,139.50735,87.31875
1080,8.992,342.98987,176.44206,316.51425,349.65112,229.28847,79.43285,396.50769,139.11378,87.30485
1081,9,342.9819,176.11052,316.54861,349.39136,229.25417,79.46323,396.50769,139.11378,87.30485
1082,9.008,342.98816,175.15909,316.51617,349.39136,229.25417,79.46323,396.57214,139.50735,87.31875
1083,9.017,343.09207,175.0865,316.45062,349.39136,229.25417,79.46323,396.50769,139.11378,87.30485
1084,9.025,343.09207,175.0865,316.45062,349.39136,229.25417,79.46323,396.50769,139.11378,87.30485
1085,9.033,342.98816,175.15909,316.51617,349.50009,229.10654,79.57476,396.50769,139.11378,87.30485
1086,9.042,342.98816,175.15909,316.51617,349.50009,229.10654,79.57476,396.50769,139.11378,87.30485
1087,9.05,342.84509,175.02582,316.33453,349.50009,229.10654,79.57476,396.50769,139.11378,87.30485
1088,9.058,342.98816,175.15909,316.51617,349.50009,229.10654,79.57476,396.50769,139.11378,87.30485
1089,9.067,342.98816,175.15909,316.51617,349.39136,229.25417,79.46323,396.50769,139.11378,87.30485
1090,9.075,342.51785,175.38278,316.47473,349.39136,229.25417,79.46323,396.50186,139.38455,87.25338
1091,9.083,342.32031,176.01434,316.48767,349.39136,229.25417,79.46323,396.57794,139.2366,87.37022
1092,9.092,342.30899,176.23647,316.62088,349.39136,229.25417,79.46323,396.57214,139.50735,87.31875
1093,9.1,342.51971,176.6656,316.47287,349.50009,229.10654,79.57476,396.77835,139.46898,87.47543
1094,9.108,342.56366,176.91882,316.04263,349.54236,229.4361,79.32133,396.77835,139.46898,87.47543
1095,9.117,342.70581,176.99188,316.11392,349.54236,229.4361,79.32133,396.53745,139.26485,87.54451
1096,9.125,342.70581,176.99188,316.11392,349.54236,229.4361,79.32133,396.77835,139.46898,87.47543
1097,9.133,342.77689,177.06679,316.02316,349.54236,229.4361,79.32133,396.53745,139.26485,87.54451
1098,9.142,342.70581,176.99188,316.11392,349.54236,229.4361,79.32133,396.74484,139.54573,87.60458
1099,9.15,342.70581,176.99188,316.11392,349.39136,229.25417,79.46323,396.74484,139.54573,87.60458
1100,9.158,342.78143,176.82867,316.62515,349.39136,229.25417,79.46323,396.77835,139.46898,87.47543
1101,9.167,343.25153,176.60512,316.66647,349.39136,229.25417,79.46323,396.78415,139.19824,87.52689
1102,9.175,343.1337,176.51389,316.58475,349.39136,229.25417,79.46323,396.78415,139.19824,87.52689
1103,9.183,343.12494,175.74359,316.47366,349.54236,229.4361,79.32133,396.71387,139.07542,87.46151
1104,9.192,343.30273,175.51587,316.30255,349.39136,229.25417,79.46323,396.71387,139.07542,87.46151
1105,9.2,342.98816,175.15909,316.51617,349.39136,229.25417,79.46323,396.50769,139.11378,87.30485
1106,9.208,343.09207,175.0865,316.45062,349.39136,229.25417,79.46323,396.53113,138.86409,87.24904
1107,9.217,343.09207,175.0865,316.45062,349.50009,229.10654,79.57476,396.73727,138.82571,87.40569
1108,9.225,343.09207,175.0865,316.45062,349.43103,229.08977,79.37197,396.53113,138.86409,87.24904
1109,9.233,343.09207,175.0865,316.45062,349.42566,229.01022,79.43224,396.73727,138.82571,87.40569
1110,9.242,343.09207,175.0865,316.45062,349.43103,229.08977,79.37197,396.50769,139.11378,87.30485
1111,9.25,343.09573,174.94997,316.50891,349.43103,229.08977,79.37197,396.73727,138.82571,87.40569
1112,9.258,343.09207,175.0865,316.45062,349.39136,229.25417,79.46323,396.73727,138.82571,87.40569
1113,9.267,343.09207,175.0865,316.45062,349.43103,229.08977,79.37197,396.73727,138.82571,87.40569
1114,9.275,342.93549,175.71043,316.33279,349.39136,229.25417,79.46323,396.78415,139.19824,87.52689
1115,9.283,343.13297,176.43956,316.52252,349.39136,229.25417,79.46323,396.71387,139.07542,87.46151
1116,9.292,343.1337,176.51389,316.58475,349.39136,229.25417,79.46323,396.78415,139.19824,87.52689
1117,9.3,343.10944,176.53207,316.59521,349.39136,229.25417,79.46323,396.71387,139.07542,87.46151
1118,9.308,343.25153,176.60512,316.66647,349.39136,229.25417,79.46323,396.78415,139.19824,87.52689
1119,9.317,343.17581,176.76842,316.15521,349.39136,229.25417,79.46323,396.78415,139.19824,87.52689
1120,9.325,343.17581,176.76842,316.15521,349.39136,229.25417,79.46323,396.78415,139.19824,87.52689
1121,9.333,343.25153,176.60512,316.66647,349.54236,229.4361,79.32133,396.74484,139.54573,87.60458
1122,9.342,343.32257,176.68001,316.57574,349.39136,229.25417,79.46323,396.74484,139.54573,87.60458
1123,9.35,343.32257,176.68001,316.57574,349.39136,229.25417,79.46323,396.78415,139.19824,87.52689
1124,9.358,343.25153,176.60512,316.66647,349.39136,229.25417,79.46323,396.78415,139.19824,87.52689
1125,9.367,343.1337,176.51389,316.58475,349.39136,229.25417,79.46323,396.57794,139.2366,87.37022
1126,9.375,343.14505,176.29175,316.45154,349.39136,229.25417,79.46323,396.71387,139.07542,87.46151
1127,9.383,343.12494,175.74359,316.47366,349.39136,229.25417,79.46323,396.71387,139.07542,87.46151
1128,9.392,343.19885,175.58846,316.3681,349.39136,229.25417,79.46323,396.50769,139.11378,87.30485
1129,9.4,343.09207,175.0865,316.45062,349.39136,229.25417,79.46323,396.50769,139.11378,87.30485
1130,9.408,343.09207,175.0865,316.45062,349.38596,229.17462,79.52351,396.50769,139.11378,87.30485
1131,9.417,343.09207,175.0865,316.45062,349.39136,229.25417,79.46323,396.50769,139.11378,87.30485
1132,9.425,343.09207,175.0865,316.45062,349.49472,229.02698,79.63503,396.50769,139.11378,87.30485
1133,9.433,342.94901,174.95322,316.26898,349.50009,229.10654,79.57476,396.53113,138.86409,87.24904
1134,9.442,343.09207,175.0865,316.45062,349.50009,229.10654,79.57476,396.53113,138.86409,87.24904
1135,9.45,343.09207,175.0865,316.45062,349.50009,229.10654,79.57476,396.50769,139.11378,87.30485
1136,9.458,343.19885,175.58846,316.3681,349.43103,229.08977,79.37197,396.50769,139.11378,87.30485
1137,9.467,342.87198,175.43689,316.51733,349.50009,229.10654,79.57476,396.50769,139.11378,87.30485
1138,9.475,342.32031,176.01434,316.48767,349.39136,229.25417,79.46323,396.50769,139.11378,87.30485
1139,9.483,342.29349,176.10353,316.56146,349.39136,229.25417,79.46323,396.57794,139.2366,87.37022
1140,9.492,342.51971,176.6656,316.47287,349.11508,229.30014,79.4249,396.77835,139.46898,87.47543
1141,9.5,342.44406,176.8288,315.96164,349.26614,229.48207,79.283,396.5386,139.58411,87.44789
1142,9.508,342.44406,176.8288,315.96164,349.26614,229.48207,79.283,396.5386,139.58411,87.44789
1143,9.517,342.70581,176.99188,316.11392,349.26614,229.48207,79.283,396.53745,139.26485,87.54451
1144,9.525,342.56366,176.91882,316.04263,349.26614,229.48207,79.283,396.57214,139.50735,87.31875
1145,9.533,342.70581,176.99188,316.11392,349.26614,229.48207,79.283,396.5386,139.58411,87.44789
1146,9.542,342.63931,176.75562,316.55386,348.87036,229.3334,79.46564,396.77451,139.58484,87.72068
1147,9.55,342.78143,176.82867,316.62515,349.26614,229.48207,79.283,396.57214,139.50735,87.31875
1148,9.558,343.27509,176.51262,316.59378,349.54236,229.4361,79.32133,396.57214,139.50735,87.31875
1149,9.567,343.15726,176.42139,316.51202,349.54236,229.4361,79.32133,396.57794,139.2366,87.37022
1150,9.575,343.38657,175.90662,316.62589,349.84958,229.52246,79.34379,396.57794,139.2366,87.37022
1151,9.583,343.30273,175.51587,316.30255,349.54236,229.4361,79.32133,396.57794,139.2366,87.37022
1152,9.592,343.23083,175.14211,316.50851,349.39136,229.25417,79.46323,396.50769,139.11378,87.30485
1153,9.6,343.09207,175.0865,316.45062,349.50009,229.10654,79.57476,396.50769,139.11378,87.30485
1154,9.608,343.23083,175.14211,316.50851,349.39136,229.25417,79.46323,396.50769,139.11378,87.30485
1155,9.617,343.09207,175.0865,316.45062,349.39136,229.25417,79.46323,396.53113,138.86409,87.24904
1156,9.625,343.09207,175.0865,316.45062,349.50009,229.10654,79.57476,396.53113,138.86409,87.24904
1157,9.633,343.09207,175.0865,316.45062,349.43103,229.08977,79.37197,396.50769,139.11378,87.30485
1158,9.642,343.09207,175.0865,316.45062,349.39136,229.25417,79.46323,396.53113,138.86409,87.24904
1159,9.65,343.09207,175.0865,316.45062,349.50009,229.10654,79.57476,396.53113,138.86409,87.24904
1160,9.658,343.09207,175.0865,316.45062,349.39136,229.25417,79.46323,396.53113,138.86409,87.24904
1161,9.667,343.09207,175.0865,316.45062,349.43103,229.08977,79.37197,396.73727,138.82571,87.40569
1162,9.675,342.87198,175.43689,316.51733,349.43103,229.08977,79.37197,396.78415,139.19824,87.52689
1163,9.683,342.79053,175.79074,316.52908,349.39136,229.25417,79.46323,396.71387,139.07542,87.46151
1164,9.692,342.75995,176.4021,316.47049,349.39136,229.25417,79.46323,396.78415,139.19824,87.52689
1165,9.7,342.51971,176.6656,316.47287,349.43103,229.08977,79.37197,396.57794,139.2366,87.37022
1166,9.708,342.30899,176.23647,316.62088,349.39136,229.25417,79.46323,396.57214,139.50735,87.31875
1167,9.717,342.38007,176.31134,316.53012,349.39136,229.25417,79.46323,396.78415,139.19824,87.52689
1168,9.725,342.75537,176.27074,316.66818,349.39136,229.25417,79.46323,396.77835,139.46898,87.47543
1169,9.733,342.38007,176.31134,316.53012,349.43103,229.08977,79.37197,396.77835,139.46898,87.47543
1170,9.742,342.51971,176.6656,316.47287,349.39136,229.25417,79.46323,396.78415,139.19824,87.52689
1171,9.75,342.98987,176.44206,316.51425,349.39136,229.25417,79.46323,396.78415,139.19824,87.52689
1172,9.758,342.98987,176.44206,316.51425,349.39136,229.25417,79.46323,396.78415,139.19824,87.52689
1173,9.767,342.87665,175.7652,316.48404,349.39136,229.25417,79.46323,396.71387,139.07542,87.46151
1174,9.775,343.05807,175.38603,316.6922,349.39136,229.25417,79.46323,396.71387,139.07542,87.46151
1175,9.783,342.98816,175.15909,316.51617,349.39136,229.25417,79.46323,396.71387,139.07542,87.46151
1176,9.792,343.09207,175.0865,316.45062,349.39136,229.25417,79.46323,396.73727,138.82571,87.40569
1177,9.8,343.09207,175.0865,316.45062,349.39136,229.25417,79.46323,396.73727,138.82571,87.40569
1178,9.808,343.09207,175.0865,316.45062,349.39136,229.25417,79.46323,396.73727,138.82571,87.40569
1179,9.817,343.09207,175.0865,316.45062,349.39136,229.25417,79.46323,396.71387,139.07542,87.46151
1180,9.825,343.09207,175.0865,316.45062,349.39136,229.25417,79.46323,396.50769,139.11378,87.30485
1181,9.833,343.09207,175.0865,316.45062,349.42566,229.01022,79.43224,396.53113,138.86409,87.24904
1182,9.842,342.98816,175.15909,316.51617,349.50009,229.10654,79.57476,396.73727,138.82571,87.40569
1183,9.85,343.09207,175.0865,316.45062,349.50009,229.10654,79.57476,396.73727,138.82571,87.40569
1184,9.858,343.19885,175.58846,316.3681,349.50009,229.10654,79.57476,396.73727,138.82571,87.40569
1185,9.867,343.00122,176.21994,316.38104,349.50009,229.10654,79.57476,396.71387,139.07542,87.46151
1186,9.875,342.89874,176.10287,316.74326,349.50009,229.10654,79.57476,396.77835,139.46898,87.47543
1187,9.883,342.30899,176.23647,316.62088,349.39136,229.25417,79.46323,396.77835,139.46898,87.47543
1188,9.892,342.42856,176.32648,316.70187,349.39136,229.25417,79.46323,396.78415,139.19824,87.52689
1189,9.9,342.51971,176.6656,316.47287,349.39136,229.25417,79.46323,396.74484,139.54573,87.60458
1190,9.908,342.58792,176.90063,316.03214,349.54236,229.4361,79.32133,396.80804,139.50809,87.59154
1191,9.917,342.70581,176.99188,316.11392,349.46463,229.71605,79.19395,396.77332,139.26561,87.81726
1192,9.925,342.56366,176.91882,316.04263,349.57333,229.56845,79.30547,396.77451,139.58484,87.72068
1193,9.933,342.70581,176.99188,316.11392,349.84958,229.52246,79.34379,396.80804,139.50809,87.59154
1194,9.942,342.63931,176.75562,316.55386,349.50009,229.10654,79.57476,396.78415,139.19824,87.52689
1195,9.95,342.63931,176.75562,316.55386,349.39136,229.25417,79.46323,396.57214,139.50735,87.31875
1196,9.958,342.66357,176.73743,316.54337,349.39136,229.25417,79.46323,396.57214,139.50735,87.31875
1197,9.967,342.56476,176.10585,316.67795,349.11508,229.30014,79.4249,396.57794,139.2366,87.37022
1198,9.975,342.7868,176.31291,316.3967,349.54236,229.4361,79.32133,396.71387,139.07542,87.46151
1199,9.983,343.12494,175.74359,316.47366,349.65112,229.28847,79.43285,396.53735,139.15288,87.42095
1200,9.992,343.12494,175.74359,316.47366,349.84958,229.52246,79.34379,396.71387,139.07542,87.46151
1201,10,343.19885,175.58846,316.3681,349.65112,229.28847,79.43285,396.50769,139.11378,87.30485
1202,10.008,342.98816,175.15909,316.51617,349.50009,229.10654,79.57476,396.50769,139.11378,87.30485
1203,10.017,342.98816,175.15909,316.51617,349.39136,229.25417,79.46323,396.50769,139.11378,87.30485
1204,10.025,343.09207,175.0865,316.45062,349.39136,229.25417,79.46323,396.57794,139.2366,87.37022
1205,10.033,342.98816,175.15909,316.51617,349.39136,229.25417,79.46323,396.50186,139.38455,87.25338
1206,10.042,342.51785,175.38278,316.47473,349.54236,229.4361,79.32133,396.50769,139.11378,87.30485
1207,10.05,342.40167,175.66055,316.47592,349.65112,229.28847,79.43285,396.50769,139.11378,87.30485
1208,10.058,342.50421,176.53267,316.41345,349.54236,229.4361,79.32133,396.57794,139.2366,87.37022
1209,10.067,342.51971,176.6656,316.47287,349.54236,229.4361,79.32133,396.50769,139.11378,87.30485
1210,10.075,342.30899,176.23647,316.62088,349.26614,229.48207,79.283,396.57794,139.2366,87.37022
1211,10.083,342.44406,176.8288,315.96164,349.26614,229.48207,79.283,396.57214,139.50735,87.31875
1212,10.092,342.58792,176.90063,316.03214,349.11508,229.30014,79.4249,396.5386,139.58411,87.44789
1213,10.1,342.56366,176.91882,316.04263,349.26614,229.48207,79.283,396.5386,139.58411,87.44789
1214,10.108,342.58792,176.90063,316.03214,349.26614,229.48207,79.283,396.5386,139.58411,87.44789
1215,10.117,342.56366,176.91882,316.04263,349.26614,229.48207,79.283,396.53745,139.26485,87.54451
1216,10.125,342.56366,176.91882,316.04263,349.74084,229.67009,79.23226,396.5386,139.58411,87.44789
1217,10.133,342.51971,176.6656,316.47287,349.26614,229.48207,79.283,396.77835,139.46898,87.47543
1218,10.142,342.45282,176.30829,316.69138,349.39136,229.25417,79.46323,396.57214,139.50735,87.31875
1219,10.15,342.63931,176.75562,316.55386,349.39136,229.25417,79.46323,396.57214,139.50735,87.31875
1220,10.158,343.1337,176.51389,316.58475,349.39136,229.25417,79.46323,396.50769,139.11378,87.30485
1221,10.167,343.11819,176.38095,316.5253,349.54236,229.4361,79.32133,396.78415,139.19824,87.52689
1222,10.175,343.33762,175.64407,316.42596,349.54236,229.4361,79.32133,396.57794,139.2366,87.37022
1223,10.183,343.19885,175.58846,316.3681,349.39136,229.25417,79.46323,396.50769,139.11378,87.30485
1224,10.192,343.09207,175.0865,316.45062,349.39136,229.25417,79.46323,396.50769,139.11378,87.30485
1225,10.2,343.23083,175.14211,316.50851,349.39136,229.25417,79.46323,396.53113,138.86409,87.24904
1226,10.208,343.09207,175.0865,316.45062,349.39136,229.25417,79.46323,396.53113,138.86409,87.24904
1227,10.217,343.23083,175.14211,316.50851,349.39136,229.25417,79.46323,396.53113,138.86409,87.24904
1228,10.225,343.09207,175.0865,316.45062,349.39136,229.25417,79.46323,396.73727,138.82571,87.40569
1229,10.233,343.09207,175.0865,316.45062,349.39136,229.25417,79.46323,396.6116,138.67322,87.36389
1230,10.242,343.09207,175.0865,316.45062,349.38596,229.17462,79.52351,396.76523,138.71541,87.32152
1231,10.25,342.98816,175.15909,316.51617,349.39136,229.25417,79.46323,396.73727,138.82571,87.40569
1232,10.258,342.98816,175.15909,316.51617,349.39136,229.25417,79.46323,396.73727,138.82571,87.40569
1233,10.267,342.87198,175.43689,316.51733,349.39136,229.25417,79.46323,396.50769,139.11378,87.30485
1234,10.275,342.86157,175.8656,316.43832,349.39136,229.25417,79.46323,396.60138,138.98688,87.31441
1235,10.283,342.77921,176.01288,316.66229,349.39136,229.25417,79.46323,396.73727,138.82571,87.40569
1236,10.292,342.55478,176.12851,316.608,349.39136,229.25417,79.46323,396.80756,138.94852,87.47106
1237,10.3,342.63931,176.75562,316.55386,349.39136,229.25417,79.46323,396.78415,139.19824,87.52689
1238,10.308,342.59079,176.74048,316.38211,349.39136,229.25417,79.46323,396.77835,139.46898,87.47543
1239,10.317,342.71039,176.83051,316.4631,349.39136,229.25417,79.46323,396.77835,139.46898,87.47543
1240,10.325,342.89874,176.10287,316.74326,349.39136,229.25417,79.46323,396.77835,139.46898,87.47543
1241,10.333,342.77921,176.01288,316.66229,349.50009,229.10654,79.57476,396.77835,139.46898,87.47543
1242,10.342,342.98987,176.44206,316.51425,349.50009,229.10654,79.57476,396.77835,139.46898,87.47543
1243,10.35,343.0408,176.1759,316.81451,349.50009,229.10654,79.57476,396.78415,139.19824,87.52689
1244,10.358,342.9075,175.95174,316.67334,349.53979,228.94214,79.48351,396.70807,139.34615,87.41006
1245,10.367,343.37265,175.74281,316.47861,349.50009,229.10654,79.57476,396.78415,139.19824,87.52689
1246,10.375,343.44153,175.57149,316.36044,349.50009,229.10654,79.57476,396.71387,139.07542,87.46151
1247,10.383,343.44153,175.57149,316.36044,349.53979,228.94214,79.48351,396.71387,139.07542,87.46151
1248,10.392,343.23083,175.14211,316.50851,349.50009,229.10654,79.57476,396.50769,139.11378,87.30485
1249,10.4,343.44153,175.57149,316.36044,349.50009,229.10654,79.57476,396.73727,138.82571,87.40569
1250,10.408,343.44153,175.57149,316.36044,349.53979,228.94214,79.48351,396.73727,138.82571,87.40569
1251,10.417,343.65598,175.47855,316.34476,349.50009,229.10654,79.57476,396.76523,138.71541,87.32152
1252,10.425,343.23083,175.14211,316.50851,349.53439,228.86258,79.54377,396.71387,139.07542,87.46151
1253,10.433,343.09207,175.0865,316.45062,349.50009,229.10654,79.57476,396.50186,139.38455,87.25338
1254,10.442,343.23083,175.14211,316.50851,349.53979,228.94214,79.48351,396.71387,139.07542,87.46151
1255,10.45,342.98816,175.15909,316.51617,349.49472,229.02698,79.63503,396.50769,139.11378,87.30485
1256,10.458,343.12494,175.74359,316.47366,349.50009,229.10654,79.57476,396.50769,139.11378,87.30485
1257,10.467,342.57813,176.3775,316.30786,349.88928,229.35809,79.25253,396.50186,139.38455,87.25338
1258,10.475,342.51971,176.6656,316.47287,349.65112,229.28847,79.43285,396.50186,139.38455,87.25338
1259,10.483,342.30899,176.23647,316.62088,349.22382,229.15253,79.53642,396.77835,139.46898,87.47543
1260,10.492,342.30899,176.23647,316.62088,349.22382,229.15253,79.53642,396.78415,139.19824,87.52689
1261,10.5,342.30899,176.23647,316.62088,349.11508,229.30014,79.4249,396.56711,139.30394,87.66061
1262,10.508,342.44406,176.8288,315.96164,348.87036,229.3334,79.46564,396.61475,139.36412,87.76213
1263,10.517,342.44406,176.8288,315.96164,349.21991,229.74934,79.23471,396.56711,139.30394,87.66061
1264,10.525,342.44406,176.8288,315.96164,348.97842,229.79021,79.19622,396.60181,139.54645,87.43486
1265,10.533,342.44406,176.8288,315.96164,349.21991,229.74934,79.23471,396.61591,139.68338,87.66553
1266,10.542,342.56366,176.91882,316.04263,349.21991,229.74934,79.23471,396.57214,139.50735,87.31875
1267,10.55,342.66357,176.73743,316.54337,349.46463,229.71605,79.19395,396.57214,139.50735,87.31875
1268,10.558,342.30899,176.23647,316.62088,349.54236,229.4361,79.32133,396.57214,139.50735,87.31875
1269,10.567,342.56476,176.10585,316.67795,349.39136,229.25417,79.46323,396.53152,139.42363,87.36948
1270,10.575,343.14505,176.29175,316.45154,349.54236,229.4361,79.32133,396.50769,139.11378,87.30485
1271,10.583,343.00122,176.21994,316.38104,349.74084,229.67009,79.23226,396.57794,139.2366,87.37022
1272,10.592,343.2652,176.12289,315.88391,349.74084,229.67009,79.23226,396.57794,139.2366,87.37022
1273,10.6,343.30273,175.51587,316.30255,349.74084,229.67009,79.23226,396.50769,139.11378,87.30485
1274,10.608,343.19885,175.58846,316.3681,349.54236,229.4361,79.32133,396.50769,139.11378,87.30485
1275,10.617,343.12692,175.21471,316.57407,349.39136,229.25417,79.46323,396.53113,138.86409,87.24904
1276,10.625,343.16199,175.31343,316.62668,349.39136,229.25417,79.46323,396.47571,138.83437,87.27262
1277,10.633,343.33762,175.64407,316.42596,349.39136,229.25417,79.46323,396.50186,139.38455,87.25338
1278,10.642,343.1871,176.20958,316.40714,349.54236,229.4361,79.32133,396.57794,139.2366,87.37022
1279,10.65,342.77545,176.53502,316.52994,349.54236,229.4361,79.32133,396.57794,139.2366,87.37022
1280,10.658,342.80936,176.81088,316.02972,349.74084,229.67009,79.23226,396.77835,139.46898,87.47543
1281,10.667,342.56366,176.91882,316.04263,349.74084,229.67009,79.23226,396.78415,139.19824,87.52689
1282,10.675,342.56366,176.91882,316.04263,349.39136,229.25417,79.46323,396.78415,139.19824,87.52689
1283,10.683,342.42856,176.32648,316.70187,349.39136,229.25417,79.46323,396.57214,139.50735,87.31875
1284,10.692,342.57068,176.39952,316.77313,349.39136,229.25417,79.46323,396.57214,139.50735,87.31875
1285,10.7,342.63474,176.9937,315.95187,349.43469,228.97791,79.22148,396.74365,139.2265,87.70116
1286,10.708,342.51514,176.90367,315.87088,349.54236,229.4361,79.32133,396.74484,139.54573,87.60458
1287,10.717,342.63474,176.9937,315.95187,349.74084,229.67009,79.23226,396.77835,139.46898,87.47543
1288,10.725,342.71039,176.83051,316.4631,349.54236,229.4361,79.32133,396.57214,139.50735,87.31875
1289,10.733,343.03714,176.69809,316.68216,349.39136,229.25417,79.46323,396.78415,139.19824,87.52689
1290,10.742,342.89874,176.10287,316.74326,349.39136,229.25417,79.46323,396.57794,139.2366,87.37022
1291,10.75,342.95428,176.0448,316.59308,349.39136,229.25417,79.46323,396.80176,139.21924,87.41961
1292,10.758,343.26288,176.38297,316.53329,349.39136,229.25417,79.46323,396.60138,138.98688,87.31441
1293,10.767,343.21609,176.36662,316.36078,349.39136,229.25417,79.46323,396.71387,139.07542,87.46151
1294,10.775,343.40115,175.91759,316.24142,349.39136,229.25417,79.46323,396.71387,139.07542,87.46151
1295,10.783,343.51254,175.64636,316.26971,349.39136,229.25417,79.46323,396.71387,139.07542,87.46151
1296,10.792,343.16309,175.16135,316.35992,349.39136,229.25417,79.46323,396.71387,139.07542,87.46151
1297,10.8,343.23083,175.14211,316.50851,349.55167,228.84633,79.37718,396.73727,138.82571,87.40569
1298,10.808,343.23083,175.14211,316.50851,349.50009,229.10654,79.57476,396.73727,138.82571,87.40569
1299,10.817,343.44153,175.57149,316.36044,349.49472,229.02698,79.63503,396.53113,138.86409,87.24904
1300,10.825,343.23083,175.14211,316.50851,349.50009,229.10654,79.57476,396.71387,139.07542,87.46151
1301,10.833,343.27979,175.40463,316.70844,349.53979,228.94214,79.48351,396.71387,139.07542,87.46151
1302,10.842,342.90674,175.51294,316.52789,349.50009,229.10654,79.57476,396.71387,139.07542,87.46151
1303,10.85,342.83762,175.72476,316.49731,349.50009,229.10654,79.57476,396.78415,139.19824,87.52689
1304,10.858,342.79053,175.79074,316.52908,349.50009,229.10654,79.57476,396.71387,139.07542,87.46151
1305,10.867,342.54926,175.97292,316.61853,349.53979,228.94214,79.48351,396.71387,139.07542,87.46151
1306,10.875,342.54926,175.97292,316.61853,349.53979,228.94214,79.48351,396.78415,139.19824,87.52689
1307,10.883,342.30899,176.23647,316.62088,349.50009,229.10654,79.57476,396.77835,139.46898,87.47543
1308,10.892,342.29349,176.10353,316.56146,349.50009,229.10654,79.57476,396.78415,139.19824,87.52689
1309,10.9,342.29349,176.10353,316.56146,349.50009,229.10654,79.57476,396.71387,139.07542,87.46151
1310,10.908,342.29349,176.10353,316.56146,349.53979,228.94214,79.48351,396.77835,139.46898,87.47543
1311,10.917,342.29349,176.10353,316.56146,349.50009,229.10654,79.57476,396.78415,139.19824,87.52689
1312,10.925,342.30899,176.23647,316.62088,349.50009,229.10654,79.57476,396.71387,139.07542,87.46151
1313,10.933,342.57608,175.88373,316.54474,349.50009,229.10654,79.57476,396.50769,139.11378,87.30485
1314,10.942,342.98816,175.15909,316.51617,349.50009,229.10654,79.57476,396.78415,139.19824,87.52689
1315,10.95,342.98816,175.15909,316.51617,349.50009,229.10654,79.57476,396.50769,139.11378,87.30485
1316,10.958,342.98816,175.15909,316.51617,349.49472,229.02698,79.63503,396.71387,139.07542,87.46151
1317,10.967,343.09207,175.0865,316.45062,349.50009,229.10654,79.57476,396.50769,139.11378,87.30485
1318,10.975,343.09207,175.0865,316.45062,349.50009,229.10654,79.57476,396.50769,139.11378,87.30485
1319,10.983,343.23083,175.14211,316.50851,349.50009,229.10654,79.57476,396.50769,139.11378,87.30485
1320,10.992,343.44153,175.57149,316.36044,349.49472,229.02698,79.63503,396.50769,139.11378,87.30485
1321,11,343.44153,175.57149,316.36044,349.65112,229.28847,79.43285,396.50769,139.11378,87.30485
1322,11.008,343.49048,175.83403,316.56036,349.65112,229.28847,79.43285,396.57794,139.2366,87.37022
1323,11.017,343.44153,175.57149,316.36044,349.65112,229.28847,79.43285,396.53113,138.86409,87.24904
1324,11.025,343.24896,176.21916,316.38599,349.50009,229.10654,79.57476,396.50769,139.11378,87.30485
1325,11.033,343.26288,176.38297,316.53329,349.39136,229.25417,79.46323,396.50769,139.11378,87.30485
1326,11.042,343.06436,176.0834,316.74182,349.39136,229.25417,79.46323,396.78415,139.19824,87.52689
1327,11.05,342.57242,176.76768,315.97269,348.87036,229.3334,79.46564,396.78415,139.19824,87.52689
1328,11.058,342.44406,176.8288,315.96164,349.46463,229.71605,79.19395,396.65527,139.33586,87.58784
1329,11.067,342.58792,176.90063,316.03214,349.74084,229.67009,79.23226,396.53735,139.15288,87.42095
1330,11.075,342.56366,176.91882,316.04263,349.26614,229.48207,79.283,396.65527,139.33586,87.58784
1331,11.083,342.51971,176.6656,316.47287,349.26614,229.48207,79.283,396.50769,139.11378,87.30485
1332,11.092,342.30899,176.23647,316.62088,349.11508,229.30014,79.4249,396.57794,139.2366,87.37022
1333,11.1,342.51971,176.6656,316.47287,349.54236,229.4361,79.32133,396.57794,139.2366,87.37022
1334,11.108,342.44406,176.8288,315.96164,349.46463,229.71605,79.19395,396.57794,139.2366,87.37022
1335,11.117,342.44406,176.8288,315.96164,349.46463,229.71605,79.19395,396.57794,139.2366,87.37022
1336,11.125,342.44406,176.8288,315.96164,349.46463,229.71605,79.19395,396.50769,139.11378,87.30485
1337,11.133,342.7868,176.31291,316.3967,349.54236,229.4361,79.32133,396.57794,139.2366,87.37022
1338,11.142,342.97437,176.30913,316.45483,349.54236,229.4361,79.32133,396.57794,139.2366,87.37022
1339,11.15,343.00122,176.21994,316.38104,349.39136,229.25417,79.46323,396.53113,138.86409,87.24904
1340,11.158,342.81027,175.72169,316.68338,349.39136,229.25417,79.46323,396.59555,139.25763,87.26294
1341,11.167,342.79053,175.79074,316.52908,349.43103,229.08977,79.37197,396.60138,138.98688,87.31441
1342,11.175,343.12079,176.30994,316.46201,349.54236,229.4361,79.32133,396.57794,139.2366,87.37022
1343,11.183,343.19135,175.78708,316.27429,349.73544,229.59059,79.29254,396.50769,139.11378,87.30485
1344,11.192,342.97437,176.30913,316.45483,349.74084,229.67009,79.23226,396.50769,139.11378,87.30485
1345,11.2,343.21393,176.12041,316.33334,349.54236,229.4361,79.32133,396.57794,139.2366,87.37022
1346,11.208,342.93433,175.86253,316.59958,349.39136,229.25417,79.46323,396.80756,138.94852,87.47106
1347,11.217,342.83475,175.9548,316.51212,349.43469,228.97791,79.22148,396.53113,138.86409,87.24904
1348,11.225,343.18048,176.60695,316.50449,349.39136,229.25417,79.46323,396.53113,138.86409,87.24904
1349,11.233,343.06091,176.51694,316.42349,349.39136,229.25417,79.46323,396.57214,139.50735,87.31875
1350,11.242,342.98987,176.44206,316.51425,349.39136,229.25417,79.46323,396.71387,139.07542,87.46151
1351,11.25,343.06091,176.51694,316.42349,349.43103,229.08977,79.37197,396.71387,139.07542,87.46151
1352,11.258,342.38007,176.31134,316.53012,349.39136,229.25417,79.46323,396.78415,139.19824,87.52689
1353,11.267,342.57529,176.60754,316.32269,349.39136,229.25417,79.46323,396.77835,139.46898,87.47543
1354,11.275,342.38007,176.31134,316.53012,349.39136,229.25417,79.46323,396.78415,139.19824,87.52689
1355,11.283,342.55478,176.12851,316.608,349.39136,229.25417,79.46323,396.77835,139.46898,87.47543
1356,11.292,342.56476,176.10585,316.67795,349.50009,229.10654,79.57476,396.77835,139.46898,87.47543
1357,11.3,342.77921,176.01288,316.66229,349.39136,229.25417,79.46323,396.77835,139.46898,87.47543
1358,11.308,342.7637,175.87993,316.60287,349.39136,229.25417,79.46323,396.77835,139.46898,87.47543
1359,11.317,343.00122,176.21994,316.38104,349.39136,229.25417,79.46323,396.57794,139.2366,87.37022
1360,11.325,342.79053,175.79074,316.52908,349.39136,229.25417,79.46323,396.50769,139.11378,87.30485
1361,11.333,342.86444,175.63557,316.42352,349.39136,229.25417,79.46323,396.71387,139.07542,87.46151
1362,11.342,343.05807,175.38603,316.6922,349.50009,229.10654,79.57476,396.80176,139.21924,87.41961
1363,11.35,343.16199,175.31343,316.62668,349.50009,229.10654,79.57476,396.81158,138.42421,87.54173
1364,11.358,342.98816,175.15909,316.51617,349.50009,229.10654,79.57476,396.71387,139.07542,87.46151
1365,11.367,343.23083,175.14211,316.50851,349.50009,229.10654,79.57476,396.78415,139.19824,87.52689
1366,11.375,343.27979,175.40463,316.70844,349.50009,229.10654,79.57476,396.70807,139.34615,87.41006
1367,11.383,343.33762,175.64407,316.42596,349.50009,229.10654,79.57476,396.71387,139.07542,87.46151
1368,11.392,343.4559,175.94731,316.44839,349.50009,229.10654,79.57476,396.71387,139.07542,87.46151
1369,11.4,343.379,176.44003,316.52826,349.50009,229.10654,79.57476,396.71387,139.07542,87.46151
1370,11.408,343.14471,176.10332,316.74899,349.50009,229.10654,79.57476,396.50769,139.11378,87.30485
1371,11.417,343.0408,176.1759,316.81451,349.50009,229.10654,79.57476,396.83905,138.92697,87.64691
1372,11.425,343.25153,176.60512,316.66647,349.50009,229.10654,79.57476,396.83325,139.19771,87.59546
1373,11.433,343.1337,176.51389,316.58475,349.50009,229.10654,79.57476,396.63284,138.96532,87.49026
1374,11.442,343.1337,176.51389,316.58475,349.50009,229.10654,79.57476,396.74356,139.11452,87.57761
1375,11.45,342.51971,176.6656,316.47287,349.50009,229.10654,79.57476,396.77835,139.46898,87.47543
1376,11.458,342.30899,176.23647,316.62088,349.50009,229.10654,79.57476,396.71387,139.07542,87.46151
1377,11.467,342.42856,176.32648,316.70187,349.50009,229.10654,79.57476,396.78415,139.19824,87.52689
1378,11.475,342.51971,176.6656,316.47287,349.50009,229.10654,79.57476,396.57794,139.2366,87.37022
1379,11.483,342.29349,176.10353,316.56146,349.50009,229.10654,79.57476,396.50769,139.11378,87.30485
1380,11.492,342.30899,176.23647,316.62088,349.22382,229.15253,79.53642,396.57794,139.2366,87.37022
1381,11.5,342.30899,176.23647,316.62088,349.37485,229.33446,79.39452,396.60181,139.54645,87.43486
1382,11.508,342.51971,176.6656,316.47287,349.37485,229.33446,79.39452,396.53152,139.42363,87.36948
1383,11.517,342.50421,176.53267,316.41345,349.43103,229.08977,79.37197,396.57214,139.50735,87.31875
1384,11.525,342.32031,176.01434,316.48767,349.39136,229.25417,79.46323,396.57794,139.2366,87.37022
1385,11.533,342.32031,176.01434,316.48767,349.11185,229.29265,79.5041,396.50769,139.11378,87.30485
1386,11.542,343.16452,175.87625,316.34808,349.54236,229.4361,79.32133,396.74356,139.11452,87.57761
1387,11.55,343.19885,175.58846,316.3681,349.65112,229.28847,79.43285,396.71387,139.07542,87.46151
1388,11.558,343.09811,175.83278,316.54745,349.65112,229.28847,79.43285,396.78415,139.19824,87.52689
1389,11.567,343.12494,175.74359,316.47366,349.54236,229.4361,79.32133,396.53113,138.86409,87.24904
1390,11.575,343.09207,175.0865,316.45062,349.39136,229.25417,79.46323,396.60138,138.98688,87.31441
1391,11.583,343.30273,175.51587,316.30255,349.39136,229.25417,79.46323,396.50769,139.11378,87.30485
1392,11.592,343.30273,175.51587,316.30255,349.39136,229.25417,79.46323,396.50769,139.11378,87.30485
1393,11.6,343.30273,175.51587,316.30255,349.54236,229.4361,79.32133,396.57794,139.2366,87.37022
1394,11.608,343.33762,175.64407,316.42596,349.54236,229.4361,79.32133,396.53113,138.86409,87.24904
1395,11.617,343.19135,175.78708,316.27429,349.54236,229.4361,79.32133,396.53113,138.86409,87.24904
1396,11.625,342.87198,175.43689,316.51733,349.54236,229.4361,79.32133,396.60138,138.98688,87.31441
1397,11.633,343.02094,176.15096,316.53534,349.39136,229.25417,79.46323,396.78415,139.19824,87.52689
1398,11.642,342.77921,176.01288,316.66229,349.39136,229.25417,79.46323,396.50769,139.11378,87.30485
1399,11.65,342.7637,175.87993,316.60287,349.54236,229.4361,79.32133,396.57794,139.2366,87.37022
1400,11.658,342.67429,176.58792,315.88928,349.58572,229.15984,79.07955,396.60138,138.98688,87.31441
1401,11.667,342.50421,176.53267,316.41345,349.54236,229.4361,79.32133,396.60138,138.98688,87.31441
1402,11.675,342.44406,176.8288,315.96164,349.74084,229.67009,79.23226,396.57794,139.2366,87.37022
1403,11.683,342.42853,176.69585,315.90219,349.74084,229.67009,79.23226,396.57214,139.50735,87.31875
1404,11.692,342.30899,176.23647,316.62088,349.54236,229.4361,79.32133,396.50769,139.11378,87.30485
1405,11.7,342.30899,176.23647,316.62088,349.43469,228.97791,79.22148,396.59555,139.25763,87.26294
1406,11.708,342.32031,176.01434,316.48767,349.43469,228.97791,79.22148,396.57214,139.50735,87.31875
1407,11.717,342.50421,176.53267,316.41345,349.54236,229.4361,79.32133,396.71387,139.07542,87.46151
1408,11.725,342.75995,176.4021,316.47049,349.54236,229.4361,79.32133,396.78415,139.19824,87.52689
1409,11.733,342.97437,176.30913,316.45483,349.74084,229.67009,79.23226,396.57794,139.2366,87.37022
1410,11.742,343.00122,176.21994,316.38104,349.39136,229.25417,79.46323,396.57794,139.2366,87.37022
1411,11.75,342.7981,175.59206,316.62289,349.38596,229.17462,79.52351,396.50769,139.11378,87.30485
1412,11.758,342.91428,175.31424,316.6217,349.39136,229.25417,79.46323,396.57794,139.2366,87.37022
1413,11.767,343.26874,175.8154,316.54413,349.39136,229.25417,79.46323,396.57794,139.2366,87.37022
1414,11.775,343.19598,175.81845,316.38293,349.39136,229.25417,79.46323,396.57794,139.2366,87.37022
1415,11.783,343.51254,175.64636,316.26971,349.39136,229.25417,79.46323,396.71387,139.07542,87.46151
1416,11.792,342.98816,175.15909,316.51617,349.39136,229.25417,79.46323,396.71387,139.07542,87.46151
1417,11.8,343.49048,175.83403,316.56036,349.39136,229.25417,79.46323,396.71387,139.07542,87.46151
1418,11.808,342.93433,175.86253,316.59958,349.39136,229.25417,79.46323,396.71387,139.07542,87.46151
1419,11.817,343.05215,175.95375,316.68134,349.50009,229.10654,79.57476,396.73727,138.82571,87.40569
1420,11.825,343.11026,175.88176,316.64087,349.49472,229.02698,79.63503,396.53113,138.86409,87.24904
1421,11.833,343.06091,176.51694,316.42349,349.50009,229.10654,79.57476,396.57794,139.2366,87.37022
1422,11.842,343.12079,176.30994,316.46201,349.49472,229.02698,79.63503,396.57794,139.2366,87.37022
1423,11.85,342.79053,175.79074,316.52908,349.50009,229.10654,79.57476,396.71387,139.07542,87.46151
1424,11.858,342.77921,176.01288,316.66229,349.50009,229.10654,79.57476,396.71387,139.07542,87.46151
1425,11.867,342.7637,175.87993,316.60287,349.50009,229.10654,79.57476,396.78415,139.19824,87.52689
1426,11.875,342.79053,175.79074,316.52908,349.50009,229.10654,79.57476,396.71387,139.07542,87.46151
1427,11.883,342.57608,175.88373,316.54474,349.50009,229.10654,79.57476,396.71387,139.07542,87.46151
1428,11.892,342.3942,175.85919,316.38211,349.50009,229.10654,79.57476,396.78415,139.19824,87.52689
1429,11.9,342.58362,175.68506,316.63855,349.50009,229.10654,79.57476,396.70807,139.34615,87.41006
1430,11.908,342.58362,175.68506,316.63855,349.50009,229.10654,79.57476,396.50769,139.11378,87.30485
1431,11.917,342.98816,175.15909,316.51617,349.50009,229.10654,79.57476,396.57794,139.2366,87.37022
1432,11.925,342.98816,175.15909,316.51617,349.50009,229.10654,79.57476,396.50769,139.11378,87.30485
1433,11.933,342.84509,175.02582,316.33453,349.50009,229.10654,79.57476,396.50769,139.11378,87.30485
1434,11.942,342.94901,174.95322,316.26898,349.50009,229.10654,79.57476,396.71387,139.07542,87.46151
1435,11.95,342.91428,175.31424,316.6217,349.50009,229.10654,79.57476,396.71387,139.07542,87.46151
1436,11.958,343.19885,175.58846,316.3681,349.50009,229.10654,79.57476,396.71387,139.07542,87.46151
1437,11.967,343.19885,175.58846,316.3681,349.50009,229.10654,79.57476,396.71387,139.07542,87.46151
1438,11.975,343.22134,175.86964,316.31433,349.50009,229.10654,79.57476,396.78415,139.19824,87.52689
1439,11.983,342.77921,176.01288,316.66229,349.50009,229.10654,79.57476,396.71387,139.07542,87.46151
1440,11.992,343.15726,176.42139,316.51202,349.50009,229.10654,79.57476,396.50769,139.11378,87.30485
1441,12,343.25153,176.60512,316.66647,349.49472,229.02698,79.63503,396.57794,139.2366,87.37022
1442,12.008,343.25153,176.60512,316.66647,349.50009,229.10654,79.57476,396.57214,139.50735,87.31875
1443,12.017,343.25153,176.60512,316.66647,349.50009,229.10654,79.57476,396.57794,139.2366,87.37022
1444,12.025,343.25153,176.60512,316.66647,349.50009,229.10654,79.57476,396.57214,139.50735,87.31875
1445,12.033,343.25153,176.60512,316.66647,349.50009,229.10654,79.57476,396.50769,139.11378,87.30485
1446,12.042,343.10944,176.53207,316.59521,349.39136,229.25417,79.46323,396.81384,139.23735,87.64298
1447,12.05,342.90381,176.47391,316.54099,349.54236,229.4361,79.32133,396.60764,139.2757,87.48632
1448,12.058,342.29349,176.10353,316.56146,349.39136,229.25417,79.46323,396.76013,139.13406,87.56416
1449,12.067,342.29349,176.10353,316.56146,349.39136,229.25417,79.46323,396.78415,139.19824,87.52689
1450,12.075,342.32031,176.01434,316.48767,349.26614,229.48207,79.283,396.57214,139.50735,87.31875
1451,12.083,342.53104,176.44348,316.33966,349.54236,229.4361,79.32133,396.50769,139.11378,87.30485
1452,12.092,342.6998,175.40724,316.63739,349.54236,229.4361,79.32133,396.50769,139.11378,87.30485
1453,12.1,342.98816,175.15909,316.51617,349.39136,229.25417,79.46323,396.53113,138.86409,87.24904
1454,12.108,342.84509,175.02582,316.33453,349.38596,229.17462,79.52351,396.60138,138.98688,87.31441
1455,12.117,342.98816,175.15909,316.51617,349.58206,229.27171,79.23006,396.53113,138.86409,87.24904
1456,12.125,342.98816,175.15909,316.51617,349.58206,229.27171,79.23006,396.50769,139.11378,87.30485
1457,12.133,343.09207,175.0865,316.45062,349.39136,229.25417,79.46323,396.50769,139.11378,87.30485
1458,12.142,343.09207,175.0865,316.45062,349.39136,229.25417,79.46323,396.73727,138.82571,87.40569
1459,12.15,343.09207,175.0865,316.45062,349.39136,229.25417,79.46323,396.53113,138.86409,87.24904
1460,12.158,343.30273,175.51587,316.30255,349.54236,229.4361,79.32133,396.53113,138.86409,87.24904
1461,12.167,343.22885,175.67101,316.40811,349.58206,229.27171,79.23006,396.53113,138.86409,87.24904
1462,12.175,343.44153,175.57149,316.36044,349.58206,229.27171,79.23006,396.53113,138.86409,87.24904
1463,12.183,343.37909,176.10526,316.5321,349.58206,229.27171,79.23006,396.60138,138.98688,87.31441
1464,12.192,343.00122,176.21994,316.38104,349.54236,229.4361,79.32133,396.60138,138.98688,87.31441
1465,12.2,343.25583,176.5099,315.96667,349.54236,229.4361,79.32133,396.57794,139.2366,87.37022
1466,12.208,343.17581,176.76842,316.15521,349.78055,229.50571,79.141,396.50769,139.11378,87.30485
1467,12.217,343.32257,176.68001,316.57574,349.54236,229.4361,79.32133,396.50769,139.11378,87.30485
1468,12.225,343.34613,176.58749,316.50305,349.54236,229.4361,79.32133,396.73727,138.82571,87.40569
1469,12.233,343.32257,176.68001,316.57574,349.54236,229.4361,79.32133,396.80756,138.94852,87.47106
1470,12.242,343.06091,176.51694,316.42349,349.54236,229.4361,79.32133,396.71387,139.07542,87.46151
1471,12.25,342.99652,176.45805,315.77896,349.78055,229.50571,79.141,396.50769,139.11378,87.30485
1472,12.258,343.12494,175.74359,316.47366,349.54236,229.4361,79.32133,396.50769,139.11378,87.30485
1473,12.267,342.98816,175.15909,316.51617,349.39136,229.25417,79.46323,396.50769,139.11378,87.30485
1474,12.275,342.98816,175.15909,316.51617,349.39136,229.25417,79.46323,396.50769,139.11378,87.30485
1475,12.283,342.98816,175.15909,316.51617,349.43103,229.08977,79.37197,396.53113,138.86409,87.24904
1476,12.292,342.98816,175.15909,316.51617,349.43103,229.08977,79.37197,396.73727,138.82571,87.40569
1477,12.3,342.98816,175.15909,316.51617,349.39136,229.25417,79.46323,396.73727,138.82571,87.40569
1478,12.308,342.98816,175.15909,316.51617,349.43103,229.08977,79.37197,396.73727,138.82571,87.40569
1479,12.317,342.94901,174.95322,316.26898,349.43103,229.08977,79.37197,396.71387,139.07542,87.46151
1480,12.325,342.98816,175.15909,316.51617,349.39136,229.25417,79.46323,396.71387,139.07542,87.46151
1481,12.333,342.98816,175.15909,316.51617,349.50009,229.10654,79.57476,396.50769,139.11378,87.30485
1482,12.342,342.98816,175.15909,316.51617,349.50009,229.10654,79.57476,396.50769,139.11378,87.30485
1483,12.35,342.98816,175.15909,316.51617,349.53979,228.94214,79.48351,396.50769,139.11378,87.30485
1484,12.358,342.98816,175.15909,316.51617,349.53979,228.94214,79.48351,396.57794,139.2366,87.37022
1485,12.367,343.12079,176.30994,316.46201,349.53979,228.94214,79.48351,396.50186,139.38455,87.25338
1486,12.375,343.1337,176.51389,316.58475,349.50009,229.10654,79.57476,396.71387,139.07542,87.46151
1487,12.383,343.32257,176.68001,316.57574,349.50009,229.10654,79.57476,396.77835,139.46898,87.47543
1488,12.392,343.11185,176.25079,316.72379,349.50009,229.10654,79.57476,396.70807,139.34615,87.41006
1489,12.4,343.0408,176.1759,316.81451,349.50009,229.10654,79.57476,396.78415,139.19824,87.52689
1490,12.408,343.25153,176.60512,316.66647,349.50009,229.10654,79.57476,396.77835,139.46898,87.47543
1491,12.417,343.25153,176.60512,316.66647,349.50009,229.10654,79.57476,396.78415,139.19824,87.52689
1492,12.425,343.25153,176.60512,316.66647,349.50009,229.10654,79.57476,396.78415,139.19824,87.52689
1493,12.433,343.0408,176.1759,316.81451,349.53979,228.94214,79.48351,396.57794,139.2366,87.37022
1494,12.442,342.923,176.08469,316.73276,349.53979,228.94214,79.48351,396.78415,139.19824,87.52689
1495,12.45,342.86444,175.63557,316.42352,349.50009,229.10654,79.57476,396.57794,139.2366,87.37022
1496,12.458,342.90674,175.51294,316.52789,349.53979,228.94214,79.48351,396.71387,139.07542,87.46151
1497,12.467,342.98816,175.15909,316.51617,349.49472,229.02698,79.63503,396.71387,139.07542,87.46151
1498,12.475,342.84509,175.02582,316.33453,349.50009,229.10654,79.57476,396.71387,139.07542,87.46151
1499,12.483,342.98816,175.15909,316.51617,349.50009,229.10654,79.57476,396.5882,138.9229,87.41971
1500,12.492,342.98816,175.15909,316.51617,349.53979,228.94214,79.48351,396.5882,138.9229,87.41971
1501,12.5,342.98816,175.15909,316.51617,349.50009,229.10654,79.57476,396.73727,138.82571,87.40569
1502,12.508,342.84509,175.02582,316.33453,349.50009,229.10654,79.57476,396.60541,138.46255,87.3851
1503,12.517,342.84509,175.02582,316.33453,349.53979,228.94214,79.48351,396.53113,138.86409,87.24904
1504,12.525,342.84509,175.02582,316.33453,349.53979,228.94214,79.48351,396.38202,138.96127,87.26305
1505,12.533,342.84509,175.02582,316.33453,349.50009,229.10654,79.57476,396.50769,139.11378,87.30485
1506,12.542,342.98816,175.15909,316.51617,349.50009,229.10654,79.57476,396.50769,139.11378,87.30485
1507,12.55,342.98816,175.15909,316.51617,349.49472,229.02698,79.63503,396.71387,139.07542,87.46151
1508,12.558,342.98816,175.15909,316.51617,349.49472,229.02698,79.63503,396.73727,138.82571,87.40569
1509,12.567,343.19885,175.58846,316.3681,349.50009,229.10654,79.57476,396.73727,138.82571,87.40569
1510,12.575,342.97437,176.30913,316.45483,349.50009,229.10654,79.57476,396.73727,138.82571,87.40569
1511,12.583,343.1337,176.51389,316.58475,349.39136,229.25417,79.46323,396.78415,139.19824,87.52689
1512,12.592,343.03714,176.69809,316.68216,349.11508,229.30014,79.4249,396.57794,139.2366,87.37022
1513,12.6,343.03714,176.69809,316.68216,349.39136,229.25417,79.46323,396.57794,139.2366,87.37022
1514,12.608,343.03714,176.69809,316.68216,349.39136,229.25417,79.46323,396.50769,139.11378,87.30485
1515,12.617,343.17581,176.76842,316.15521,349.54236,229.4361,79.32133,396.57794,139.2366,87.37022
1516,12.625,343.17581,176.76842,316.15521,349.74084,229.67009,79.23226,396.57794,139.2366,87.37022
1517,12.633,343.17581,176.76842,316.15521,349.74084,229.67009,79.23226,396.57794,139.2366,87.37022
1518,12.642,343.25153,176.60512,316.66647,349.54236,229.4361,79.32133,396.60764,139.2757,87.48632
1519,12.65,343.25153,176.60512,316.66647,349.54236,229.4361,79.32133,396.57794,139.2366,87.37022
1520,12.658,343.10944,176.53207,316.59521,349.39136,229.25417,79.46323,396.77835,139.46898,87.47543
1521,12.667,342.97437,176.30913,316.45483,349.54236,229.4361,79.32133,396.57794,139.2366,87.37022
1522,12.675,343.00122,176.21994,316.38104,349.74084,229.67009,79.23226,396.57794,139.2366,87.37022
1523,12.683,343.00873,176.02133,316.47482,349.54236,229.4361,79.32133,396.50769,139.11378,87.30485
1524,12.692,342.98816,175.15909,316.51617,349.54236,229.4361,79.32133,396.50769,139.11378,87.30485
1525,12.7,342.98816,175.15909,316.51617,349.58206,229.27171,79.23006,396.53113,138.86409,87.24904
1526,12.708,342.98816,175.15909,316.51617,349.54236,229.4361,79.32133,396.53113,138.86409,87.24904
1527,12.717,343.19885,175.58846,316.3681,349.54236,229.4361,79.32133,396.71387,139.07542,87.46151
1528,12.725,342.98816,175.15909,316.51617,349.54236,229.4361,79.32133,396.50769,139.11378,87.30485
1529,12.733,342.98816,175.15909,316.51617,349.43103,229.08977,79.37197,396.73727,138.82571,87.40569
1530,12.742,342.98816,175.15909,316.51617,349.54236,229.4361,79.32133,396.53113,138.86409,87.24904
1531,12.75,343.00122,176.21994,316.38104,349.58206,229.27171,79.23006,396.71387,139.07542,87.46151
1532,12.758,343.04831,176.15395,316.34924,349.54236,229.4361,79.32133,396.50769,139.11378,87.30485
1533,12.767,342.9852,176.68021,315.9122,349.54236,229.4361,79.32133,396.50769,139.11378,87.30485
1534,12.775,343.24686,176.84331,316.06445,349.54236,229.4361,79.32133,396.57794,139.2366,87.37022
1535,12.783,343.17581,176.76842,316.15521,349.54236,229.4361,79.32133,396.57794,139.2366,87.37022
1536,12.792,343.24686,176.84331,316.06445,349.54236,229.4361,79.32133,396.78415,139.19824,87.52689
1537,12.8,343.24686,176.84331,316.06445,349.54236,229.4361,79.32133,396.78415,139.19824,87.52689
1538,12.808,343.24686,176.84331,316.06445,349.54236,229.4361,79.32133,396.77835,139.46898,87.47543
1539,12.817,343.24686,176.84331,316.06445,349.54236,229.4361,79.32133,396.78415,139.19824,87.52689
1540,12.825,343.32257,176.68001,316.57574,349.54236,229.4361,79.32133,396.57794,139.2366,87.37022
1541,12.833,343.32257,176.68001,316.57574,349.39136,229.25417,79.46323,396.78415,139.19824,87.52689
1542,12.842,343.20474,176.58876,316.49399,349.39136,229.25417,79.46323,396.71387,139.07542,87.46151
1543,12.85,343.1337,176.51389,316.58475,349.50009,229.10654,79.57476,396.71387,139.07542,87.46151
1544,12.858,342.77921,176.01288,316.66229,349.39136,229.25417,79.46323,396.57794,139.2366,87.37022
1545,12.867,342.79053,175.79074,316.52908,349.39136,229.25417,79.46323,396.50186,139.38455,87.25338
1546,12.875,342.7981,175.59206,316.62289,349.50009,229.10654,79.57476,396.50769,139.11378,87.30485
1547,12.883,342.91428,175.31424,316.6217,349.50009,229.10654,79.57476,396.71387,139.07542,87.46151
1548,12.892,342.98816,175.15909,316.51617,349.50009,229.10654,79.57476,396.50769,139.11378,87.30485
1549,12.9,342.98816,175.15909,316.51617,349.50009,229.10654,79.57476,396.71387,139.07542,87.46151
1550,12.908,342.98816,175.15909,316.51617,349.50009,229.10654,79.57476,396.71387,139.07542,87.46151
1551,12.917,342.84509,175.02582,316.33453,349.50009,229.10654,79.57476,396.78415,139.19824,87.52689
1552,12.925,342.91428,175.31424,316.6217,349.50009,229.10654,79.57476,396.78415,139.19824,87.52689
1553,12.933,342.7981,175.59206,316.62289,349.50009,229.10654,79.57476,396.71387,139.07542,87.46151
1554,12.942,342.7981,175.59206,316.62289,349.50009,229.10654,79.57476,396.50769,139.11378,87.30485
1555,12.95,342.29349,176.10353,316.56146,349.50009,229.10654,79.57476,396.50769,139.11378,87.30485
1556,12.958,342.30899,176.23647,316.62088,349.50009,229.10654,79.57476,396.57794,139.2366,87.37022
1557,12.967,342.78143,176.82867,316.62515,349.50009,229.10654,79.57476,396.74365,139.2265,87.70116
1558,12.975,342.51971,176.6656,316.47287,349.50009,229.10654,79.57476,396.78415,139.19824,87.52689
1559,12.983,342.63931,176.75562,316.55386,349.50009,229.10654,79.57476,396.78415,139.19824,87.52689
1560,12.992,342.78143,176.82867,316.62515,349.50009,229.10654,79.57476,396.74484,139.54573,87.60458
1561,13,342.63931,176.75562,316.55386,349.50009,229.10654,79.57476,396.86954,139.20433,87.71981
1562,13.008,342.78143,176.82867,316.62515,349.50009,229.10654,79.57476,396.74365,139.2265,87.70116
1563,13.017,342.78143,176.82867,316.62515,349.39136,229.25417,79.46323,396.78415,139.19824,87.52689
1564,13.025,342.66357,176.73743,316.54337,349.50009,229.10654,79.57476,396.57794,139.2366,87.37022
1565,13.033,342.78143,176.82867,316.62515,349.50009,229.10654,79.57476,396.57794,139.2366,87.37022
1566,13.042,342.66882,176.0629,316.69949,349.50009,229.10654,79.57476,396.50769,139.11378,87.30485
1567,13.05,342.57608,175.88373,316.54474,349.43103,229.08977,79.37197,396.50769,139.11378,87.30485
1568,13.058,342.32031,176.01434,316.48767,349.39136,229.25417,79.46323,396.50769,139.11378,87.30485
1569,13.067,342.77368,175.25211,316.53183,349.39136,229.25417,79.46323,396.50769,139.11378,87.30485
1570,13.075,342.77368,175.25211,316.53183,349.50009,229.10654,79.57476,396.50769,139.11378,87.30485
1571,13.083,342.77368,175.25211,316.53183,349.50009,229.10654,79.57476,396.53113,138.86409,87.24904
1572,13.092,342.77368,175.25211,316.53183,349.50009,229.10654,79.57476,396.53113,138.86409,87.24904
1573,13.1,342.98816,175.15909,316.51617,349.53979,228.94214,79.48351,396.53113,138.86409,87.24904
1574,13.108,342.77368,175.25211,316.53183,349.43103,229.08977,79.37197,396.53113,138.86409,87.24904
1575,13.117,342.98816,175.15909,316.51617,349.39136,229.25417,79.46323,396.50769,139.11378,87.30485
1576,13.125,343.01074,175.49249,316.57523,349.39136,229.25417,79.46323,396.57794,139.2366,87.37022
1577,13.133,342.79053,175.79074,316.52908,349.39136,229.25417,79.46323,396.53113,138.86409,87.24904
1578,13.142,342.97437,176.30913,316.45483,349.39136,229.25417,79.46323,396.60138,138.98688,87.31441
1579,13.15,342.91415,176.60533,316.00293,349.74084,229.67009,79.23226,396.49063,138.89235,87.42334
1580,13.158,343.17581,176.76842,316.15521,349.54236,229.4361,79.32133,396.57794,139.2366,87.37022
1581,13.167,342.78143,176.82867,316.62515,349.39136,229.25417,79.46323,396.78415,139.19824,87.52689
1582,13.175,342.78143,176.82867,316.62515,349.39136,229.25417,79.46323,396.74365,139.2265,87.70116
1583,13.183,343.25153,176.60512,316.66647,349.54236,229.4361,79.32133,396.80756,138.94852,87.47106
1584,13.192,343.17581,176.76842,316.15521,349.54236,229.4361,79.32133,396.53113,138.86409,87.24904
1585,13.2,343.25153,176.60512,316.66647,349.74084,229.67009,79.23226,396.57794,139.2366,87.37022
1586,13.208,343.14505,176.29175,316.45154,349.54236,229.4361,79.32133,396.50769,139.11378,87.30485
1587,13.217,342.91428,175.31424,316.6217,349.54236,229.4361,79.32133,396.50769,139.11378,87.30485
1588,13.225,343.19885,175.58846,316.3681,349.57666,229.19218,79.29034,396.50769,139.11378,87.30485
1589,13.233,343.19885,175.58846,316.3681,349.73544,229.59059,79.29254,396.53113,138.86409,87.24904
1590,13.242,342.98816,175.15909,316.51617,349.57666,229.19218,79.29034,396.53113,138.86409,87.24904
1591,13.25,342.84875,174.88928,316.39279,349.38596,229.17462,79.52351,396.71387,139.07542,87.46151
1592,13.258,342.95267,174.81668,316.32727,349.39136,229.25417,79.46323,396.73727,138.82571,87.40569
1593,13.267,342.95267,174.81668,316.32727,349.38596,229.17462,79.52351,396.53113,138.86409,87.24904
1594,13.275,343.09573,174.94997,316.50891,349.53699,229.35658,79.3816,396.53113,138.86409,87.24904
1595,13.283,342.98816,175.15909,316.51617,349.39136,229.25417,79.46323,396.50769,139.11378,87.30485
1596,13.292,342.94901,174.95322,316.26898,349.43103,229.08977,79.37197,396.50769,139.11378,87.30485
1597,13.3,342.94901,174.95322,316.26898,349.39136,229.25417,79.46323,396.53113,138.86409,87.24904
1598,13.308,342.98816,175.15909,316.51617,349.39136,229.25417,79.46323,396.73727,138.82571,87.40569
1599,13.317,343.12494,175.74359,316.47366,349.54236,229.4361,79.32133,396.71387,139.07542,87.46151
1600,13.325,342.97437,176.30913,316.45483,349.74084,229.67009,79.23226,396.71387,139.07542,87.46151
1601,13.333,343.1337,176.51389,316.58475,349.54236,229.4361,79.32133,396.71387,139.07542,87.46151
1602,13.342,343.32257,176.68001,316.57574,349.39136,229.25417,79.46323,396.71387,139.07542,87.46151
1603,13.35,343.24686,176.84331,316.06445,349.39136,229.25417,79.46323,396.77835,139.46898,87.47543
1604,13.358,343.17581,176.76842,316.15521,349.74084,229.67009,79.23226,396.78415,139.19824,87.52689
1605,13.367,343.17581,176.76842,316.15521,349.74084,229.67009,79.23226,396.78415,139.19824,87.52689
1606,13.375,343.17581,176.76842,316.15521,349.54236,229.4361,79.32133,396.74365,139.2265,87.70116
1607,13.383,343.25153,176.60512,316.66647,349.54236,229.4361,79.32133,396.78415,139.19824,87.52689
1608,13.392,343.25153,176.60512,316.66647,349.39136,229.25417,79.46323,396.77835,139.46898,87.47543
1609,13.4,342.98987,176.44206,316.51425,349.39136,229.25417,79.46323,396.71387,139.07542,87.46151
1610,13.408,343.01343,176.34956,316.44153,349.39136,229.25417,79.46323,396.71387,139.07542,87.46151
1611,13.417,342.98816,175.15909,316.51617,349.39136,229.25417,79.46323,396.78415,139.19824,87.52689
1612,13.425,342.84509,175.02582,316.33453,349.50009,229.10654,79.57476,396.78415,139.19824,87.52689
1613,13.433,342.98816,175.15909,316.51617,349.50009,229.10654,79.57476,396.71387,139.07542,87.46151
1614,13.442,342.98816,175.15909,316.51617,349.50009,229.10654,79.57476,396.73727,138.82571,87.40569
1615,13.45,342.98816,175.15909,316.51617,349.50009,229.10654,79.57476,396.50769,139.11378,87.30485
1616,13.458,342.84509,175.02582,316.33453,349.50009,229.10654,79.57476,396.50769,139.11378,87.30485
1617,13.467,342.84509,175.02582,316.33453,349.50009,229.10654,79.57476,396.50769,139.11378,87.30485
1618,13.475,342.84509,175.02582,316.33453,349.53979,228.94214,79.48351,396.73727,138.82571,87.40569
1619,13.483,342.98816,175.15909,316.51617,349.50009,229.10654,79.57476,396.53113,138.86409,87.24904
1620,13.492,342.51785,175.38278,316.47473,349.50009,229.10654,79.57476,396.71387,139.07542,87.46151
1621,13.5,342.3942,175.85919,316.38211,349.50009,229.10654,79.57476,396.50769,139.11378,87.30485
1622,13.508,342.36737,175.94836,316.4559,349.50009,229.10654,79.57476,396.71387,139.07542,87.46151
1623,13.517,342.30899,176.23647,316.62088,349.50009,229.10654,79.57476,396.70807,139.34615,87.41006
1624,13.525,342.51971,176.6656,316.47287,349.50009,229.10654,79.57476,396.78415,139.19824,87.52689
1625,13.533,342.51971,176.6656,316.47287,349.50009,229.10654,79.57476,396.78415,139.19824,87.52689
1626,13.542,342.30899,176.23647,316.62088,349.50009,229.10654,79.57476,396.71387,139.07542,87.46151
1627,13.55,342.42856,176.32648,316.70187,349.50009,229.10654,79.57476,396.57794,139.2366,87.37022
1628,13.558,342.63931,176.75562,316.55386,349.50009,229.10654,79.57476,396.74484,139.54573,87.60458
1629,13.567,342.78143,176.82867,316.62515,349.39136,229.25417,79.46323,396.78415,139.19824,87.52689
1630,13.575,343.03714,176.69809,316.68216,349.39136,229.25417,79.46323,396.78415,139.19824,87.52689
1631,13.583,343.25153,176.60512,316.66647,349.39136,229.25417,79.46323,396.57214,139.50735,87.31875
1632,13.592,343.1337,176.51389,316.58475,349.50009,229.10654,79.57476,396.57794,139.2366,87.37022
1633,13.6,343.23605,176.47217,316.60706,349.50009,229.10654,79.57476,396.57794,139.2366,87.37022
1634,13.608,343.33011,175.84271,316.33215,349.50009,229.10654,79.57476,396.60138,138.98688,87.31441
1635,13.617,343.44299,175.74068,316.51013,349.50009,229.10654,79.57476,396.71387,139.07542,87.46151
1636,13.625,343.23083,175.14211,316.50851,349.50009,229.10654,79.57476,396.53113,138.86409,87.24904
1637,13.633,343.23083,175.14211,316.50851,349.50009,229.10654,79.57476,396.53113,138.86409,87.24904
1638,13.642,343.44153,175.57149,316.36044,349.50009,229.10654,79.57476,396.53113,138.86409,87.24904
1639,13.65,343.54691,175.66809,316.44461,349.39136,229.25417,79.46323,396.50769,139.11378,87.30485
1640,13.658,343.43552,175.93932,316.41632,349.39136,229.25417,79.46323,396.71387,139.07542,87.46151
1641,13.667,343.36679,176.31038,316.46774,349.50009,229.10654,79.57476,396.71387,139.07542,87.46151
1642,13.675,343.1337,176.51389,316.58475,349.65112,229.28847,79.43285,396.53113,138.86409,87.24904
1643,13.683,343.32257,176.68001,316.57574,349.50009,229.10654,79.57476,396.50769,139.11378,87.30485
1644,13.692,343.17581,176.76842,316.15521,349.39136,229.25417,79.46323,396.50769,139.11378,87.30485
1645,13.7,343.24686,176.84331,316.06445,349.39136,229.25417,79.46323,396.50769,139.11378,87.30485
1646,13.708,343.24686,176.84331,316.06445,349.39136,229.25417,79.46323,396.57214,139.50735,87.31875
1647,13.717,342.82202,177.20197,316.05688,349.54236,229.4361,79.32133,396.57794,139.2366,87.37022
1648,13.725,342.82202,177.20197,316.05688,349.74084,229.67009,79.23226,396.57214,139.50735,87.31875
1649,13.733,342.86929,177.39822,315.99966,349.74084,229.67009,79.23226,396.53745,139.26485,87.54451
1650,13.742,342.86929,177.39822,315.99966,349.54236,229.4361,79.32133,396.74484,139.54573,87.60458
1651,13.75,342.86929,177.39822,315.99966,349.54236,229.4361,79.32133,396.74484,139.54573,87.60458
1652,13.758,342.82202,177.20197,316.05688,349.74084,229.67009,79.23226,396.57214,139.50735,87.31875
1653,13.767,342.77689,177.06679,316.02316,349.74084,229.67009,79.23226,396.5386,139.58411,87.44789
1654,13.775,343.24686,176.84331,316.06445,349.74084,229.67009,79.23226,396.57794,139.2366,87.37022
1655,13.783,343.24686,176.84331,316.06445,349.54236,229.4361,79.32133,396.53745,139.26485,87.54451
1656,13.792,343.25153,176.60512,316.66647,349.54236,229.4361,79.32133,396.78415,139.19824,87.52689
1657,13.8,342.98987,176.44206,316.51425,349.74084,229.67009,79.23226,396.71387,139.07542,87.46151
1658,13.808,343.07513,176.06477,316.27545,349.74084,229.67009,79.23226,396.50769,139.11378,87.30485
1659,13.817,343.00122,176.21994,316.38104,349.58206,229.27171,79.23006,396.57794,139.2366,87.37022
1660,13.825,342.91428,175.31424,316.6217,349.54236,229.4361,79.32133,396.73727,138.82571,87.40569
1661,13.833,343.19885,175.58846,316.3681,349.58206,229.27171,79.23006,396.73727,138.82571,87.40569
1662,13.842,343.19885,175.58846,316.3681,349.74084,229.67009,79.23226,396.50769,139.11378,87.30485
1663,13.85,343.11743,175.94221,316.37985,349.54236,229.4361,79.32133,396.50769,139.11378,87.30485
1664,13.858,343.00122,176.21994,316.38104,349.54236,229.4361,79.32133,396.71387,139.07542,87.46151
1665,13.867,342.77921,176.01288,316.66229,349.39136,229.25417,79.46323,396.71387,139.07542,87.46151
1666,13.875,342.76547,176.55765,316.45999,349.39136,229.25417,79.46323,396.71387,139.07542,87.46151
1667,13.883,342.56366,176.91882,316.04263,349.54236,229.4361,79.32133,396.78415,139.19824,87.52689
1668,13.892,342.44406,176.8288,315.96164,349.74084,229.67009,79.23226,396.57794,139.2366,87.37022
1669,13.9,342.58792,176.90063,316.03214,349.54236,229.4361,79.32133,396.78415,139.19824,87.52689
1670,13.908,342.63474,176.9937,315.95187,349.39136,229.25417,79.46323,396.78415,139.19824,87.52689
1671,13.917,342.70581,176.99188,316.11392,349.39136,229.25417,79.46323,396.74484,139.54573,87.60458
1672,13.925,342.70581,176.99188,316.11392,349.54236,229.4361,79.32133,396.74365,139.2265,87.70116
1673,13.933,342.70581,176.99188,316.11392,349.54236,229.4361,79.32133,396.74484,139.54573,87.60458
1674,13.942,342.70581,176.99188,316.11392,349.39136,229.25417,79.46323,396.77451,139.58484,87.72068
1675,13.95,343.25153,176.60512,316.66647,349.39136,229.25417,79.46323,396.74484,139.54573,87.60458
1676,13.958,343.25153,176.60512,316.66647,349.39136,229.25417,79.46323,396.71387,139.07542,87.46151
1677,13.967,343.25153,176.60512,316.66647,349.74084,229.67009,79.23226,396.78415,139.19824,87.52689
1678,13.975,343.35544,176.53253,316.60095,349.39136,229.25417,79.46323,396.78415,139.19824,87.52689
1679,13.983,343.30798,176.43912,316.55072,349.50009,229.10654,79.57476,396.71387,139.07542,87.46151
1680,13.992,343.28445,175.733,316.67511,349.53979,228.94214,79.48351,396.80756,138.94852,87.47106
1681,14,343.38486,175.87244,316.53912,349.50009,229.10654,79.57476,396.73727,138.82571,87.40569
1682,14.008,343.54691,175.66809,316.44461,349.50009,229.10654,79.57476,396.71387,139.07542,87.46151
1683,14.017,343.44153,175.57149,316.36044,349.50009,229.10654,79.57476,396.50769,139.11378,87.30485
1684,14.025,343.23083,175.14211,316.50851,349.53979,228.94214,79.48351,396.71387,139.07542,87.46151
1685,14.033,343.23083,175.14211,316.50851,349.53979,228.94214,79.48351,396.73727,138.82571,87.40569
1686,14.042,343.23083,175.14211,316.50851,349.50009,229.10654,79.57476,396.81158,138.42421,87.54173
1687,14.05,343.30273,175.51587,316.30255,349.53979,228.94214,79.48351,396.73727,138.82571,87.40569
1688,14.058,343.19885,175.58846,316.3681,349.50009,229.10654,79.57476,396.53113,138.86409,87.24904
1689,14.067,342.98062,175.3578,316.42236,349.53979,228.94214,79.48351,396.71387,139.07542,87.46151
1690,14.075,342.80273,175.92038,316.58957,349.39136,229.25417,79.46323,396.50769,139.11378,87.30485
1691,14.083,342.68433,176.19585,316.75891,349.50009,229.10654,79.57476,396.73727,138.82571,87.40569
1692,14.092,342.63931,176.75562,316.55386,349.50009,229.10654,79.57476,396.78415,139.19824,87.52689
1693,14.1,342.63931,176.75562,316.55386,349.50009,229.10654,79.57476,396.57794,139.2366,87.37022
1694,14.108,342.63931,176.75562,316.55386,349.39136,229.25417,79.46323,396.77835,139.46898,87.47543
1695,14.117,342.57068,176.39952,316.77313,349.50009,229.10654,79.57476,396.57794,139.2366,87.37022
1696,14.125,342.78143,176.82867,316.62515,349.50009,229.10654,79.57476,396.74365,139.2265,87.70116
1697,14.133,342.78143,176.82867,316.62515,349.59784,229.49663,79.38301,396.74484,139.54573,87.60458
1698,14.142,342.78143,176.82867,316.62515,349.39136,229.25417,79.46323,396.5386,139.58411,87.44789
1699,14.15,342.51971,176.6656,316.47287,349.39136,229.25417,79.46323,396.57214,139.50735,87.31875
1700,14.158,342.57068,176.39952,316.77313,349.39136,229.25417,79.46323,396.74365,139.2265,87.70116
1701,14.167,342.63931,176.75562,316.55386,349.50009,229.10654,79.57476,396.76706,138.97678,87.64534
1702,14.175,342.98987,176.44206,316.51425,349.7066,229.349,79.49454,396.80756,138.94852,87.47106
1703,14.183,343.11819,176.38095,316.5253,349.39136,229.25417,79.46323,396.57794,139.2366,87.37022
1704,14.192,342.923,176.08469,316.73276,349.39136,229.25417,79.46323,396.57794,139.2366,87.37022
1705,14.2,342.90674,175.51294,316.52789,349.50009,229.10654,79.57476,396.57794,139.2366,87.37022
1706,14.208,343.33762,175.64407,316.42596,349.50009,229.10654,79.57476,396.73727,138.82571,87.40569
1707,14.217,343.12494,175.74359,316.47366,349.7066,229.349,79.49454,396.50769,139.11378,87.30485
1708,14.225,343.19885,175.58846,316.3681,349.39136,229.25417,79.46323,396.50769,139.11378,87.30485
1709,14.233,342.91428,175.31424,316.6217,349.39136,229.25417,79.46323,396.57794,139.2366,87.37022
1710,14.242,342.90674,175.51294,316.52789,349.50009,229.10654,79.57476,396.60138,138.98688,87.31441
1711,14.25,343.00122,176.21994,316.38104,349.50009,229.10654,79.57476,396.73727,138.82571,87.40569
1712,14.258,342.97437,176.30913,316.45483,349.74084,229.67009,79.23226,396.57794,139.2366,87.37022
1713,14.267,342.98987,176.44206,316.51425,349.39136,229.25417,79.46323,396.50769,139.11378,87.30485
1714,14.275,342.30899,176.23647,316.62088,349.39136,229.25417,79.46323,396.50769,139.11378,87.30485
1715,14.283,342.51971,176.6656,316.47287,349.54236,229.4361,79.32133,396.57794,139.2366,87.37022
1716,14.292,342.44406,176.8288,315.96164,349.74084,229.67009,79.23226,396.77835,139.46898,87.47543
1717,14.3,342.44406,176.8288,315.96164,349.74084,229.67009,79.23226,396.57794,139.2366,87.37022
1718,14.308,342.51971,176.6656,316.47287,349.39136,229.25417,79.46323,396.57794,139.2366,87.37022
1719,14.317,342.30899,176.23647,316.62088,349.39136,229.25417,79.46323,396.57794,139.2366,87.37022
1720,14.325,342.44406,176.8288,315.96164,349.54236,229.4361,79.32133,396.50769,139.11378,87.30485
1721,14.333,342.68979,176.72086,315.94873,349.74084,229.67009,79.23226,396.57794,139.2366,87.37022
1722,14.342,342.67429,176.58792,315.88928,349.74084,229.67009,79.23226,396.71387,139.07542,87.46151
1723,14.35,342.97437,176.30913,316.45483,349.74084,229.67009,79.23226,396.50769,139.11378,87.30485
1724,14.358,342.93433,175.86253,316.59958,349.39136,229.25417,79.46323,396.50769,139.11378,87.30485
1725,14.367,343.12079,176.30994,316.46201,349.58206,229.27171,79.23006,396.57794,139.2366,87.37022
1726,14.375,342.98987,176.44206,316.51425,349.74084,229.67009,79.23226,396.50769,139.11378,87.30485
1727,14.383,343.14505,176.29175,316.45154,349.74084,229.67009,79.23226,396.50769,139.11378,87.30485
1728,14.392,343.36679,176.31038,316.46774,349.39136,229.25417,79.46323,396.50769,139.11378,87.30485
1729,14.4,343.26288,176.38297,316.53329,349.54236,229.4361,79.32133,396.50769,139.11378,87.30485
1730,14.408,343.08154,176.58466,316.0007,349.74084,229.67009,79.23226,396.71387,139.07542,87.46151
1731,14.417,343.17581,176.76842,316.15521,349.74084,229.67009,79.23226,396.78415,139.19824,87.52689
1732,14.425,343.25153,176.60512,316.66647,349.74084,229.67009,79.23226,396.71387,139.07542,87.46151
1733,14.433,343.25153,176.60512,316.66647,349.39136,229.25417,79.46323,396.50769,139.11378,87.30485
1734,14.442,343.25153,176.60512,316.66647,349.39136,229.25417,79.46323,396.60138,138.98688,87.31441
1735,14.45,343.17581,176.76842,316.15521,349.54236,229.4361,79.32133,396.78415,139.19824,87.52689
1736,14.458,343.17581,176.76842,316.15521,349.74084,229.67009,79.23226,396.78415,139.19824,87.52689
1737,14.467,342.96146,176.86137,316.1709,349.74084,229.67009,79.23226,396.77835,139.46898,87.47543
1738,14.475,342.78143,176.82867,316.62515,349.39136,229.25417,79.46323,396.78415,139.19824,87.52689
1739,14.483,342.51971,176.6656,316.47287,349.39136,229.25417,79.46323,396.78415,139.19824,87.52689
1740,14.492,342.78143,176.82867,316.62515,349.39136,229.25417,79.46323,396.74365,139.2265,87.70116
1741,14.5,342.78143,176.82867,316.62515,349.39136,229.25417,79.46323,396.78415,139.19824,87.52689
1742,14.508,342.63931,176.75562,316.55386,349.39136,229.25417,79.46323,396.78415,139.19824,87.52689
1743,14.517,342.51971,176.6656,316.47287,349.39136,229.25417,79.46323,396.60138,138.98688,87.31441
1744,14.525,342.63931,176.75562,316.55386,349.39136,229.25417,79.46323,396.60138,138.98688,87.31441
1745,14.533,342.51971,176.6656,316.47287,349.39136,229.25417,79.46323,396.70807,139.34615,87.41006
1746,14.542,342.98987,176.44206,316.51425,349.39136,229.25417,79.46323,396.71387,139.07542,87.46151
1747,14.55,342.98987,176.44206,316.51425,349.39136,229.25417,79.46323,396.78415,139.19824,87.52689
1748,14.558,342.89874,176.10287,316.74326,349.50009,229.10654,79.57476,396.60138,138.98688,87.31441
1749,14.567,343.1337,176.51389,316.58475,349.50009,229.10654,79.57476,396.53113,138.86409,87.24904
1750,14.575,343.27509,176.51262,316.59378,349.39136,229.25417,79.46323,396.78415,139.19824,87.52689
1751,14.583,343.11819,176.38095,316.5253,349.39136,229.25417,79.46323,396.71387,139.07542,87.46151
1752,14.592,343.1337,176.51389,316.58475,349.53979,228.94214,79.48351,396.50769,139.11378,87.30485
1753,14.6,342.923,176.08469,316.73276,349.50009,229.10654,79.57476,396.53113,138.86409,87.24904
1754,14.608,343.0408,176.1759,316.81451,349.50009,229.10654,79.57476,396.60138,138.98688,87.31441
1755,14.617,342.88324,175.96992,316.68384,349.50009,229.10654,79.57476,396.71387,139.07542,87.46151
1756,14.625,343.1337,176.51389,316.58475,349.50009,229.10654,79.57476,396.78415,139.19824,87.52689
1757,14.633,342.77545,176.53502,316.52994,349.50009,229.10654,79.57476,396.71387,139.07542,87.46151
1758,14.642,342.51971,176.6656,316.47287,349.39136,229.25417,79.46323,396.57794,139.2366,87.37022
1759,14.65,342.51971,176.6656,316.47287,349.50009,229.10654,79.57476,396.57794,139.2366,87.37022
1760,14.658,342.42856,176.32648,316.70187,349.50009,229.10654,79.57476,396.74365,139.2265,87.70116
1761,14.667,342.30899,176.23647,316.62088,349.50009,229.10654,79.57476,396.71387,139.07542,87.46151
1762,14.675,342.63931,176.75562,316.55386,349.50009,229.10654,79.57476,396.60138,138.98688,87.31441
1763,14.683,342.51971,176.6656,316.47287,349.50009,229.10654,79.57476,396.57214,139.50735,87.31875
1764,14.692,342.63931,176.75562,316.55386,349.50009,229.10654,79.57476,396.57214,139.50735,87.31875
1765,14.7,342.63931,176.75562,316.55386,349.39136,229.25417,79.46323,396.57794,139.2366,87.37022
1766,14.708,342.66357,176.73743,316.54337,349.39136,229.25417,79.46323,396.78415,139.19824,87.52689
1767,14.717,343.10944,176.53207,316.59521,349.50009,229.10654,79.57476,396.71387,139.07542,87.46151
1768,14.725,343.1337,176.51389,316.58475,349.65112,229.28847,79.43285,396.53745,139.26485,87.54451
1769,14.733,343.32257,176.68001,316.57574,349.50009,229.10654,79.57476,396.57794,139.2366,87.37022
1770,14.742,343.32257,176.68001,316.57574,349.50009,229.10654,79.57476,396.5386,139.58411,87.44789
1771,14.75,343.32257,176.68001,316.57574,349.50009,229.10654,79.57476,396.71387,139.07542,87.46151
1772,14.758,343.25153,176.60512,316.66647,349.54236,229.4361,79.32133,396.78415,139.19824,87.52689
1773,14.767,343.25153,176.60512,316.66647,349.54236,229.4361,79.32133,396.57794,139.2366,87.37022
1774,14.775,343.25153,176.60512,316.66647,349.54236,229.4361,79.32133,396.50769,139.11378,87.30485
1775,14.783,343.32257,176.68001,316.57574,349.50009,229.10654,79.57476,396.57794,139.2366,87.37022
1776,14.792,343.24686,176.84331,316.06445,349.65112,229.28847,79.43285,396.60138,138.98688,87.31441
1777,14.8,343.24686,176.84331,316.06445,349.54236,229.4361,79.32133,396.57794,139.2366,87.37022
1778,14.808,343.24686,176.84331,316.06445,349.54236,229.4361,79.32133,396.57794,139.2366,87.37022
1779,14.817,343.17581,176.76842,316.15521,349.54236,229.4361,79.32133,396.57794,139.2366,87.37022
1780,14.825,343.17581,176.76842,316.15521,349.54236,229.4361,79.32133,396.78415,139.19824,87.52689
1781,14.833,343.17581,176.76842,316.15521,349.54236,229.4361,79.32133,396.78415,139.19824,87.52689
1782,14.842,343.24686,176.84331,316.06445,349.74084,229.67009,79.23226,396.67337,139.10368,87.6358
1783,14.85,342.70581,176.99188,316.11392,349.74084,229.67009,79.23226,396.57794,139.2366,87.37022
1784,14.858,342.70581,176.99188,316.11392,349.74084,229.67009,79.23226,396.57794,139.2366,87.37022
1785,14.867,342.56366,176.91882,316.04263,349.74084,229.67009,79.23226,396.5386,139.58411,87.44789
1786,14.875,342.56366,176.91882,316.04263,349.74084,229.67009,79.23226,396.5386,139.58411,87.44789
1787,14.883,342.44406,176.8288,315.96164,349.54236,229.4361,79.32133,396.74365,139.2265,87.70116
1788,14.892,342.56366,176.91882,316.04263,349.54236,229.4361,79.32133,396.74365,139.2265,87.70116
1789,14.9,342.44406,176.8288,315.96164,349.74084,229.67009,79.23226,396.74484,139.54573,87.60458
1790,14.908,342.44406,176.8288,315.96164,349.74084,229.67009,79.23226,396.78415,139.19824,87.52689
1791,14.917,342.44406,176.8288,315.96164,349.74084,229.67009,79.23226,396.78415,139.19824,87.52689
1792,14.925,342.44406,176.8288,315.96164,349.74084,229.67009,79.23226,396.77835,139.46898,87.47543
1793,14.933,342.56366,176.91882,316.04263,349.54236,229.4361,79.32133,396.78415,139.19824,87.52689
1794,14.942,343.02716,176.72072,316.61224,349.74084,229.67009,79.23226,396.74365,139.2265,87.70116
1795,14.95,343.17581,176.76842,316.15521,349.74084,229.67009,79.23226,396.74365,139.2265,87.70116
1796,14.958,342.95151,176.88396,316.10101,349.54236,229.4361,79.32133,396.77835,139.46898,87.47543
1797,14.967,343.32257,176.68001,316.57574,349.39136,229.25417,79.46323,396.74365,139.2265,87.70116
1798,14.975,343.25153,176.60512,316.66647,349.54236,229.4361,79.32133,396.74365,139.2265,87.70116
1799,14.983,343.17581,176.76842,316.15521,349.74084,229.67009,79.23226,396.74365,139.2265,87.70116
1800,14.992,343.17581,176.76842,316.15521,349.74084,229.67009,79.23226,396.74365,139.2265,87.70116
1801,15,343.22092,176.90358,316.18893,349.54236,229.4361,79.32133,396.77451,139.58484,87.72068
1802,15.008,343.36765,176.81517,316.60944,349.39136,229.25417,79.46323,396.77835,139.46898,87.47543
1803,15.017,342.89764,177.03874,316.56808,349.39136,229.25417,79.46323,396.74484,139.54573,87.60458
1804,15.025,342.86929,177.39822,315.99966,349.54236,229.4361,79.32133,396.74365,139.2265,87.70116
1805,15.033,342.86929,177.39822,315.99966,349.54236,229.4361,79.32133,396.74484,139.54573,87.60458
1806,15.042,342.82202,177.20197,316.05688,349.39136,229.25417,79.46323,396.78415,139.19824,87.52689
1807,15.05,342.89764,177.03874,316.56808,349.39136,229.25417,79.46323,396.74484,139.54573,87.60458
1808,15.058,342.85251,176.90356,316.53439,349.39136,229.25417,79.46323,396.74484,139.54573,87.60458
1809,15.067,342.78143,176.82867,316.62515,349.39136,229.25417,79.46323,396.74365,139.2265,87.70116
1810,15.075,342.78143,176.82867,316.62515,349.39136,229.25417,79.46323,396.74365,139.2265,87.70116
1811,15.083,342.78143,176.82867,316.62515,349.39136,229.25417,79.46323,396.74365,139.2265,87.70116
1812,15.092,342.63931,176.75562,316.55386,349.39136,229.25417,79.46323,396.78415,139.19824,87.52689
1813,15.1,342.78143,176.82867,316.62515,349.50009,229.10654,79.57476,396.53745,139.26485,87.54451
1814,15.108,343.25153,176.60512,316.66647,349.50009,229.10654,79.57476,396.56088,139.01512,87.4887
1815,15.117,342.78143,176.82867,316.62515,349.50009,229.10654,79.57476,396.78415,139.19824,87.52689
1816,15.125,342.9093,176.62949,316.53049,349.50009,229.10654,79.57476,396.71387,139.07542,87.46151
1817,15.133,343.25153,176.60512,316.66647,349.39136,229.25417,79.46323,396.46719,139.14204,87.47914
1818,15.142,343.03714,176.69809,316.68216,349.50009,229.10654,79.57476,396.74365,139.2265,87.70116
1819,15.15,343.03714,176.69809,316.68216,349.50009,229.10654,79.57476,396.78415,139.19824,87.52689
1820,15.158,342.78143,176.82867,316.62515,349.39136,229.25417,79.46323,396.74365,139.2265,87.70116
1821,15.167,342.78143,176.82867,316.62515,349.39136,229.25417,79.46323,396.77835,139.46898,87.47543
1822,15.175,342.89764,177.03874,316.56808,349.50009,229.10654,79.57476,396.77835,139.46898,87.47543
1823,15.183,342.94492,177.23505,316.51083,349.50009,229.10654,79.57476,396.76825,139.29599,87.54875
1824,15.192,342.94492,177.23505,316.51083,349.50009,229.10654,79.57476,396.53745,139.26485,87.54451
1825,15.2,342.94492,177.23505,316.51083,349.39136,229.25417,79.46323,396.74484,139.54573,87.60458
1826,15.208,342.94492,177.23505,316.51083,349.39136,229.25417,79.46323,396.5386,139.58411,87.44789
1827,15.217,342.94492,177.23505,316.51083,349.50009,229.10654,79.57476,396.74484,139.54573,87.60458
1828,15.225,342.79822,177.32332,316.09042,349.65112,229.28847,79.43285,396.5386,139.58411,87.44789
1829,15.233,342.86929,177.39822,315.99966,349.84958,229.52246,79.34379,396.74484,139.54573,87.60458
1830,15.242,342.89764,177.03874,316.56808,349.65112,229.28847,79.43285,396.74365,139.2265,87.70116
1831,15.25,342.85251,176.90356,316.53439,349.50009,229.10654,79.57476,396.74484,139.54573,87.60458
1832,15.258,342.78143,176.82867,316.62515,349.50009,229.10654,79.57476,396.53745,139.26485,87.54451
1833,15.267,342.78143,176.82867,316.62515,349.65112,229.28847,79.43285,396.57794,139.2366,87.37022
1834,15.275,342.77545,176.53502,316.52994,349.54236,229.4361,79.32133,396.50769,139.11378,87.30485
1835,15.283,343.00122,176.21994,316.38104,349.50009,229.10654,79.57476,396.53745,139.26485,87.54451
1836,15.292,342.7981,175.59206,316.62289,349.50009,229.10654,79.57476,396.50769,139.11378,87.30485
1837,15.3,343.19885,175.58846,316.3681,349.65112,229.28847,79.43285,396.53113,138.86409,87.24904
1838,15.308,343.30273,175.51587,316.30255,349.84958,229.52246,79.34379,396.53113,138.86409,87.24904
1839,15.317,343.19885,175.58846,316.3681,349.6908,229.12408,79.34159,396.71387,139.07542,87.46151
1840,15.325,342.98816,175.15909,316.51617,349.39136,229.25417,79.46323,396.50769,139.11378,87.30485
1841,15.333,342.79053,175.79074,316.52908,349.39136,229.25417,79.46323,396.71387,139.07542,87.46151
1842,15.342,343.00122,176.21994,316.38104,349.54236,229.4361,79.32133,396.71387,139.07542,87.46151
1843,15.35,343.05798,176.67717,316.07343,349.74084,229.67009,79.23226,396.78415,139.19824,87.52689
1844,15.358,343.17581,176.76842,316.15521,349.74084,229.67009,79.23226,396.57794,139.2366,87.37022
1845,15.367,343.17581,176.76842,316.15521,349.54236,229.4361,79.32133,396.57214,139.50735,87.31875
1846,15.375,343.05798,176.67717,316.07343,349.74084,229.67009,79.23226,396.60138,138.98688,87.31441
1847,15.383,343.17581,176.76842,316.15521,349.74084,229.67009,79.23226,396.53745,139.26485,87.54451
1848,15.392,343.17581,176.76842,316.15521,349.74084,229.67009,79.23226,396.74365,139.2265,87.70116
1849,15.4,343.17581,176.76842,316.15521,349.54236,229.4361,79.32133,396.74365,139.2265,87.70116
1850,15.408,343.02716,176.72072,316.61224,349.54236,229.4361,79.32133,396.78415,139.19824,87.52689
1851,15.417,343.17581,176.76842,316.15521,349.74084,229.67009,79.23226,396.78415,139.19824,87.52689
1852,15.425,342.91415,176.60533,316.00293,349.74084,229.67009,79.23226,396.71387,139.07542,87.46151
1853,15.433,342.95151,176.88396,316.10101,349.74084,229.67009,79.23226,396.57794,139.2366,87.37022
1854,15.442,342.51971,176.6656,316.47287,349.74084,229.67009,79.23226,396.78415,139.19824,87.52689
1855,15.45,342.98987,176.44206,316.51425,349.54236,229.4361,79.32133,396.71387,139.07542,87.46151
1856,15.458,342.97437,176.30913,316.45483,349.54236,229.4361,79.32133,396.53113,138.86409,87.24904
1857,15.467,342.97437,176.30913,316.45483,349.54236,229.4361,79.32133,396.73727,138.82571,87.40569
1858,15.475,342.97437,176.30913,316.45483,349.54236,229.4361,79.32133,396.78415,139.19824,87.52689
1859,15.483,342.76547,176.55765,316.45999,349.39136,229.25417,79.46323,396.71387,139.07542,87.46151
1860,15.492,342.98987,176.44206,316.51425,349.39136,229.25417,79.46323,396.78415,139.19824,87.52689
1861,15.5,343.05798,176.67717,316.07343,349.74084,229.67009,79.23226,396.71387,139.07542,87.46151
1862,15.508,342.91415,176.60533,316.00293,349.74084,229.67009,79.23226,396.71387,139.07542,87.46151
1863,15.517,343.1337,176.51389,316.58475,349.39136,229.25417,79.46323,396.71387,139.07542,87.46151
1864,15.525,343.25153,176.60512,316.66647,349.39136,229.25417,79.46323,396.78415,139.19824,87.52689
1865,15.533,343.25153,176.60512,316.66647,349.39136,229.25417,79.46323,396.80756,138.94852,87.47106
1866,15.542,343.17581,176.76842,316.15521,349.54236,229.4361,79.32133,396.78415,139.19824,87.52689
1867,15.55,343.24686,176.84331,316.06445,349.54236,229.4361,79.32133,396.57794,139.2366,87.37022
1868,15.558,343.36765,176.81517,316.60944,349.39136,229.25417,79.46323,396.78415,139.19824,87.52689
1869,15.567,343.32257,176.68001,316.57574,349.39136,229.25417,79.46323,396.78415,139.19824,87.52689
1870,15.575,343.24686,176.84331,316.06445,349.39136,229.25417,79.46323,396.78415,139.19824,87.52689
1871,15.583,343.24686,176.84331,316.06445,349.39136,229.25417,79.46323,396.78415,139.19824,87.52689
1872,15.592,343.32257,176.68001,316.57574,349.39136,229.25417,79.46323,396.78415,139.19824,87.52689
1873,15.6,343.25153,176.60512,316.66647,349.39136,229.25417,79.46323,396.71387,139.07542,87.46151
1874,15.608,343.25153,176.60512,316.66647,349.39136,229.25417,79.46323,396.78415,139.19824,87.52689
1875,15.617,343.1337,176.51389,316.58475,349.39136,229.25417,79.46323,396.78415,139.19824,87.52689
1876,15.625,343.25153,176.60512,316.66647,349.39136,229.25417,79.46323,396.50769,139.11378,87.30485
1877,15.633,342.7637,175.87993,316.60287,349.50009,229.10654,79.57476,396.50769,139.11378,87.30485
1878,15.642,342.87198,175.43689,316.51733,349.50009,229.10654,79.57476,396.53113,138.86409,87.24904
1879,15.65,342.98816,175.15909,316.51617,349.53979,228.94214,79.48351,396.53113,138.86409,87.24904
1880,15.658,343.19885,175.58846,316.3681,349.53979,228.94214,79.48351,396.50769,139.11378,87.30485
1881,15.667,343.09207,175.0865,316.45062,349.50009,229.10654,79.57476,396.50769,139.11378,87.30485
1882,15.675,342.98816,175.15909,316.51617,349.50009,229.10654,79.57476,396.50769,139.11378,87.30485
1883,15.683,342.98816,175.15909,316.51617,349.50009,229.10654,79.57476,396.73727,138.82571,87.40569
1884,15.692,342.86444,175.63557,316.42352,349.53979,228.94214,79.48351,396.73727,138.82571,87.40569
1885,15.7,343.15726,176.42139,316.51202,349.50009,229.10654,79.57476,396.57794,139.2366,87.37022
1886,15.708,343.25153,176.60512,316.66647,349.50009,229.10654,79.57476,396.57794,139.2366,87.37022
1887,15.717,343.25153,176.60512,316.66647,349.50009,229.10654,79.57476,396.57214,139.50735,87.31875
1888,15.725,343.32257,176.68001,316.57574,349.50009,229.10654,79.57476,396.57794,139.2366,87.37022
1889,15.733,343.32257,176.68001,316.57574,349.65112,229.28847,79.43285,396.57794,139.2366,87.37022
1890,15.742,342.86929,177.39822,315.99966,349.65112,229.28847,79.43285,396.53745,139.26485,87.54451
1891,15.75,342.94492,177.23505,316.51083,349.50009,229.10654,79.57476,396.57214,139.50735,87.31875
1892,15.758,342.94492,177.23505,316.51083,349.50009,229.10654,79.57476,396.74484,139.54573,87.60458
1893,15.767,342.86929,177.39822,315.99966,349.50009,229.10654,79.57476,396.74484,139.54573,87.60458
1894,15.775,343.12491,177.26773,316.05664,349.84958,229.52246,79.34379,396.74484,139.54573,87.60458
1895,15.783,343.12491,177.26773,316.05664,349.84958,229.52246,79.34379,396.5386,139.58411,87.44789
1896,15.792,343.12491,177.26773,316.05664,349.50009,229.10654,79.57476,396.57214,139.50735,87.31875
1897,15.8,343.15332,176.90814,316.62512,349.50009,229.10654,79.57476,396.57794,139.2366,87.37022
1898,15.808,343.25153,176.60512,316.66647,349.50009,229.10654,79.57476,396.53745,139.26485,87.54451
1899,15.817,343.25153,176.60512,316.66647,349.84958,229.52246,79.34379,396.50769,139.11378,87.30485
1900,15.825,343.10944,176.53207,316.59521,349.84958,229.52246,79.34379,396.57794,139.2366,87.37022
1901,15.833,343.21393,176.12041,316.33334,349.50009,229.10654,79.57476,396.50769,139.11378,87.30485
1902,15.842,343.19885,175.58846,316.3681,349.50009,229.10654,79.57476,396.80756,138.94852,87.47106
1903,15.85,343.30273,175.51587,316.30255,349.65112,229.28847,79.43285,396.78415,139.19824,87.52689
1904,15.858,343.30273,175.51587,316.30255,349.54236,229.4361,79.32133,396.71387,139.07542,87.46151
1905,15.867,343.19885,175.58846,316.3681,349.64572,229.20894,79.49313,396.50769,139.11378,87.30485
1906,15.875,342.98816,175.15909,316.51617,349.50009,229.10654,79.57476,396.53113,138.86409,87.24904
1907,15.883,343.12494,175.74359,316.47366,349.65112,229.28847,79.43285,396.73727,138.82571,87.40569
1908,15.892,343.19135,175.78708,316.27429,349.74084,229.67009,79.23226,396.71387,139.07542,87.46151
1909,15.9,342.89865,176.47238,315.94351,349.74084,229.67009,79.23226,396.78415,139.19824,87.52689
1910,15.908,343.25153,176.60512,316.66647,349.54236,229.4361,79.32133,396.57794,139.2366,87.37022
1911,15.917,343.1337,176.51389,316.58475,349.39136,229.25417,79.46323,396.57794,139.2366,87.37022
1912,15.925,343.17581,176.76842,316.15521,349.54236,229.4361,79.32133,396.78415,139.19824,87.52689
1913,15.933,343.24686,176.84331,316.06445,349.74084,229.67009,79.23226,396.78415,139.19824,87.52689
1914,15.942,342.86929,177.39822,315.99966,349.74084,229.67009,79.23226,396.74365,139.2265,87.70116
1915,15.95,342.86929,177.39822,315.99966,349.74084,229.67009,79.23226,396.74365,139.2265,87.70116
1916,15.958,342.86929,177.39822,315.99966,349.74084,229.67009,79.23226,396.74365,139.2265,87.70116
1917,15.967,342.86929,177.39822,315.99966,349.74084,229.67009,79.23226,396.77835,139.46898,87.47543
1918,15.975,342.86929,177.39822,315.99966,349.74084,229.67009,79.23226,396.74484,139.54573,87.60458
1919,15.983,342.86929,177.39822,315.99966,349.74084,229.67009,79.23226,396.56827,139.6232,87.564
1920,15.992,342.89764,177.03874,316.56808,349.54236,229.4361,79.32133,396.5386,139.58411,87.44789
1921,16,343.22092,176.90358,316.18893,349.74084,229.67009,79.23226,396.74484,139.54573,87.60458
1922,16.008,343.17581,176.76842,316.15521,349.74084,229.67009,79.23226,396.74365,139.2265,87.70116
1923,16.017,343.17581,176.76842,316.15521,349.74084,229.67009,79.23226,396.74365,139.2265,87.70116
1924,16.025,343.25153,176.60512,316.66647,349.74084,229.67009,79.23226,396.78415,139.19824,87.52689
1925,16.033,343.1337,176.51389,316.58475,349.54236,229.4361,79.32133,396.73727,138.82571,87.40569
1926,16.042,343.14505,176.29175,316.45154,349.39136,229.25417,79.46323,396.80756,138.94852,87.47106
1927,16.05,343.10513,176.14735,316.31549,349.54236,229.4361,79.32133,396.71387,139.07542,87.46151
1928,16.058,343.14505,176.29175,316.45154,349.39136,229.25417,79.46323,396.50769,139.11378,87.30485
1929,16.067,343.00122,176.21994,316.38104,349.39136,229.25417,79.46323,396.53113,138.86409,87.24904
1930,16.075,343.15726,176.42139,316.51202,349.39136,229.25417,79.46323,396.60138,138.98688,87.31441
1931,16.083,343.14505,176.29175,316.45154,349.54236,229.4361,79.32133,396.71387,139.07542,87.46151
1932,16.092,343.1337,176.51389,316.58475,349.39136,229.25417,79.46323,396.71387,139.07542,87.46151
1933,16.1,342.85251,176.90356,316.53439,349.39136,229.25417,79.46323,396.78415,139.19824,87.52689
1934,16.108,342.85251,176.90356,316.53439,349.39136,229.25417,79.46323,396.76825,139.29599,87.54875
1935,16.117,342.85251,176.90356,316.53439,349.39136,229.25417,79.46323,396.56088,139.01512,87.4887
1936,16.125,342.86929,177.39822,315.99966,349.39136,229.25417,79.46323,396.74365,139.2265,87.70116
1937,16.133,342.86929,177.39822,315.99966,349.39136,229.25417,79.46323,396.74484,139.54573,87.60458
1938,16.142,342.94492,177.23505,316.51083,349.39136,229.25417,79.46323,396.74484,139.54573,87.60458
1939,16.15,342.94492,177.23505,316.51083,349.39136,229.25417,79.46323,396.56827,139.6232,87.564
1940,16.158,342.94492,177.23505,316.51083,349.39136,229.25417,79.46323,396.5386,139.58411,87.44789
1941,16.167,342.86929,177.39822,315.99966,349.39136,229.25417,79.46323,396.53745,139.26485,87.54451
1942,16.175,342.86929,177.39822,315.99966,349.50009,229.10654,79.57476,396.53745,139.26485,87.54451
1943,16.183,343.15332,176.90814,316.62512,349.39136,229.25417,79.46323,396.74365,139.2265,87.70116
1944,16.192,343.25153,176.60512,316.66647,349.50009,229.10654,79.57476,396.67337,139.10368,87.6358
1945,16.2,343.32257,176.68001,316.57574,349.50009,229.10654,79.57476,396.74365,139.2265,87.70116
1946,16.208,343.25153,176.60512,316.66647,349.39136,229.25417,79.46323,396.78415,139.19824,87.52689
1947,16.217,343.25153,176.60512,316.66647,349.50009,229.10654,79.57476,396.78415,139.19824,87.52689
1948,16.225,343.25153,176.60512,316.66647,349.50009,229.10654,79.57476,396.50769,139.11378,87.30485
1949,16.233,343.25153,176.60512,316.66647,349.50009,229.10654,79.57476,396.67566,138.58531,87.45048
1950,16.242,343.27509,176.51262,316.59378,349.50009,229.10654,79.57476,396.53113,138.86409,87.24904
1951,16.25,343.25153,176.60512,316.66647,349.50009,229.10654,79.57476,396.57794,139.2366,87.37022
1952,16.258,342.923,176.08469,316.73276,349.50009,229.10654,79.57476,396.57794,139.2366,87.37022
1953,16.267,342.91931,176.60686,316.6004,349.50009,229.10654,79.57476,396.50769,139.11378,87.30485
1954,16.275,342.66357,176.73743,316.54337,349.50009,229.10654,79.57476,396.50769,139.11378,87.30485
1955,16.283,342.78143,176.82867,316.62515,349.50009,229.10654,79.57476,396.77835,139.46898,87.47543
1956,16.292,342.78143,176.82867,316.62515,349.50009,229.10654,79.57476,396.74484,139.54573,87.60458
1957,16.3,342.63931,176.75562,316.55386,349.50009,229.10654,79.57476,396.78415,139.19824,87.52689
1958,16.308,342.75095,177.12706,316.14764,349.50009,229.10654,79.57476,396.74484,139.54573,87.60458
1959,16.317,342.75095,177.12706,316.14764,349.84958,229.52246,79.34379,396.5386,139.58411,87.44789
1960,16.325,342.79822,177.32332,316.09042,349.84958,229.52246,79.34379,396.53745,139.26485,87.54451
1961,16.333,342.86929,177.39822,315.99966,349.54236,229.4361,79.32133,396.5386,139.58411,87.44789
1962,16.342,342.89764,177.03874,316.56808,349.39136,229.25417,79.46323,396.74484,139.54573,87.60458
1963,16.35,342.70581,176.99188,316.11392,349.54236,229.4361,79.32133,396.57794,139.2366,87.37022
1964,16.358,342.70581,176.99188,316.11392,349.74084,229.67009,79.23226,396.77332,139.26561,87.81726
1965,16.367,342.70581,176.99188,316.11392,349.74084,229.67009,79.23226,396.74365,139.2265,87.70116
1966,16.375,343.25153,176.60512,316.66647,349.54236,229.4361,79.32133,396.70807,139.34615,87.41006
1967,16.383,343.10944,176.53207,316.59521,349.65112,229.28847,79.43285,396.80756,138.94852,87.47106
1968,16.392,343.15726,176.42139,316.51202,349.65112,229.28847,79.43285,396.80756,138.94852,87.47106
1969,16.4,343.24896,176.21916,316.38599,349.74084,229.67009,79.23226,396.50769,139.11378,87.30485
1970,16.408,343.26126,176.01404,316.45035,349.54236,229.4361,79.32133,396.50769,139.11378,87.30485
1971,16.417,343.44153,175.57149,316.36044,349.39136,229.25417,79.46323,396.53113,138.86409,87.24904
1972,16.425,343.44153,175.57149,316.36044,349.39136,229.25417,79.46323,396.73727,138.82571,87.40569
1973,16.433,343.44153,175.57149,316.36044,349.54236,229.4361,79.32133,396.53113,138.86409,87.24904
1974,16.442,343.30273,175.51587,316.30255,349.54236,229.4361,79.32133,396.71387,139.07542,87.46151
1975,16.45,343.22134,175.86964,316.31433,349.54236,229.4361,79.32133,396.71387,139.07542,87.46151
1976,16.458,343.10944,176.53207,316.59521,349.54236,229.4361,79.32133,396.71387,139.07542,87.46151
1977,16.467,343.1337,176.51389,316.58475,349.54236,229.4361,79.32133,396.73727,138.82571,87.40569
1978,16.475,343.03369,176.69534,316.08392,349.74084,229.67009,79.23226,396.73727,138.82571,87.40569
1979,16.483,343.17581,176.76842,316.15521,349.74084,229.67009,79.23226,396.77835,139.46898,87.47543
1980,16.492,343.02255,176.95885,316.01025,349.54236,229.4361,79.32133,396.57794,139.2366,87.37022
1981,16.5,343.02255,176.95885,316.01025,349.54236,229.4361,79.32133,396.53745,139.26485,87.54451
1982,16.508,342.77689,177.06679,316.02316,349.74084,229.67009,79.23226,396.74365,139.2265,87.70116
1983,16.517,342.70581,176.99188,316.11392,349.74084,229.67009,79.23226,396.74484,139.54573,87.60458
1984,16.525,342.70581,176.99188,316.11392,349.54236,229.4361,79.32133,396.74484,139.54573,87.60458
1985,16.533,342.77689,177.06679,316.02316,349.54236,229.4361,79.32133,396.74365,139.2265,87.70116
1986,16.542,342.77689,177.06679,316.02316,349.74084,229.67009,79.23226,396.74365,139.2265,87.70116
1987,16.55,342.70581,176.99188,316.11392,349.74084,229.67009,79.23226,396.74365,139.2265,87.70116
1988,16.558,343.17581,176.76842,316.15521,349.74084,229.67009,79.23226,396.78415,139.19824,87.52689
1989,16.567,343.25153,176.60512,316.66647,349.39136,229.25417,79.46323,396.71387,139.07542,87.46151
1990,16.575,343.25153,176.60512,316.66647,349.39136,229.25417,79.46323,396.50769,139.11378,87.30485
1991,16.583,343.11819,176.38095,316.5253,349.54236,229.4361,79.32133,396.46719,139.14204,87.47914
1992,16.592,343.1871,176.20958,316.40714,349.54236,229.4361,79.32133,396.50769,139.11378,87.30485
1993,16.6,343.01343,176.34956,316.44153,349.39136,229.25417,79.46323,396.53113,138.86409,87.24904
1994,16.608,342.91428,175.31424,316.6217,349.39136,229.25417,79.46323,396.73727,138.82571,87.40569
1995,16.617,343.26874,175.8154,316.54413,349.39136,229.25417,79.46323,396.73727,138.82571,87.40569
1996,16.625,343.07513,176.06477,316.27545,349.59784,229.49663,79.38301,396.73727,138.82571,87.40569
1997,16.633,343.09393,176.39912,316.5358,349.54236,229.4361,79.32133,396.71387,139.07542,87.46151
1998,16.642,342.98987,176.44206,316.51425,349.43103,229.08977,79.37197,396.50769,139.11378,87.30485
1999,16.65,342.77921,176.01288,316.66229,349.39136,229.25417,79.46323,396.71387,139.07542,87.46151
2000,16.658,342.57068,176.39952,316.77313,349.39136,229.25417,79.46323,396.53113,138.86409,87.24904
2001,16.667,342.78143,176.82867,316.62515,349.39136,229.25417,79.46323,396.78415,139.19824,87.52689
2002,16.675,342.78143,176.82867,316.62515,349.39136,229.25417,79.46323,396.57794,139.2366,87.37022
2003,16.683,342.78143,176.82867,316.62515,349.39136,229.25417,79.46323,396.74365,139.2265,87.70116
2004,16.692,342.78143,176.82867,316.62515,349.50009,229.10654,79.57476,396.78415,139.19824,87.52689
2005,16.7,342.78143,176.82867,316.62515,349.50009,229.10654,79.57476,396.67337,139.10368,87.6358
2006,16.708,342.68445,176.89076,316.58759,349.54236,229.4361,79.32133,396.74484,139.54573,87.60458
2007,16.717,342.68445,176.89076,316.58759,349.39136,229.25417,79.46323,396.53745,139.26485,87.54451
2008,16.725,342.63931,176.75562,316.55386,349.39136,229.25417,79.46323,396.53745,139.26485,87.54451
2009,16.733,342.57068,176.39952,316.77313,349.39136,229.25417,79.46323,396.53745,139.26485,87.54451
2010,16.742,342.78143,176.82867,316.62515,349.50009,229.10654,79.57476,396.74484,139.54573,87.60458
2011,16.75,342.78143,176.82867,316.62515,349.50009,229.10654,79.57476,396.5386,139.58411,87.44789
2012,16.758,342.78143,176.82867,316.62515,349.50009,229.10654,79.57476,396.53745,139.26485,87.54451
2013,16.767,343.25153,176.60512,316.66647,349.50009,229.10654,79.57476,396.53745,139.26485,87.54451
2014,16.775,343.25153,176.60512,316.66647,349.50009,229.10654,79.57476,396.60138,138.98688,87.31441
2015,16.783,343.25153,176.60512,316.66647,349.50009,229.10654,79.57476,396.60138,138.98688,87.31441
2016,16.792,343.35544,176.53253,316.60095,349.50009,229.10654,79.57476,396.50769,139.11378,87.30485
2017,16.8,343.1337,176.51389,316.58475,349.50009,229.10654,79.57476,396.71387,139.07542,87.46151
2018,16.808,343.23605,176.47217,316.60706,349.50009,229.10654,79.57476,396.71387,139.07542,87.46151
2019,16.817,343.25153,176.60512,316.66647,349.50009,229.10654,79.57476,396.50769,139.11378,87.30485
2020,16.825,343.1337,176.51389,316.58475,349.50009,229.10654,79.57476,396.60541,138.46255,87.3851
2021,16.833,343.25153,176.60512,316.66647,349.50009,229.10654,79.57476,396.53113,138.86409,87.24904
2022,16.842,343.25153,176.60512,316.66647,349.50009,229.10654,79.57476,396.57794,139.2366,87.37022
2023,16.85,342.78143,176.82867,316.62515,349.50009,229.10654,79.57476,396.57794,139.2366,87.37022
2024,16.858,342.66357,176.73743,316.54337,349.39136,229.25417,79.46323,396.57794,139.2366,87.37022
2025,16.867,342.70581,176.99188,316.11392,349.54236,229.4361,79.32133,396.78415,139.19824,87.52689
2026,16.875,342.56366,176.91882,316.04263,349.39136,229.25417,79.46323,396.78415,139.19824,87.52689
2027,16.883,342.66357,176.73743,316.54337,349.50009,229.10654,79.57476,396.74365,139.2265,87.70116
2028,16.892,342.56366,176.91882,316.04263,349.65112,229.28847,79.43285,396.74365,139.2265,87.70116
2029,16.9,342.56366,176.91882,316.04263,349.84958,229.52246,79.34379,396.53745,139.26485,87.54451
2030,16.908,342.70581,176.99188,316.11392,349.74084,229.67009,79.23226,396.74484,139.54573,87.60458
2031,16.917,342.56366,176.91882,316.04263,349.74084,229.67009,79.23226,396.74484,139.54573,87.60458
2032,16.925,342.56366,176.91882,316.04263,349.74084,229.67009,79.23226,396.5386,139.58411,87.44789
2033,16.933,342.56366,176.91882,316.04263,349.54236,229.4361,79.32133,396.53745,139.26485,87.54451
2034,16.942,342.56366,176.91882,316.04263,349.54236,229.4361,79.32133,396.74365,139.2265,87.70116
2035,16.95,342.70581,176.99188,316.11392,349.74084,229.67009,79.23226,396.74365,139.2265,87.70116
2036,16.958,342.77689,177.06679,316.02316,349.74084,229.67009,79.23226,396.77835,139.46898,87.47543
2037,16.967,343.05798,176.67717,316.07343,349.78421,229.39383,78.99047,396.73727,138.82571,87.40569
2038,16.975,343.17581,176.76842,316.15521,349.74084,229.67009,79.23226,396.80756,138.94852,87.47106
2039,16.983,343.26425,176.56285,316.03021,349.74084,229.67009,79.23226,396.78415,139.19824,87.52689
2040,16.992,343.35544,176.53253,316.60095,349.74084,229.67009,79.23226,396.71387,139.07542,87.46151
2041,17,343.25153,176.60512,316.66647,349.54236,229.4361,79.32133,396.78415,139.19824,87.52689
2042,17.008,343.32257,176.68001,316.57574,349.54236,229.4361,79.32133,396.73727,138.82571,87.40569
2043,17.017,343.35077,176.77071,315.99893,349.74084,229.67009,79.23226,396.53113,138.86409,87.24904
2044,17.025,343.26425,176.56285,316.03021,349.74084,229.67009,79.23226,396.78415,139.19824,87.52689
2045,17.033,343.17581,176.76842,316.15521,349.54236,229.4361,79.32133,396.78415,139.19824,87.52689
2046,17.042,343.25153,176.60512,316.66647,349.54236,229.4361,79.32133,396.80176,139.21924,87.41961
2047,17.05,343.17581,176.76842,316.15521,349.74084,229.67009,79.23226,396.80756,138.94852,87.47106
2048,17.058,343.17581,176.76842,316.15521,349.74084,229.67009,79.23226,396.78415,139.19824,87.52689
2049,17.067,343.24686,176.84331,316.06445,349.54236,229.4361,79.32133,396.74365,139.2265,87.70116
2050,17.075,342.77689,177.06679,316.02316,349.54236,229.4361,79.32133,396.74365,139.2265,87.70116
2051,17.083,342.63474,176.9937,315.95187,349.54236,229.4361,79.32133,396.78415,139.19824,87.52689
2052,17.092,342.70581,176.99188,316.11392,349.74084,229.67009,79.23226,396.78415,139.19824,87.52689
2053,17.1,342.70581,176.99188,316.11392,349.74084,229.67009,79.23226,396.53745,139.26485,87.54451
2054,17.108,342.70581,176.99188,316.11392,349.54236,229.4361,79.32133,396.78415,139.19824,87.52689
2055,17.117,342.78143,176.82867,316.62515,349.39136,229.25417,79.46323,396.74484,139.54573,87.60458
2056,17.125,342.78143,176.82867,316.62515,349.39136,229.25417,79.46323,396.72647,138.89307,87.69607
2057,17.133,342.80936,176.81088,316.02972,349.74084,229.67009,79.23226,396.78415,139.19824,87.52689
2058,17.142,343.05798,176.67717,316.07343,349.78055,229.50571,79.141,396.74484,139.54573,87.60458
2059,17.15,343.25153,176.60512,316.66647,349.54236,229.4361,79.32133,396.78415,139.19824,87.52689
2060,17.158,343.11819,176.38095,316.5253,349.43103,229.08977,79.37197,396.71387,139.07542,87.46151
2061,17.167,343.27509,176.51262,316.59378,349.39136,229.25417,79.46323,396.53113,138.86409,87.24904
2062,17.175,343.483,176.03267,316.46655,349.65112,229.28847,79.43285,396.53113,138.86409,87.24904
2063,17.183,343.47165,176.25481,316.59976,349.39136,229.25417,79.46323,396.50769,139.11378,87.30485
2064,17.192,343.5394,175.86674,316.3508,349.50009,229.10654,79.57476,396.50769,139.11378,87.30485
2065,17.2,343.44299,175.74068,316.51013,349.50009,229.10654,79.57476,396.53113,138.86409,87.24904
2066,17.208,343.55164,175.99635,316.41129,349.39136,229.25417,79.46323,396.53113,138.86409,87.24904
2067,17.217,343.483,176.03267,316.46655,349.49472,229.02698,79.63503,396.50769,139.11378,87.30485
2068,17.225,343.35544,176.53253,316.60095,349.50009,229.10654,79.57476,396.50769,139.11378,87.30485
2069,17.233,343.32257,176.68001,316.57574,349.50009,229.10654,79.57476,396.50769,139.11378,87.30485
2070,17.242,343.32257,176.68001,316.57574,349.50009,229.10654,79.57476,396.73727,138.82571,87.40569
2071,17.25,343.42648,176.60742,316.51022,349.50009,229.10654,79.57476,396.53113,138.86409,87.24904
2072,17.258,343.35544,176.53253,316.60095,349.53979,228.94214,79.48351,396.50769,139.11378,87.30485
2073,17.267,343.32257,176.68001,316.57574,349.53979,228.94214,79.48351,396.50769,139.11378,87.30485
2074,17.275,343.32257,176.68001,316.57574,349.50009,229.10654,79.57476,396.57794,139.2366,87.37022
2075,17.283,343.03714,176.69809,316.68216,349.50009,229.10654,79.57476,396.57794,139.2366,87.37022
2076,17.292,342.78143,176.82867,316.62515,349.50009,229.10654,79.57476,396.57794,139.2366,87.37022
2077,17.3,342.78143,176.82867,316.62515,349.50009,229.10654,79.57476,396.57794,139.2366,87.37022
2078,17.308,342.59079,176.74048,316.38211,349.50009,229.10654,79.57476,396.57794,139.2366,87.37022
2079,17.317,342.30899,176.23647,316.62088,349.50009,229.10654,79.57476,396.53745,139.26485,87.54451
2080,17.325,342.30899,176.23647,316.62088,349.50009,229.10654,79.57476,396.77835,139.46898,87.47543
2081,17.333,342.51971,176.6656,316.47287,349.50009,229.10654,79.57476,396.74365,139.2265,87.70116
2082,17.342,342.30899,176.23647,316.62088,349.39136,229.25417,79.46323,396.5386,139.58411,87.44789
2083,17.35,342.30899,176.23647,316.62088,349.39136,229.25417,79.46323,396.57794,139.2366,87.37022
2084,17.358,342.30899,176.23647,316.62088,349.50009,229.10654,79.57476,396.5386,139.58411,87.44789
2085,17.367,342.50421,176.53267,316.41345,349.50009,229.10654,79.57476,396.57794,139.2366,87.37022
2086,17.375,342.51971,176.6656,316.47287,349.74084,229.67009,79.23226,396.53745,139.26485,87.54451
2087,17.383,342.51971,176.6656,316.47287,349.39136,229.25417,79.46323,396.78415,139.19824,87.52689
2088,17.392,342.51971,176.6656,316.47287,349.50009,229.10654,79.57476,396.74484,139.54573,87.60458
2089,17.4,342.51971,176.6656,316.47287,349.50009,229.10654,79.57476,396.78415,139.19824,87.52689
2090,17.408,343.03714,176.69809,316.68216,349.65112,229.28847,79.43285,396.74365,139.2265,87.70116
2091,17.417,343.25153,176.60512,316.66647,349.78055,229.50571,79.141,396.53745,139.26485,87.54451
2092,17.425,342.85251,176.90356,316.53439,349.78055,229.50571,79.141,396.67456,139.4229,87.53921
2093,17.433,343.10822,176.77298,316.59143,349.54236,229.4361,79.32133,396.74365,139.2265,87.70116
2094,17.442,343.29196,176.97849,316.09818,349.54236,229.4361,79.32133,396.78415,139.19824,87.52689
2095,17.45,343.3392,177.17477,316.04092,349.54236,229.4361,79.32133,396.53745,139.26485,87.54451
2096,17.458,343.3392,177.17477,316.04092,349.54236,229.4361,79.32133,396.78415,139.19824,87.52689
2097,17.467,343.3392,177.17477,316.04092,349.39136,229.25417,79.46323,396.78415,139.19824,87.52689
2098,17.475,343.3392,177.17477,316.04092,349.74084,229.67009,79.23226,396.77835,139.46898,87.47543
2099,17.483,343.3392,177.17477,316.04092,349.74084,229.67009,79.23226,396.74484,139.54573,87.60458
2100,17.492,343.3392,177.17477,316.04092,349.74084,229.67009,79.23226,396.74365,139.2265,87.70116
2101,17.5,343.3392,177.17477,316.04092,349.74084,229.67009,79.23226,396.77835,139.46898,87.47543
2102,17.508,343.29196,176.97849,316.09818,349.54236,229.4361,79.32133,396.78415,139.19824,87.52689
2103,17.517,343.24686,176.84331,316.06445,349.54236,229.4361,79.32133,396.77835,139.46898,87.47543
2104,17.525,343.17581,176.76842,316.15521,349.74084,229.67009,79.23226,396.78415,139.19824,87.52689
2105,17.533,343.17581,176.76842,316.15521,349.74084,229.67009,79.23226,396.71387,139.07542,87.46151
2106,17.542,342.95151,176.88396,316.10101,349.74084,229.67009,79.23226,396.50769,139.11378,87.30485
2107,17.55,342.91415,176.60533,316.00293,349.74084,229.67009,79.23226,396.73727,138.82571,87.40569
2108,17.558,342.92548,176.38319,315.86969,349.74084,229.67009,79.23226,396.73727,138.82571,87.40569
2109,17.567,342.99942,176.22801,315.76407,349.74084,229.67009,79.23226,396.71387,139.07542,87.46151
2110,17.575,343.19885,175.58846,316.3681,349.54236,229.4361,79.32133,396.71387,139.07542,87.46151
2111,17.583,342.98816,175.15909,316.51617,349.39136,229.25417,79.46323,396.71387,139.07542,87.46151
2112,17.592,343.30273,175.51587,316.30255,349.62543,228.99545,78.98829,396.73727,138.82571,87.40569
2113,17.6,343.30273,175.51587,316.30255,349.82391,229.22946,78.89921,396.73727,138.82571,87.40569
2114,17.608,343.30273,175.51587,316.30255,349.74084,229.67009,79.23226,396.73727,138.82571,87.40569
2115,17.617,343.44153,175.57149,316.36044,349.54236,229.4361,79.32133,396.50769,139.11378,87.30485
2116,17.625,343.30273,175.51587,316.30255,349.43103,229.08977,79.37197,396.50769,139.11378,87.30485
2117,17.633,343.36517,175.94145,316.3848,349.39136,229.25417,79.46323,396.53113,138.86409,87.24904
2118,17.642,343.16034,176.63545,316.09576,349.58206,229.27171,79.23006,396.53113,138.86409,87.24904
2119,17.65,343.17581,176.76842,316.15521,349.54236,229.4361,79.32133,396.71387,139.07542,87.46151
2120,17.658,343.25153,176.60512,316.66647,349.54236,229.4361,79.32133,396.78415,139.19824,87.52689
2121,17.667,343.25153,176.60512,316.66647,349.39136,229.25417,79.46323,396.78415,139.19824,87.52689
2122,17.675,343.24686,176.84331,316.06445,349.74084,229.67009,79.23226,396.78415,139.19824,87.52689
2123,17.683,343.24686,176.84331,316.06445,349.74084,229.67009,79.23226,396.78415,139.19824,87.52689
2124,17.692,343.02716,176.72072,316.61224,349.54236,229.4361,79.32133,396.57214,139.50735,87.31875
2125,17.7,342.78143,176.82867,316.62515,349.39136,229.25417,79.46323,396.53745,139.26485,87.54451
2126,17.708,342.82657,176.96384,316.65884,349.39136,229.25417,79.46323,396.57794,139.2366,87.37022
2127,17.717,342.70581,176.99188,316.11392,349.54236,229.4361,79.32133,396.78415,139.19824,87.52689
2128,17.725,342.66357,176.73743,316.54337,349.39136,229.25417,79.46323,396.56711,139.30394,87.66061
2129,17.733,342.51971,176.6656,316.47287,349.39136,229.25417,79.46323,396.53745,139.26485,87.54451
2130,17.742,342.51971,176.6656,316.47287,349.39136,229.25417,79.46323,396.57794,139.2366,87.37022
2131,17.75,342.53104,176.44348,316.33966,349.39136,229.25417,79.46323,396.53113,138.86409,87.24904
2132,17.758,342.7868,176.31291,316.3967,349.39136,229.25417,79.46323,396.50769,139.11378,87.30485
2133,17.767,342.40167,175.66055,316.47592,349.39136,229.25417,79.46323,396.50769,139.11378,87.30485
2134,17.775,342.51785,175.38278,316.47473,349.39136,229.25417,79.46323,396.50769,139.11378,87.30485
2135,17.783,342.91428,175.31424,316.6217,349.50009,229.10654,79.57476,396.50769,139.11378,87.30485
2136,17.792,342.98816,175.15909,316.51617,349.50009,229.10654,79.57476,396.53113,138.86409,87.24904
2137,17.8,342.90674,175.51294,316.52789,349.50009,229.10654,79.57476,396.53113,138.86409,87.24904
2138,17.808,342.91428,175.31424,316.6217,349.50009,229.10654,79.57476,396.50769,139.11378,87.30485
2139,17.817,342.29349,176.10353,316.56146,349.50009,229.10654,79.57476,396.50769,139.11378,87.30485
2140,17.825,342.58832,176.01335,316.60526,349.50009,229.10654,79.57476,396.50769,139.11378,87.30485
2141,17.833,343.15726,176.42139,316.51202,349.50009,229.10654,79.57476,396.57794,139.2366,87.37022
2142,17.842,343.32257,176.68001,316.57574,349.50009,229.10654,79.57476,396.78415,139.19824,87.52689
2143,17.85,343.32257,176.68001,316.57574,349.50009,229.10654,79.57476,396.78415,139.19824,87.52689
2144,17.858,343.36765,176.81517,316.60944,349.50009,229.10654,79.57476,396.46719,139.14204,87.47914
2145,17.867,343.15332,176.90814,316.62512,349.50009,229.10654,79.57476,396.53745,139.26485,87.54451
2146,17.875,343.20053,177.10448,316.56787,349.50009,229.10654,79.57476,396.5386,139.58411,87.44789
2147,17.883,342.94492,177.23505,316.51083,349.39136,229.25417,79.46323,396.5386,139.58411,87.44789
2148,17.892,342.94492,177.23505,316.51083,349.39136,229.25417,79.46323,396.53745,139.26485,87.54451
2149,17.9,343.20053,177.10448,316.56787,349.50009,229.10654,79.57476,396.74484,139.54573,87.60458
2150,17.908,342.89764,177.03874,316.56808,349.50009,229.10654,79.57476,396.74484,139.54573,87.60458
2151,17.917,343.03253,176.93626,316.08017,349.65112,229.28847,79.43285,396.74365,139.2265,87.70116
2152,17.925,343.10822,176.77298,316.59143,349.39136,229.25417,79.46323,396.74484,139.54573,87.60458
2153,17.933,342.85251,176.90356,316.53439,349.39136,229.25417,79.46323,396.74365,139.2265,87.70116
2154,17.942,342.56476,176.10585,316.67795,349.50009,229.10654,79.57476,396.71387,139.07542,87.46151
2155,17.95,342.97437,176.30913,316.45483,349.50009,229.10654,79.57476,396.57794,139.2366,87.37022
2156,17.958,343.00122,176.21994,316.38104,349.39136,229.25417,79.46323,396.50769,139.11378,87.30485
2157,17.967,342.7981,175.59206,316.62289,349.53979,228.94214,79.48351,396.71387,139.07542,87.46151
2158,17.975,342.98816,175.15909,316.51617,349.50009,229.10654,79.57476,396.73727,138.82571,87.40569
2159,17.983,342.98816,175.15909,316.51617,349.65112,229.28847,79.43285,396.73727,138.82571,87.40569
2160,17.992,343.12494,175.74359,316.47366,349.88928,229.35809,79.25253,396.71387,139.07542,87.46151
2161,18,343.30273,175.51587,316.30255,349.54236,229.4361,79.32133,396.71387,139.07542,87.46151
2162,18.008,342.87198,175.43689,316.51733,349.43103,229.08977,79.37197,396.71387,139.07542,87.46151
2163,18.017,342.7981,175.59206,316.62289,349.39136,229.25417,79.46323,396.73727,138.82571,87.40569
2164,18.025,343.11819,176.38095,316.5253,349.54236,229.4361,79.32133,396.73727,138.82571,87.40569
2165,18.033,343.17581,176.76842,316.15521,349.74084,229.67009,79.23226,396.57794,139.2366,87.37022
2166,18.042,343.17581,176.76842,316.15521,349.74084,229.67009,79.23226,396.78415,139.19824,87.52689
2167,18.05,343.02255,176.95885,316.01025,349.74084,229.67009,79.23226,396.77835,139.46898,87.47543
2168,18.058,343.24686,176.84331,316.06445,349.54236,229.4361,79.32133,396.78415,139.19824,87.52689
2169,18.067,343.24686,176.84331,316.06445,349.74084,229.67009,79.23226,396.78415,139.19824,87.52689
2170,18.075,343.04388,177.21539,316.07748,349.74084,229.67009,79.23226,396.74365,139.2265,87.70116
2171,18.083,343.3392,177.17477,316.04092,349.74084,229.67009,79.23226,396.78415,139.19824,87.52689
2172,18.092,343.3392,177.17477,316.04092,349.74084,229.67009,79.23226,396.74365,139.2265,87.70116
2173,18.1,343.26816,177.09988,316.13168,349.74084,229.67009,79.23226,396.83023,139.55182,87.79752
2174,18.108,343.11493,177.2903,315.98676,349.74084,229.67009,79.23226,396.74365,139.2265,87.70116
2175,18.117,343.29196,176.97849,316.09818,349.74084,229.67009,79.23226,396.80804,139.50809,87.59154
2176,18.125,343.22092,176.90358,316.18893,349.74084,229.67009,79.23226,396.86148,139.29753,87.7445
2177,18.133,343.17581,176.76842,316.15521,349.74084,229.67009,79.23226,396.74484,139.54573,87.60458
2178,18.142,343.17581,176.76842,316.15521,349.74084,229.67009,79.23226,396.80756,138.94852,87.47106
2179,18.15,343.17581,176.76842,316.15521,349.74084,229.67009,79.23226,396.78415,139.19824,87.52689
2180,18.158,343.06934,176.45502,315.94019,349.74084,229.67009,79.23226,396.71387,139.07542,87.46151
2181,18.167,343.00122,176.21994,316.38104,349.74084,229.67009,79.23226,396.78415,139.19824,87.52689
2182,18.175,343.19885,175.58846,316.3681,349.39136,229.25417,79.46323,396.71387,139.07542,87.46151
2183,18.183,343.19885,175.58846,316.3681,349.54236,229.4361,79.32133,396.50769,139.11378,87.30485
2184,18.192,343.30273,175.51587,316.30255,349.54236,229.4361,79.32133,396.71387,139.07542,87.46151
2185,18.2,343.09207,175.0865,316.45062,349.39136,229.25417,79.46323,396.50769,139.11378,87.30485
2186,18.208,342.98816,175.15909,316.51617,349.43103,229.08977,79.37197,396.53113,138.86409,87.24904
2187,18.217,343.19885,175.58846,316.3681,349.54236,229.4361,79.32133,396.53113,138.86409,87.24904
2188,18.225,343.11743,175.94221,316.37985,349.74084,229.67009,79.23226,396.50769,139.11378,87.30485
2189,18.233,343.00122,176.21994,316.38104,349.54236,229.4361,79.32133,396.50769,139.11378,87.30485
2190,18.242,342.77921,176.01288,316.66229,349.39136,229.25417,79.46323,396.50769,139.11378,87.30485
2191,18.25,342.45282,176.30829,316.69138,349.39136,229.25417,79.46323,396.50769,139.11378,87.30485
2192,18.258,342.78143,176.82867,316.62515,349.39136,229.25417,79.46323,396.57794,139.2366,87.37022
2193,18.267,342.70581,176.99188,316.11392,349.39136,229.25417,79.46323,396.50769,139.11378,87.30485
2194,18.275,342.77689,177.06679,316.02316,349.74084,229.67009,79.23226,396.57794,139.2366,87.37022
2195,18.283,342.89764,177.03874,316.56808,349.39136,229.25417,79.46323,396.53745,139.26485,87.54451
2196,18.292,342.94492,177.23505,316.51083,349.39136,229.25417,79.46323,396.74365,139.2265,87.70116
2197,18.3,342.94492,177.23505,316.51083,349.39136,229.25417,79.46323,396.5386,139.58411,87.44789
2198,18.308,342.94492,177.23505,316.51083,349.39136,229.25417,79.46323,396.53745,139.26485,87.54451
2199,18.317,342.94492,177.23505,316.51083,349.39136,229.25417,79.46323,396.53745,139.26485,87.54451
2200,18.325,342.94492,177.23505,316.51083,349.39136,229.25417,79.46323,396.53745,139.26485,87.54451
2201,18.333,343.15332,176.90814,316.62512,349.39136,229.25417,79.46323,396.74484,139.54573,87.60458
2202,18.342,343.32257,176.68001,316.57574,349.39136,229.25417,79.46323,396.74365,139.2265,87.70116
2203,18.35,343.32257,176.68001,316.57574,349.39136,229.25417,79.46323,396.78415,139.19824,87.52689
2204,18.358,343.25153,176.60512,316.66647,349.39136,229.25417,79.46323,396.50769,139.11378,87.30485
2205,18.367,343.31934,176.21701,316.41751,349.50009,229.10654,79.57476,396.57794,139.2366,87.37022
2206,18.375,343.17587,175.47723,316.77396,349.50009,229.10654,79.57476,396.53113,138.86409,87.24904
2207,18.383,343.23083,175.14211,316.50851,349.50009,229.10654,79.57476,396.53113,138.86409,87.24904
2208,18.392,343.44153,175.57149,316.36044,349.50009,229.10654,79.57476,396.53113,138.86409,87.24904
2209,18.4,343.30273,175.51587,316.30255,349.53979,228.94214,79.48351,396.53113,138.86409,87.24904
2210,18.408,343.09207,175.0865,316.45062,349.50009,229.10654,79.57476,396.50769,139.11378,87.30485
2211,18.417,343.09207,175.0865,316.45062,349.50009,229.10654,79.57476,396.50769,139.11378,87.30485
2212,18.425,343.09207,175.0865,316.45062,349.49472,229.02698,79.63503,396.73727,138.82571,87.40569
2213,18.433,342.91428,175.31424,316.6217,349.49472,229.02698,79.63503,396.73727,138.82571,87.40569
2214,18.442,342.87198,175.43689,316.51733,349.53979,228.94214,79.48351,396.73727,138.82571,87.40569
2215,18.45,342.57608,175.88373,316.54474,349.50009,229.10654,79.57476,396.71387,139.07542,87.46151
2216,18.458,342.51971,176.6656,316.47287,349.50009,229.10654,79.57476,396.78415,139.19824,87.52689
2217,18.467,342.63931,176.75562,316.55386,349.50009,229.10654,79.57476,396.57794,139.2366,87.37022
2218,18.475,342.51971,176.6656,316.47287,349.53979,228.94214,79.48351,396.57794,139.2366,87.37022
2219,18.483,342.73465,176.81232,316.45264,349.39136,229.25417,79.46323,396.57794,139.2366,87.37022
2220,18.492,342.78143,176.82867,316.62515,349.39136,229.25417,79.46323,396.78415,139.19824,87.52689
2221,18.5,342.56366,176.91882,316.04263,349.39136,229.25417,79.46323,396.78415,139.19824,87.52689
2222,18.508,342.56366,176.91882,316.04263,349.54236,229.4361,79.32133,396.74365,139.2265,87.70116
2223,18.517,342.56366,176.91882,316.04263,349.74084,229.67009,79.23226,396.74365,139.2265,87.70116
2224,18.525,342.56366,176.91882,316.04263,349.74084,229.67009,79.23226,396.74484,139.54573,87.60458
2225,18.533,342.56366,176.91882,316.04263,349.74084,229.67009,79.23226,396.74484,139.54573,87.60458
2226,18.542,342.44406,176.8288,315.96164,349.54236,229.4361,79.32133,396.74365,139.2265,87.70116
2227,18.55,343.10944,176.53207,316.59521,349.54236,229.4361,79.32133,396.74365,139.2265,87.70116
2228,18.558,343.11819,176.38095,316.5253,349.54236,229.4361,79.32133,396.77835,139.46898,87.47543
2229,18.567,342.97437,176.30913,316.45483,349.74084,229.67009,79.23226,396.71387,139.07542,87.46151
2230,18.575,342.99942,176.22801,315.76407,349.74084,229.67009,79.23226,396.71387,139.07542,87.46151
2231,18.583,343.19885,175.58846,316.3681,349.74084,229.67009,79.23226,396.71387,139.07542,87.46151
2232,18.592,343.19885,175.58846,316.3681,349.78055,229.50571,79.141,396.73727,138.82571,87.40569
2233,18.6,343.30273,175.51587,316.30255,349.78055,229.50571,79.141,396.73727,138.82571,87.40569
2234,18.608,343.30273,175.51587,316.30255,349.74084,229.67009,79.23226,396.71387,139.07542,87.46151
2235,18.617,343.30273,175.51587,316.30255,349.54236,229.4361,79.32133,396.71387,139.07542,87.46151
2236,18.625,342.98816,175.15909,316.51617,349.54236,229.4361,79.32133,396.71387,139.07542,87.46151
2237,18.633,343.08264,175.86617,316.36926,349.54236,229.4361,79.32133,396.73727,138.82571,87.40569
2238,18.642,342.92548,176.38319,315.86969,349.78055,229.50571,79.141,396.73727,138.82571,87.40569
2239,18.65,342.81815,176.65976,315.95978,349.74084,229.67009,79.23226,396.78415,139.19824,87.52689
2240,18.658,342.80936,176.81088,316.02972,349.74084,229.67009,79.23226,396.57794,139.2366,87.37022
2241,18.667,342.56366,176.91882,316.04263,349.54236,229.4361,79.32133,396.57794,139.2366,87.37022
2242,18.675,342.56366,176.91882,316.04263,349.58206,229.27171,79.23006,396.78415,139.19824,87.52689
2243,18.683,342.70581,176.99188,316.11392,349.74084,229.67009,79.23226,396.74365,139.2265,87.70116
2244,18.692,342.70581,176.99188,316.11392,349.74084,229.67009,79.23226,396.74484,139.54573,87.60458
2245,18.7,342.70581,176.99188,316.11392,349.58206,229.27171,79.23006,396.77332,139.26561,87.81726
2246,18.708,342.70581,176.99188,316.11392,349.54236,229.4361,79.32133,396.53745,139.26485,87.54451
2247,18.717,342.77689,177.06679,316.02316,349.74084,229.67009,79.23226,396.53745,139.26485,87.54451
2248,18.725,342.70581,176.99188,316.11392,349.74084,229.67009,79.23226,396.53745,139.26485,87.54451
2249,18.733,342.95151,176.88396,316.10101,349.74084,229.67009,79.23226,396.57794,139.2366,87.37022
2250,18.742,343.02716,176.72072,316.61224,349.54236,229.4361,79.32133,396.57794,139.2366,87.37022
2251,18.75,343.25153,176.60512,316.66647,349.39136,229.25417,79.46323,396.57214,139.50735,87.31875
2252,18.758,343.26288,176.38297,316.53329,349.39136,229.25417,79.46323,396.71387,139.07542,87.46151
2253,18.767,343.29523,175.71451,316.20874,349.39136,229.25417,79.46323,396.71387,139.07542,87.46151
2254,18.775,343.30273,175.51587,316.30255,349.43103,229.08977,79.37197,396.71387,139.07542,87.46151
2255,18.783,343.09207,175.0865,316.45062,349.39136,229.25417,79.46323,396.50769,139.11378,87.30485
2256,18.792,343.09207,175.0865,316.45062,349.39136,229.25417,79.46323,396.50769,139.11378,87.30485
2257,18.8,343.09207,175.0865,316.45062,349.39136,229.25417,79.46323,396.53113,138.86409,87.24904
2258,18.808,343.09207,175.0865,316.45062,349.50009,229.10654,79.57476,396.53113,138.86409,87.24904
2259,18.817,343.09207,175.0865,316.45062,349.50009,229.10654,79.57476,396.50769,139.11378,87.30485
2260,18.825,343.09207,175.0865,316.45062,349.49472,229.02698,79.63503,396.53113,138.86409,87.24904
2261,18.833,343.09207,175.0865,316.45062,349.49472,229.02698,79.63503,396.53113,138.86409,87.24904
2262,18.842,343.09207,175.0865,316.45062,349.53979,228.94214,79.48351,396.53113,138.86409,87.24904
2263,18.85,342.98816,175.15909,316.51617,349.49472,229.02698,79.63503,396.50769,139.11378,87.30485
2264,18.858,342.54926,175.97292,316.61853,349.39136,229.25417,79.46323,396.57794,139.2366,87.37022
2265,18.867,342.30899,176.23647,316.62088,349.39136,229.25417,79.46323,396.50769,139.11378,87.30485
2266,18.875,342.30899,176.23647,316.62088,349.39136,229.25417,79.46323,396.50769,139.11378,87.30485
2267,18.883,342.63931,176.75562,316.55386,349.50009,229.10654,79.57476,396.57214,139.50735,87.31875
2268,18.892,342.66357,176.73743,316.54337,349.50009,229.10654,79.57476,396.78415,139.19824,87.52689
2269,18.9,342.59079,176.74048,316.38211,349.50009,229.10654,79.57476,396.77835,139.46898,87.47543
2270,18.908,342.42856,176.32648,316.70187,349.39136,229.25417,79.46323,396.5386,139.58411,87.44789
2271,18.917,342.30899,176.23647,316.62088,349.39136,229.25417,79.46323,396.5386,139.58411,87.44789
2272,18.925,342.71039,176.83051,316.4631,349.39136,229.25417,79.46323,396.53745,139.26485,87.54451
2273,18.933,342.85251,176.90356,316.53439,349.39136,229.25417,79.46323,396.74484,139.54573,87.60458
2274,18.942,342.63931,176.75562,316.55386,349.39136,229.25417,79.46323,396.74365,139.2265,87.70116
2275,18.95,342.63931,176.75562,316.55386,349.39136,229.25417,79.46323,396.77835,139.46898,87.47543
2276,18.958,342.51971,176.6656,316.47287,349.50009,229.10654,79.57476,396.74365,139.2265,87.70116
2277,18.967,342.66357,176.73743,316.54337,349.50009,229.10654,79.57476,396.57794,139.2366,87.37022
2278,18.975,343.00122,176.21994,316.38104,349.50009,229.10654,79.57476,396.78415,139.19824,87.52689
2279,18.983,342.7981,175.59206,316.62289,349.50009,229.10654,79.57476,396.78415,139.19824,87.52689
2280,18.992,343.12692,175.21471,316.57407,349.50009,229.10654,79.57476,396.50769,139.11378,87.30485
2281,19,343.09207,175.0865,316.45062,349.50009,229.10654,79.57476,396.50769,139.11378,87.30485
2282,19.008,343.30273,175.51587,316.30255,349.53979,228.94214,79.48351,396.73727,138.82571,87.40569
2283,19.017,343.30273,175.51587,316.30255,349.53979,228.94214,79.48351,396.73727,138.82571,87.40569
2284,19.025,343.09207,175.0865,316.45062,349.50009,229.10654,79.57476,396.73727,138.82571,87.40569
2285,19.033,343.09207,175.0865,316.45062,349.53979,228.94214,79.48351,396.73727,138.82571,87.40569
2286,19.042,343.09207,175.0865,316.45062,349.50009,229.10654,79.57476,396.73727,138.82571,87.40569
2287,19.05,343.19885,175.58846,316.3681,349.53979,228.94214,79.48351,396.73727,138.82571,87.40569
2288,19.058,343.19885,175.58846,316.3681,349.65112,229.28847,79.43285,396.73727,138.82571,87.40569
2289,19.067,343.00122,176.21994,316.38104,349.64572,229.20894,79.49313,396.73727,138.82571,87.40569
2290,19.075,342.98987,176.44206,316.51425,349.43103,229.08977,79.37197,396.71387,139.07542,87.46151
2291,19.083,342.44406,176.8288,315.96164,349.54236,229.4361,79.32133,396.70807,139.34615,87.41006
2292,19.092,342.56366,176.91882,316.04263,349.58206,229.27171,79.23006,396.78415,139.19824,87.52689
2293,19.1,342.58792,176.90063,316.03214,349.74084,229.67009,79.23226,396.71387,139.07542,87.46151
2294,19.108,342.56366,176.91882,316.04263,349.74084,229.67009,79.23226,396.78415,139.19824,87.52689
2295,19.117,342.70581,176.99188,316.11392,349.54236,229.4361,79.32133,396.74365,139.2265,87.70116
2296,19.125,342.70581,176.99188,316.11392,349.74084,229.67009,79.23226,396.77835,139.46898,87.47543
2297,19.133,342.56366,176.91882,316.04263,349.74084,229.67009,79.23226,396.78415,139.19824,87.52689
2298,19.142,342.70581,176.99188,316.11392,349.74084,229.67009,79.23226,396.77835,139.46898,87.47543
2299,19.15,342.58792,176.90063,316.03214,349.54236,229.4361,79.32133,396.74484,139.54573,87.60458
2300,19.158,343.17581,176.76842,316.15521,349.54236,229.4361,79.32133,396.77835,139.46898,87.47543
2301,19.167,343.17581,176.76842,316.15521,349.74084,229.67009,79.23226,396.50769,139.11378,87.30485
2302,19.175,343.17581,176.76842,316.15521,349.74084,229.67009,79.23226,396.70807,139.34615,87.41006
2303,19.183,343.16034,176.63545,316.09576,349.74084,229.67009,79.23226,396.78415,139.19824,87.52689
2304,19.192,343.2652,176.12289,315.88391,349.74084,229.67009,79.23226,396.71387,139.07542,87.46151
2305,19.2,343.35834,175.93338,315.75519,349.74084,229.67009,79.23226,396.50769,139.11378,87.30485
2306,19.208,343.5394,175.86674,316.3508,349.54236,229.4361,79.32133,396.78415,139.19824,87.52689
2307,19.217,343.43402,175.77014,316.26663,349.54236,229.4361,79.32133,396.50769,139.11378,87.30485
2308,19.225,343.5394,175.86674,316.3508,349.54236,229.4361,79.32133,396.71387,139.07542,87.46151
2309,19.233,343.36517,175.94145,316.3848,349.54236,229.4361,79.32133,396.73727,138.82571,87.40569
2310,19.242,343.40729,176.19595,315.9552,349.58206,229.27171,79.23006,396.73727,138.82571,87.40569
2311,19.25,343.47592,176.15962,315.8999,349.74084,229.67009,79.23226,396.53113,138.86409,87.24904
2312,19.258,343.27975,176.69582,316.08966,349.74084,229.67009,79.23226,396.71387,139.07542,87.46151
2313,19.267,343.17581,176.76842,316.15521,349.73544,229.59059,79.29254,396.50769,139.11378,87.30485
2314,19.275,343.17581,176.76842,316.15521,349.39136,229.25417,79.46323,396.50769,139.11378,87.30485
2315,19.283,343.1337,176.51389,316.58475,349.39136,229.25417,79.46323,396.71387,139.07542,87.46151
2316,19.292,343.09821,176.79561,316.52151,349.39136,229.25417,79.46323,396.57794,139.2366,87.37022
2317,19.3,342.78143,176.82867,316.62515,349.39136,229.25417,79.46323,396.71387,139.07542,87.46151
2318,19.308,342.63474,176.9937,315.95187,349.39136,229.25417,79.46323,396.57794,139.2366,87.37022
2319,19.317,342.70581,176.99188,316.11392,349.39136,229.25417,79.46323,396.74365,139.2265,87.70116
2320,19.325,342.78143,176.82867,316.62515,349.39136,229.25417,79.46323,396.57794,139.2366,87.37022
2321,19.333,342.51971,176.6656,316.47287,349.39136,229.25417,79.46323,396.53745,139.26485,87.54451
2322,19.342,342.51971,176.6656,316.47287,349.39136,229.25417,79.46323,396.53745,139.26485,87.54451
2323,19.35,342.66357,176.73743,316.54337,349.39136,229.25417,79.46323,396.53745,139.26485,87.54451
2324,19.358,342.30899,176.23647,316.62088,349.39136,229.25417,79.46323,396.50769,139.11378,87.30485
2325,19.367,342.30899,176.23647,316.62088,349.39136,229.25417,79.46323,396.78415,139.19824,87.52689
2326,19.375,342.29349,176.10353,316.56146,349.39136,229.25417,79.46323,396.71387,139.07542,87.46151
2327,19.383,342.54926,175.97292,316.61853,349.50009,229.10654,79.57476,396.73727,138.82571,87.40569
2328,19.392,342.84515,175.52608,316.59113,349.50009,229.10654,79.57476,396.60138,138.98688,87.31441
2329,19.4,342.98816,175.15909,316.51617,349.50009,229.10654,79.57476,396.57794,139.2366,87.37022
2330,19.408,342.98816,175.15909,316.51617,349.50009,229.10654,79.57476,396.50769,139.11378,87.30485
2331,19.417,342.98816,175.15909,316.51617,349.50009,229.10654,79.57476,396.50769,139.11378,87.30485
2332,19.425,342.98816,175.15909,316.51617,349.39136,229.25417,79.46323,396.50769,139.11378,87.30485
2333,19.433,343.09207,175.0865,316.45062,349.53979,228.94214,79.48351,396.73727,138.82571,87.40569
2334,19.442,342.98816,175.15909,316.51617,349.53979,228.94214,79.48351,396.53113,138.86409,87.24904
2335,19.45,342.98816,175.15909,316.51617,349.53979,228.94214,79.48351,396.81158,138.42421,87.54173
2336,19.458,342.91428,175.31424,316.6217,349.53979,228.94214,79.48351,396.73727,138.82571,87.40569
2337,19.467,342.7981,175.59206,316.62289,349.53979,228.94214,79.48351,396.73727,138.82571,87.40569
2338,19.475,342.57608,175.88373,316.54474,349.53439,228.86258,79.54377,396.50769,139.11378,87.30485
2339,19.483,342.29349,176.10353,316.56146,349.50009,229.10654,79.57476,396.71387,139.07542,87.46151
2340,19.492,342.30899,176.23647,316.62088,349.50009,229.10654,79.57476,396.78415,139.19824,87.52689
2341,19.5,342.30899,176.23647,316.62088,349.50009,229.10654,79.57476,396.78415,139.19824,87.52689
2342,19.508,342.30899,176.23647,316.62088,349.50009,229.10654,79.57476,396.78415,139.19824,87.52689
2343,19.517,342.30899,176.23647,316.62088,349.50009,229.10654,79.57476,396.74365,139.2265,87.70116
2344,19.525,342.51971,176.6656,316.47287,349.50009,229.10654,79.57476,396.57794,139.2366,87.37022
2345,19.533,342.63931,176.75562,316.55386,349.39136,229.25417,79.46323,396.74484,139.54573,87.60458
2346,19.542,342.63931,176.75562,316.55386,349.39136,229.25417,79.46323,396.74365,139.2265,87.70116
2347,19.55,342.63931,176.75562,316.55386,349.65112,229.28847,79.43285,396.67456,139.4229,87.53921
2348,19.558,342.63931,176.75562,316.55386,349.39136,229.25417,79.46323,396.74484,139.54573,87.60458
2349,19.567,342.51971,176.6656,316.47287,349.39136,229.25417,79.46323,396.74365,139.2265,87.70116
2350,19.575,342.63931,176.75562,316.55386,349.39136,229.25417,79.46323,396.74365,139.2265,87.70116
2351,19.583,342.66357,176.73743,316.54337,349.39136,229.25417,79.46323,396.77835,139.46898,87.47543
2352,19.592,343.03714,176.69809,316.68216,349.54236,229.4361,79.32133,396.77835,139.46898,87.47543
2353,19.6,343.11819,176.38095,316.5253,349.84958,229.52246,79.34379,396.50769,139.11378,87.30485
2354,19.608,343.00122,176.21994,316.38104,349.65112,229.28847,79.43285,396.70807,139.34615,87.41006
2355,19.617,343.26126,176.01404,316.45035,349.54236,229.4361,79.32133,396.78415,139.19824,87.52689
2356,19.625,343.26874,175.8154,316.54413,349.54236,229.4361,79.32133,396.71387,139.07542,87.46151
2357,19.633,343.30273,175.51587,316.30255,349.54236,229.4361,79.32133,396.71387,139.07542,87.46151
2358,19.642,343.44153,175.57149,316.36044,349.54236,229.4361,79.32133,396.71387,139.07542,87.46151
2359,19.65,343.44153,175.57149,316.36044,349.77515,229.42621,79.20128,396.73727,138.82571,87.40569
2360,19.658,343.41016,175.60997,316.38504,349.78055,229.50571,79.141,396.73727,138.82571,87.40569
2361,19.667,343.26874,175.8154,316.54413,349.54236,229.4361,79.32133,396.53113,138.86409,87.24904
2362,19.675,343.23441,176.10323,316.52414,349.54236,229.4361,79.32133,396.50769,139.11378,87.30485
2363,19.683,343.21393,176.12041,316.33334,349.58206,229.27171,79.23006,396.50769,139.11378,87.30485
2364,19.692,343.25153,176.60512,316.66647,349.58206,229.27171,79.23006,396.78415,139.19824,87.52689
2365,19.7,343.03369,176.69534,316.08392,349.58206,229.27171,79.23006,396.71387,139.07542,87.46151
2366,19.708,342.69977,176.69827,316.01865,349.78055,229.50571,79.141,396.71387,139.07542,87.46151
2367,19.717,342.44406,176.8288,315.96164,349.74084,229.67009,79.23226,396.78415,139.19824,87.52689
2368,19.725,342.44406,176.8288,315.96164,349.74084,229.67009,79.23226,396.57794,139.2366,87.37022
2369,19.733,342.44406,176.8288,315.96164,349.74084,229.67009,79.23226,396.53745,139.26485,87.54451
2370,19.742,342.44406,176.8288,315.96164,349.54236,229.4361,79.32133,396.78415,139.19824,87.52689
2371,19.75,342.50421,176.53267,316.41345,349.54236,229.4361,79.32133,396.50769,139.11378,87.30485
2372,19.758,342.51971,176.6656,316.47287,349.58206,229.27171,79.23006,396.50769,139.11378,87.30485
2373,19.767,342.53104,176.44348,316.33966,349.74084,229.67009,79.23226,396.57794,139.2366,87.37022
2374,19.775,342.53104,176.44348,316.33966,349.74084,229.67009,79.23226,396.50769,139.11378,87.30485
2375,19.783,343.08264,175.86617,316.36926,349.74084,229.67009,79.23226,396.71387,139.07542,87.46151
2376,19.792,342.9744,175.70409,316.31381,349.74084,229.67009,79.23226,396.73727,138.82571,87.40569
2377,19.8,342.98816,175.15909,316.51617,349.54236,229.4361,79.32133,396.60138,138.98688,87.31441
2378,19.808,342.98816,175.15909,316.51617,349.39136,229.25417,79.46323,396.50769,139.11378,87.30485
2379,19.817,342.98816,175.15909,316.51617,349.39136,229.25417,79.46323,396.50769,139.11378,87.30485
2380,19.825,342.98816,175.15909,316.51617,349.43103,229.08977,79.37197,396.50769,139.11378,87.30485
2381,19.833,343.12494,175.74359,316.47366,349.43103,229.08977,79.37197,396.50769,139.11378,87.30485
2382,19.842,342.98816,175.15909,316.51617,349.39136,229.25417,79.46323,396.50769,139.11378,87.30485
2383,19.85,343.19885,175.58846,316.3681,349.43103,229.08977,79.37197,396.53113,138.86409,87.24904
2384,19.858,342.98816,175.15909,316.51617,349.50009,229.10654,79.57476,396.53113,138.86409,87.24904
2385,19.867,342.98062,175.3578,316.42236,349.53979,228.94214,79.48351,396.73727,138.82571,87.40569
2386,19.875,342.79053,175.79074,316.52908,349.39136,229.25417,79.46323,396.53113,138.86409,87.24904
2387,19.883,343.02533,176.04295,316.7551,349.43103,229.08977,79.37197,396.71387,139.07542,87.46151
2388,19.892,343.09634,176.11783,316.66437,349.39136,229.25417,79.46323,396.50769,139.11378,87.30485
2389,19.9,343.25153,176.60512,316.66647,349.50009,229.10654,79.57476,396.57794,139.2366,87.37022
2390,19.908,343.25153,176.60512,316.66647,349.53439,228.86258,79.54377,396.53113,138.86409,87.24904
2391,19.917,343.25153,176.60512,316.66647,349.53439,228.86258,79.54377,396.53113,138.86409,87.24904
2392,19.925,343.25153,176.60512,316.66647,349.49472,229.02698,79.63503,396.53113,138.86409,87.24904
2393,19.933,343.25153,176.60512,316.66647,349.49472,229.02698,79.63503,396.50769,139.11378,87.30485
2394,19.942,343.32257,176.68001,316.57574,349.53439,228.86258,79.54377,396.71387,139.07542,87.46151
2395,19.95,343.61823,176.59904,316.638,349.49472,229.02698,79.63503,396.71387,139.07542,87.46151
2396,19.958,344.13345,176.02315,316.7688,349.53439,228.86258,79.54377,396.73727,138.82571,87.40569
2397,19.967,344.13385,175.70027,316.78427,349.66946,228.98668,79.77131,396.73727,138.82571,87.40569
2398,19.975,344.42404,175.71053,316.67255,349.49472,229.02698,79.63503,396.73727,138.82571,87.40569
2399,19.983,344.45108,175.42935,316.50485,349.53439,228.86258,79.54377,396.50769,139.11378,87.30485
2400,19.992,344.64642,175.48792,316.53525,349.66946,228.98668,79.77131,396.53113,138.86409,87.24904
2401,20,344.54651,175.57037,316.73865,349.61469,229.1629,79.90878,396.71387,139.07542,87.46151
2402,20.008,344.56323,175.28343,316.56549,349.70917,228.82228,79.68007,396.73727,138.82571,87.40569
2403,20.017,344.34088,175.50603,316.70276,349.66946,228.98668,79.77131,396.73727,138.82571,87.40569
2404,20.025,344.35306,175.63565,316.76324,349.66946,228.98668,79.77131,396.73727,138.82571,87.40569
2405,20.033,344.37625,175.86603,316.67508,349.66946,228.98668,79.77131,396.71387,139.07542,87.46151
2406,20.042,343.88776,176.13087,316.78177,349.66946,228.98668,79.77131,396.71387,139.07542,87.46151
2407,20.05,344.17801,176.14114,316.67001,349.49472,229.02698,79.63503,396.71387,139.07542,87.46151
2408,20.058,343.44327,176.59674,316.79422,349.49472,229.02698,79.63503,396.71387,139.07542,87.46151
2409,20.067,343.44327,176.59674,316.79422,349.49472,229.02698,79.63503,396.61798,139.07396,87.65937
2410,20.075,343.25153,176.60512,316.66647,349.49472,229.02698,79.63503,396.50769,139.11378,87.30485
2411,20.083,343.25153,176.60512,316.66647,349.49472,229.02698,79.63503,396.78415,139.19824,87.52689
2412,20.092,343.25153,176.60512,316.66647,349.50009,229.10654,79.57476,396.74365,139.2265,87.70116
2413,20.1,343.03714,176.69809,316.68216,349.21518,229.06548,79.67589,396.74365,139.2265,87.70116
2414,20.108,342.78143,176.82867,316.62515,349.1658,229.32126,79.75311,396.74365,139.2265,87.70116
2415,20.117,342.78143,176.82867,316.62515,349.22058,229.14503,79.61562,396.57703,139.11827,87.84163
2416,20.125,342.63931,176.75562,316.55386,348.81558,229.50964,79.60314,396.68558,139.17015,87.79128
2417,20.133,342.63931,176.75562,316.55386,348.87036,229.3334,79.46564,396.71524,139.20926,87.90738
2418,20.142,342.51971,176.6656,316.47287,348.62015,229.28723,79.56664,396.78,139.37018,88.10106
2419,20.15,342.51971,176.6656,316.47287,348.57407,229.55051,79.56464,396.82095,139.32579,87.91878
2420,20.158,342.63931,176.75562,316.55386,348.44022,229.6917,79.52396,396.8006,139.21541,88.1003
2421,20.167,342.51971,176.6656,316.47287,348.87036,229.3334,79.46564,396.76407,139.58868,87.91232
2422,20.175,342.30899,176.23647,316.62088,348.81018,229.43013,79.66341,396.37491,139.40305,87.6198
2423,20.183,342.30899,176.23647,316.62088,348.81558,229.50964,79.60314,396.4118,139.11232,87.50272
2424,20.192,342.30899,176.23647,316.62088,348.81558,229.50964,79.60314,396.34152,138.98952,87.43736
2425,20.2,342.52719,176.46704,316.56665,348.81558,229.50964,79.60314,396.34152,138.98952,87.43736
2426,20.208,342.89502,176.62503,316.6109,349.2081,229.65082,79.49969,396.56711,139.30394,87.66061
2427,20.217,343.25903,176.40651,316.76028,349.21136,229.65829,79.4205,396.61798,139.07396,87.65937
2428,20.225,343.25903,176.40651,316.76028,349.33658,229.4304,79.60072,396.67337,139.10368,87.6358
2429,20.233,343.25153,176.60512,316.66647,349.38596,229.17462,79.52351,396.67337,139.10368,87.6358
2430,20.242,343.25153,176.60512,316.66647,349.38596,229.17462,79.52351,396.53745,139.26485,87.54451
2431,20.25,343.25153,176.60512,316.66647,349.33118,229.35088,79.66099,396.50769,139.11378,87.30485
2432,20.258,343.25153,176.60512,316.66647,349.64572,229.20894,79.49313,396.50769,139.11378,87.30485
2433,20.267,343.25153,176.60512,316.66647,349.53699,229.35658,79.3816,396.50769,139.11378,87.30485
2434,20.275,343.44327,176.59674,316.79422,349.39136,229.25417,79.46323,396.78415,139.19824,87.52689
2435,20.283,343.51431,176.67163,316.70349,349.38596,229.17462,79.52351,396.46719,139.14204,87.47914
2436,20.292,343.24686,176.84331,316.06445,349.39136,229.25417,79.46323,396.67337,139.10368,87.6358
2437,20.3,343.25153,176.60512,316.66647,349.39136,229.25417,79.46323,396.67337,139.10368,87.6358
2438,20.308,343.44327,176.59674,316.79422,349.38596,229.17462,79.52351,396.53745,139.26485,87.54451
2439,20.317,343.32257,176.68001,316.57574,349.33118,229.35088,79.66099,396.56088,139.01512,87.4887
2440,20.325,343.17581,176.76842,316.15521,349.39136,229.25417,79.46323,396.53745,139.26485,87.54451
2441,20.333,343.25153,176.60512,316.66647,349.38596,229.17462,79.52351,396.46719,139.14204,87.47914
2442,20.342,343.25153,176.60512,316.66647,349.38596,229.17462,79.52351,396.53745,139.26485,87.54451
2443,20.35,342.923,176.08469,316.73276,349.39136,229.25417,79.46323,396.46719,139.14204,87.47914
2444,20.358,342.78674,175.81419,316.75607,349.38596,229.17462,79.52351,396.46719,139.14204,87.47914
2445,20.367,342.57361,175.70772,316.56857,349.39136,229.25417,79.46323,396.46719,139.14204,87.47914
2446,20.375,342.32779,175.8157,316.58145,349.38596,229.17462,79.52351,396.46719,139.14204,87.47914
2447,20.383,342.32779,175.8157,316.58145,349.39136,229.25417,79.46323,396.46719,139.14204,87.47914
2448,20.392,342.18475,175.68246,316.39987,349.11508,229.30014,79.4249,396.53745,139.26485,87.54451
2449,20.4,342.18475,175.68246,316.39987,349.38596,229.17462,79.52351,396.46719,139.14204,87.47914
2450,20.408,342.18475,175.68246,316.39987,349.39136,229.25417,79.46323,396.46719,139.14204,87.47914
2451,20.417,342.15793,175.77167,316.47366,349.39136,229.25417,79.46323,396.53745,139.26485,87.54451
2452,20.425,342.18475,175.68246,316.39987,349.39136,229.25417,79.46323,396.46719,139.14204,87.47914
2453,20.433,342.15793,175.77167,316.47366,349.39136,229.25417,79.46323,396.53745,139.26485,87.54451
2454,20.442,342.29349,176.10353,316.56146,349.39136,229.25417,79.46323,396.53745,139.26485,87.54451
2455,20.45,342.29349,176.10353,316.56146,349.11508,229.30014,79.4249,396.53745,139.26485,87.54451
2456,20.458,342.30899,176.23647,316.62088,349.39136,229.25417,79.46323,396.74484,139.54573,87.60458
2457,20.467,342.30899,176.23647,316.62088,349.39136,229.25417,79.46323,396.74365,139.2265,87.70116
2458,20.475,342.30899,176.23647,316.62088,349.39136,229.25417,79.46323,396.77451,139.58484,87.72068
2459,20.483,342.42856,176.32648,316.70187,349.11508,229.30014,79.4249,396.73355,139.62921,87.90298
2460,20.492,342.68445,176.89076,316.58759,349.33658,229.4304,79.60072,396.47708,139.63541,87.63233
2461,20.5,342.82657,176.96384,316.65884,349.11508,229.30014,79.4249,396.44751,139.2989,87.93515
2462,20.508,342.87384,177.16013,316.60159,349.50009,229.10654,79.57476,396.56827,139.6232,87.564
2463,20.517,342.87384,177.16013,316.60159,349.22382,229.15253,79.53642,396.77451,139.58484,87.72068
2464,20.525,342.94492,177.23505,316.51083,349.39136,229.25417,79.46323,396.74484,139.54573,87.60458
2465,20.533,342.94492,177.23505,316.51083,349.39136,229.25417,79.46323,396.73236,139.30997,87.99953
2466,20.542,343.12949,177.02957,316.65863,349.39136,229.25417,79.46323,396.78119,139.68942,88.00451
2467,20.55,343.58252,177.03728,316.64911,349.50009,229.10654,79.57476,396.85989,139.59096,87.91363
2468,20.558,343.58252,177.03728,316.64911,349.50009,229.10654,79.57476,396.77451,139.58484,87.72068
2469,20.567,343.48834,176.7319,316.82794,349.50009,229.10654,79.57476,396.74484,139.54573,87.60458
2470,20.575,343.29663,176.74028,316.7002,349.44531,229.28276,79.71224,396.67337,139.10368,87.6358
2471,20.583,343.55939,176.80679,316.73718,349.44531,229.28276,79.71224,396.74365,139.2265,87.70116
2472,20.592,343.29663,176.74028,316.7002,349.50009,229.10654,79.57476,396.74365,139.2265,87.70116
2473,20.6,343.61823,176.59904,316.638,349.50009,229.10654,79.57476,396.73727,138.82571,87.40569
2474,20.608,343.379,176.44003,316.52826,349.53439,228.86258,79.54377,396.57794,139.2366,87.37022
2475,20.617,343.49521,176.16231,316.52707,349.53439,228.86258,79.54377,396.71387,139.07542,87.46151
2476,20.625,343.42419,176.16141,316.54953,349.49472,229.02698,79.63503,396.5882,138.9229,87.41971
2477,20.633,343.38657,175.90662,316.62589,349.49472,229.02698,79.63503,396.5882,138.9229,87.41971
2478,20.642,343.37265,175.74281,316.47861,349.49472,229.02698,79.63503,396.73727,138.82571,87.40569
2479,20.65,343.26874,175.8154,316.54413,349.53439,228.86258,79.54377,396.73727,138.82571,87.40569
2480,20.658,343.00873,176.02133,316.47482,349.53979,228.94214,79.48351,396.50769,139.11378,87.30485
2481,20.667,342.58362,175.68506,316.63855,349.53439,228.86258,79.54377,396.50769,139.11378,87.30485
2482,20.675,342.29349,176.10353,316.56146,349.49472,229.02698,79.63503,396.50769,139.11378,87.30485
2483,20.683,342.29349,176.10353,316.56146,349.38596,229.17462,79.52351,396.57794,139.2366,87.37022
2484,20.692,342.51971,176.6656,316.47287,349.53699,229.35658,79.3816,396.53745,139.26485,87.54451
2485,20.7,342.44406,176.8288,315.96164,349.54236,229.4361,79.32133,396.67456,139.4229,87.53921
2486,20.708,342.44406,176.8288,315.96164,349.54236,229.4361,79.32133,396.74484,139.54573,87.60458
2487,20.717,342.44406,176.8288,315.96164,349.02139,229.51535,79.32375,396.74365,139.2265,87.70116
2488,20.725,342.30521,176.46573,316.20053,348.77988,229.5562,79.28526,396.74484,139.54573,87.60458
2489,20.733,342.44406,176.8288,315.96164,349.02139,229.51535,79.32375,396.5386,139.58411,87.44789
2490,20.742,342.37485,177.00774,315.86786,349.40985,229.89226,79.33144,396.71643,139.52849,87.8108
2491,20.75,342.26047,177.19122,315.83066,349.74084,229.67009,79.23226,396.77451,139.58484,87.72068
2492,20.758,342.26047,177.19122,315.83066,349.46463,229.71605,79.19395,396.82214,139.64502,87.8222
2493,20.767,342.30582,177.05304,315.95612,349.26614,229.48207,79.283,396.50558,139.35526,87.84503
2494,20.775,342.44406,176.8288,315.96164,349.46463,229.71605,79.19395,396.56827,139.6232,87.564
2495,20.783,342.44406,176.8288,315.96164,349.46463,229.71605,79.19395,396.5386,139.58411,87.44789
2496,20.792,342.44406,176.8288,315.96164,349.46463,229.71605,79.19395,396.5386,139.58411,87.44789
2497,20.8,342.44406,176.8288,315.96164,349.26614,229.48207,79.283,396.74365,139.2265,87.70116
2498,20.808,342.51971,176.6656,316.47287,349.54236,229.4361,79.32133,396.74484,139.54573,87.60458
2499,20.817,342.51971,176.6656,316.47287,349.54236,229.4361,79.32133,396.70807,139.34615,87.41006
2500,20.825,342.44406,176.8288,315.96164,349.74084,229.67009,79.23226,396.76706,138.97678,87.64534
2501,20.833,342.44406,176.8288,315.96164,349.74084,229.67009,79.23226,396.53745,139.26485,87.54451
2502,20.842,342.78143,176.82867,316.62515,349.54236,229.4361,79.32133,396.57794,139.2366,87.37022
2503,20.85,342.78143,176.82867,316.62515,349.39136,229.25417,79.46323,396.46719,139.14204,87.47914
2504,20.858,343.17581,176.76842,316.15521,349.39136,229.25417,79.46323,396.57794,139.2366,87.37022
2505,20.867,343.29196,176.97849,316.09818,349.54236,229.4361,79.32133,396.67337,139.10368,87.6358
2506,20.875,343.29196,176.97849,316.09818,349.54236,229.4361,79.32133,396.77835,139.46898,87.47543
2507,20.883,343.29196,176.97849,316.09818,349.39136,229.25417,79.46323,396.74365,139.2265,87.70116
2508,20.892,343.3392,177.17477,316.04092,349.39136,229.25417,79.46323,396.74365,139.2265,87.70116
2509,20.9,343.3392,177.17477,316.04092,349.39136,229.25417,79.46323,396.74365,139.2265,87.70116
2510,20.908,343.3392,177.17477,316.04092,349.39136,229.25417,79.46323,396.53745,139.26485,87.54451
2511,20.917,343.41489,177.01151,316.55219,349.39136,229.25417,79.46323,396.5386,139.58411,87.44789
2512,20.925,343.3392,177.17477,316.04092,349.39136,229.25417,79.46323,396.74484,139.54573,87.60458
2513,20.933,343.36765,176.81517,316.60944,349.39136,229.25417,79.46323,396.74365,139.2265,87.70116
2514,20.942,343.36765,176.81517,316.60944,349.39136,229.25417,79.46323,396.78415,139.19824,87.52689
2515,20.95,343.32257,176.68001,316.57574,349.43103,229.08977,79.37197,396.57794,139.2366,87.37022
2516,20.958,343.25153,176.60512,316.66647,349.39136,229.25417,79.46323,396.46719,139.14204,87.47914
2517,20.967,343.25153,176.60512,316.66647,349.38596,229.17462,79.52351,396.71387,139.07542,87.46151
2518,20.975,343.0408,176.1759,316.81451,349.39136,229.25417,79.46323,396.71387,139.07542,87.46151
2519,20.983,342.9075,175.95174,316.67334,349.49472,229.02698,79.63503,396.71387,139.07542,87.46151
2520,20.992,342.77124,175.68124,316.69666,349.49472,229.02698,79.63503,396.73727,138.82571,87.40569
2521,21,342.7981,175.59206,316.62289,349.50009,229.10654,79.57476,396.80756,138.94852,87.47106
2522,21.008,342.7981,175.59206,316.62289,349.50009,229.10654,79.57476,396.71387,139.07542,87.46151
2523,21.017,342.32031,176.01434,316.48767,349.39136,229.25417,79.46323,396.50769,139.11378,87.30485
2524,21.025,342.55679,175.77425,316.71234,349.53979,228.94214,79.48351,396.50769,139.11378,87.30485
2525,21.033,342.29349,176.10353,316.56146,349.50009,229.10654,79.57476,396.53745,139.26485,87.54451
2526,21.042,342.54926,175.97292,316.61853,349.50009,229.10654,79.57476,396.46719,139.14204,87.47914
2527,21.05,342.30899,176.23647,316.62088,349.53439,228.86258,79.54377,396.57794,139.2366,87.37022
2528,21.058,342.30899,176.23647,316.62088,349.50009,229.10654,79.57476,396.74365,139.2265,87.70116
2529,21.067,342.30899,176.23647,316.62088,349.50009,229.10654,79.57476,396.74365,139.2265,87.70116
2530,21.075,342.51971,176.6656,316.47287,349.39136,229.25417,79.46323,396.74365,139.2265,87.70116
2531,21.083,342.51971,176.6656,316.47287,349.50009,229.10654,79.57476,396.74365,139.2265,87.70116
2532,21.092,342.42856,176.32648,316.70187,349.50009,229.10654,79.57476,396.74365,139.2265,87.70116
2533,21.1,342.42856,176.32648,316.70187,349.50009,229.10654,79.57476,396.74365,139.2265,87.70116
2534,21.108,342.78143,176.82867,316.62515,349.50009,229.10654,79.57476,396.77835,139.46898,87.47543
2535,21.117,342.78143,176.82867,316.62515,349.50009,229.10654,79.57476,396.77332,139.26561,87.81726
2536,21.125,342.78143,176.82867,316.62515,349.39136,229.25417,79.46323,396.74484,139.54573,87.60458
2537,21.133,343.03714,176.69809,316.68216,349.50009,229.10654,79.57476,396.74365,139.2265,87.70116
2538,21.142,343.25153,176.60512,316.66647,349.49472,229.02698,79.63503,396.57794,139.2366,87.37022
2539,21.15,343.25153,176.60512,316.66647,349.50009,229.10654,79.57476,396.78415,139.19824,87.52689
2540,21.158,343.25153,176.60512,316.66647,349.49472,229.02698,79.63503,396.71387,139.07542,87.46151
2541,21.167,343.24353,176.27356,316.70087,349.50009,229.10654,79.57476,396.71387,139.07542,87.46151
2542,21.175,343.49048,175.83403,316.56036,349.49472,229.02698,79.63503,396.78415,139.19824,87.52689
2543,21.183,343.44153,175.57149,316.36044,349.53979,228.94214,79.48351,396.73727,138.82571,87.40569
2544,21.192,343.37265,175.74281,316.47861,349.50009,229.10654,79.57476,396.53113,138.86409,87.24904
2545,21.2,343.54691,175.66809,316.44461,349.66946,228.98668,79.77131,396.73727,138.82571,87.40569
2546,21.208,343.33762,175.64407,316.42596,349.70917,228.82228,79.68007,396.50769,139.11378,87.30485
2547,21.217,343.26874,175.8154,316.54413,349.53979,228.94214,79.48351,396.71387,139.07542,87.46151
2548,21.225,342.79053,175.79074,316.52908,349.53439,228.86258,79.54377,396.73727,138.82571,87.40569
2549,21.233,342.7868,176.31291,316.3967,349.49472,229.02698,79.63503,396.53113,138.86409,87.24904
2550,21.242,342.50421,176.53267,316.41345,349.38596,229.17462,79.52351,396.71387,139.07542,87.46151
2551,21.25,342.51971,176.6656,316.47287,349.39136,229.25417,79.46323,396.78415,139.19824,87.52689
2552,21.258,342.51971,176.6656,316.47287,349.39136,229.25417,79.46323,396.71387,139.07542,87.46151
2553,21.267,342.51971,176.6656,316.47287,349.39136,229.25417,79.46323,396.78415,139.19824,87.52689
2554,21.275,342.56366,176.91882,316.04263,349.39136,229.25417,79.46323,396.77835,139.46898,87.47543
2555,21.283,342.56366,176.91882,316.04263,349.74084,229.67009,79.23226,396.74365,139.2265,87.70116
2556,21.292,342.56366,176.91882,316.04263,349.74084,229.67009,79.23226,396.74484,139.54573,87.60458
2557,21.3,342.70581,176.99188,316.11392,349.54236,229.4361,79.32133,396.5386,139.58411,87.44789
2558,21.308,342.75095,177.12706,316.14764,349.54236,229.4361,79.32133,396.53745,139.26485,87.54451
2559,21.317,342.75095,177.12706,316.14764,349.54236,229.4361,79.32133,396.74484,139.54573,87.60458
2560,21.325,342.82202,177.20197,316.05688,349.74084,229.67009,79.23226,396.5386,139.58411,87.44789
2561,21.333,342.82202,177.20197,316.05688,349.74084,229.67009,79.23226,396.67337,139.10368,87.6358
2562,21.342,343.06766,177.09402,316.04398,349.74084,229.67009,79.23226,396.74484,139.54573,87.60458
2563,21.35,343.24686,176.84331,316.06445,349.54236,229.4361,79.32133,396.57794,139.2366,87.37022
2564,21.358,343.24686,176.84331,316.06445,349.54236,229.4361,79.32133,396.50769,139.11378,87.30485
2565,21.367,343.24686,176.84331,316.06445,349.74084,229.67009,79.23226,396.71387,139.07542,87.46151
2566,21.375,343.24686,176.84331,316.06445,349.53699,229.35658,79.3816,396.78415,139.19824,87.52689
2567,21.383,343.24686,176.84331,316.06445,349.39136,229.25417,79.46323,396.71387,139.07542,87.46151
2568,21.392,343.36765,176.81517,316.60944,349.39136,229.25417,79.46323,396.50769,139.11378,87.30485
2569,21.4,343.55939,176.80679,316.73718,349.49472,229.02698,79.63503,396.53113,138.86409,87.24904
2570,21.408,343.48364,176.97015,316.22592,349.39136,229.25417,79.46323,396.53113,138.86409,87.24904
2571,21.417,343.48364,176.97015,316.22592,349.39136,229.25417,79.46323,396.78415,139.19824,87.52689
2572,21.425,343.50684,177.20059,316.13785,349.38596,229.17462,79.52351,396.78415,139.19824,87.52689
2573,21.433,343.50684,177.20059,316.13785,349.38596,229.17462,79.52351,396.50769,139.11378,87.30485
2574,21.442,343.58252,177.03728,316.64911,349.38596,229.17462,79.52351,396.50769,139.11378,87.30485
2575,21.45,343.50684,177.20059,316.13785,349.49472,229.02698,79.63503,396.60138,138.98688,87.31441
2576,21.458,343.50684,177.20059,316.13785,349.50009,229.10654,79.57476,396.80756,138.94852,87.47106
2577,21.467,343.50684,177.20059,316.13785,349.39136,229.25417,79.46323,396.78415,139.19824,87.52689
2578,21.475,343.41489,177.01151,316.55219,349.39136,229.25417,79.46323,396.57794,139.2366,87.37022
2579,21.483,343.3392,177.17477,316.04092,349.39136,229.25417,79.46323,396.78415,139.19824,87.52689
2580,21.492,343.41489,177.01151,316.55219,349.39136,229.25417,79.46323,396.78415,139.19824,87.52689
2581,21.5,343.41489,177.01151,316.55219,349.39136,229.25417,79.46323,396.57794,139.2366,87.37022
2582,21.508,343.36765,176.81517,316.60944,349.50009,229.10654,79.57476,396.78415,139.19824,87.52689
2583,21.517,343.32257,176.68001,316.57574,349.49472,229.02698,79.63503,396.78415,139.19824,87.52689
2584,21.525,343.25153,176.60512,316.66647,349.50009,229.10654,79.57476,396.50769,139.11378,87.30485
2585,21.533,343.25153,176.60512,316.66647,349.50009,229.10654,79.57476,396.57794,139.2366,87.37022
2586,21.542,343.25153,176.60512,316.66647,349.50009,229.10654,79.57476,396.57794,139.2366,87.37022
2587,21.55,342.923,176.08469,316.73276,349.38596,229.17462,79.52351,396.50769,139.11378,87.30485
2588,21.558,343.0408,176.1759,316.81451,349.50009,229.10654,79.57476,396.71387,139.07542,87.46151
2589,21.567,342.79053,175.79074,316.52908,349.50009,229.10654,79.57476,396.50769,139.11378,87.30485
2590,21.575,342.62381,176.62268,316.49445,349.50009,229.10654,79.57476,396.71387,139.07542,87.46151
2591,21.583,342.30899,176.23647,316.62088,349.50009,229.10654,79.57476,396.53113,138.86409,87.24904
2592,21.592,342.30899,176.23647,316.62088,349.49472,229.02698,79.63503,396.71387,139.07542,87.46151
2593,21.6,342.42856,176.32648,316.70187,349.50009,229.10654,79.57476,396.71387,139.07542,87.46151
2594,21.608,342.30899,176.23647,316.62088,349.50009,229.10654,79.57476,396.53735,139.15288,87.42095
2595,21.617,342.63931,176.75562,316.55386,349.50009,229.10654,79.57476,396.67337,139.10368,87.6358
2596,21.625,342.42856,176.32648,316.70187,349.50009,229.10654,79.57476,396.53745,139.26485,87.54451
2597,21.633,342.63931,176.75562,316.55386,349.50009,229.10654,79.57476,396.74484,139.54573,87.60458
2598,21.642,342.63931,176.75562,316.55386,349.44531,229.28276,79.71224,396.5386,139.58411,87.44789
2599,21.65,342.65607,177.25023,316.01913,349.39136,229.25417,79.46323,396.74484,139.54573,87.60458
2600,21.658,342.5481,177.44951,316.39932,349.39136,229.25417,79.46323,396.74484,139.54573,87.60458
2601,21.667,342.66251,177.26602,316.43652,349.39136,229.25417,79.46323,396.74365,139.2265,87.70116
2602,21.675,342.69028,177.52258,316.47061,349.39136,229.25417,79.46323,396.77451,139.58484,87.72068
2603,21.683,342.69028,177.52258,316.47061,349.50009,229.10654,79.57476,396.77451,139.58484,87.72068
2604,21.692,342.58688,177.42917,315.92535,349.50009,229.10654,79.57476,396.70422,139.46201,87.65531
2605,21.7,342.68176,177.306,316.05389,349.74084,229.67009,79.23226,396.77332,139.26561,87.81726
2606,21.708,342.75095,177.12706,316.14764,349.39136,229.25417,79.46323,396.74365,139.2265,87.70116
2607,21.717,342.85251,176.90356,316.53439,349.39136,229.25417,79.46323,396.74365,139.2265,87.70116
2608,21.725,343.03714,176.69809,316.68216,349.50009,229.10654,79.57476,396.78415,139.19824,87.52689
2609,21.733,343.25153,176.60512,316.66647,349.50009,229.10654,79.57476,396.53113,138.86409,87.24904
2610,21.742,343.25153,176.60512,316.66647,349.50009,229.10654,79.57476,396.57794,139.2366,87.37022
2611,21.75,343.25153,176.60512,316.66647,349.50009,229.10654,79.57476,396.71387,139.07542,87.46151
2612,21.758,343.32257,176.68001,316.57574,349.50009,229.10654,79.57476,396.71387,139.07542,87.46151
2613,21.767,343.25153,176.60512,316.66647,349.50009,229.10654,79.57476,396.53113,138.86409,87.24904
2614,21.775,343.24686,176.84331,316.06445,349.49472,229.02698,79.63503,396.73727,138.82571,87.40569
2615,21.783,343.24686,176.84331,316.06445,349.84421,229.44296,79.40406,396.73727,138.82571,87.40569
2616,21.792,343.32257,176.68001,316.57574,349.53439,228.86258,79.54377,396.78415,139.19824,87.52689
2617,21.8,343.32257,176.68001,316.57574,349.49472,229.02698,79.63503,396.71387,139.07542,87.46151
2618,21.808,343.29196,176.97849,316.09818,349.38596,229.17462,79.52351,396.50769,139.11378,87.30485
2619,21.817,343.36765,176.81517,316.60944,349.42566,229.01022,79.43224,396.80756,138.94852,87.47106
2620,21.825,343.29196,176.97849,316.09818,349.53439,228.86258,79.54377,396.71387,139.07542,87.46151
2621,21.833,343.29196,176.97849,316.09818,349.65112,229.28847,79.43285,396.57794,139.2366,87.37022
2622,21.842,343.29196,176.97849,316.09818,349.53699,229.35658,79.3816,396.71387,139.07542,87.46151
2623,21.85,343.29196,176.97849,316.09818,349.54236,229.4361,79.32133,396.78415,139.19824,87.52689
2624,21.858,343.3392,177.17477,316.04092,349.39136,229.25417,79.46323,396.78415,139.19824,87.52689
2625,21.867,342.86929,177.39822,315.99966,349.54236,229.4361,79.32133,396.71387,139.07542,87.46151
2626,21.875,342.82202,177.20197,316.05688,349.54236,229.4361,79.32133,396.78415,139.19824,87.52689
2627,21.883,343.06766,177.09402,316.04398,349.54236,229.4361,79.32133,396.77835,139.46898,87.47543
2628,21.892,343.29196,176.97849,316.09818,349.54236,229.4361,79.32133,396.57794,139.2366,87.37022
2629,21.9,343.24686,176.84331,316.06445,349.54236,229.4361,79.32133,396.50769,139.11378,87.30485
2630,21.908,343.17581,176.76842,316.15521,349.54236,229.4361,79.32133,396.57794,139.2366,87.37022
2631,21.917,343.17581,176.76842,316.15521,349.54236,229.4361,79.32133,396.50769,139.11378,87.30485
2632,21.925,343.17581,176.76842,316.15521,349.58206,229.27171,79.23006,396.57794,139.2366,87.37022
2633,21.933,343.32257,176.68001,316.57574,349.54236,229.4361,79.32133,396.50769,139.11378,87.30485
2634,21.942,343.32257,176.68001,316.57574,349.39136,229.25417,79.46323,396.50769,139.11378,87.30485
2635,21.95,343.1337,176.51389,316.58475,349.39136,229.25417,79.46323,396.53113,138.86409,87.24904
2636,21.958,343.32257,176.68001,316.57574,349.38596,229.17462,79.52351,396.73727,138.82571,87.40569
2637,21.967,343.32257,176.68001,316.57574,349.39136,229.25417,79.46323,396.71387,139.07542,87.46151
2638,21.975,343.25153,176.60512,316.66647,349.43103,229.08977,79.37197,396.71387,139.07542,87.46151
2639,21.983,343.25153,176.60512,316.66647,349.38596,229.17462,79.52351,396.53113,138.86409,87.24904
2640,21.992,343.25153,176.60512,316.66647,349.49472,229.02698,79.63503,396.53113,138.86409,87.24904
2641,22,343.25153,176.60512,316.66647,349.38596,229.17462,79.52351,396.53113,138.86409,87.24904
2642,22.008,343.25153,176.60512,316.66647,349.39136,229.25417,79.46323,396.57794,139.2366,87.37022
2643,22.017,343.25153,176.60512,316.66647,349.49472,229.02698,79.63503,396.71387,139.07542,87.46151
2644,22.025,343.25153,176.60512,316.66647,349.49472,229.02698,79.63503,396.53113,138.86409,87.24904
2645,22.033,342.78143,176.82867,316.62515,349.50009,229.10654,79.57476,396.60138,138.98688,87.31441
2646,22.042,342.78143,176.82867,316.62515,349.39136,229.25417,79.46323,396.70807,139.34615,87.41006
2647,22.05,342.78143,176.82867,316.62515,349.39136,229.25417,79.46323,396.78415,139.19824,87.52689
2648,22.058,342.78143,176.82867,316.62515,349.43103,229.08977,79.37197,396.78415,139.19824,87.52689
2649,22.067,342.78143,176.82867,316.62515,349.50009,229.10654,79.57476,396.78415,139.19824,87.52689
2650,22.075,342.78143,176.82867,316.62515,349.50009,229.10654,79.57476,396.77835,139.46898,87.47543
2651,22.083,342.78143,176.82867,316.62515,349.39136,229.25417,79.46323,396.79672,139.01587,87.76143
2652,22.092,342.63931,176.75562,316.55386,349.50009,229.10654,79.57476,396.50769,139.11378,87.30485
2653,22.1,342.63931,176.75562,316.55386,349.53979,228.94214,79.48351,396.74365,139.2265,87.70116
2654,22.108,342.51971,176.6656,316.47287,349.39136,229.25417,79.46323,396.71387,139.07542,87.46151
2655,22.117,342.30899,176.23647,316.62088,349.50009,229.10654,79.57476,396.50769,139.11378,87.30485
2656,22.125,342.42856,176.32648,316.70187,349.50009,229.10654,79.57476,396.50769,139.11378,87.30485
2657,22.133,342.63931,176.75562,316.55386,349.50009,229.10654,79.57476,396.73727,138.82571,87.40569
2658,22.142,342.51971,176.6656,316.47287,349.50009,229.10654,79.57476,396.73727,138.82571,87.40569
2659,22.15,342.91858,176.53253,316.53818,349.50009,229.10654,79.57476,396.50769,139.11378,87.30485
2660,22.158,343.12079,176.30994,316.46201,349.50009,229.10654,79.57476,396.71387,139.07542,87.46151
2661,22.167,342.923,176.08469,316.73276,349.50009,229.10654,79.57476,396.50769,139.11378,87.30485
2662,22.175,343.0408,176.1759,316.81451,349.49472,229.02698,79.63503,396.78415,139.19824,87.52689
2663,22.183,343.25153,176.60512,316.66647,349.49472,229.02698,79.63503,396.73727,138.82571,87.40569
2664,22.192,343.25153,176.60512,316.66647,349.50009,229.10654,79.57476,396.71387,139.07542,87.46151
2665,22.2,343.25153,176.60512,316.66647,349.50009,229.10654,79.57476,396.71387,139.07542,87.46151
2666,22.208,343.25153,176.60512,316.66647,349.50009,229.10654,79.57476,396.78415,139.19824,87.52689
2667,22.217,343.25153,176.60512,316.66647,349.50009,229.10654,79.57476,396.71387,139.07542,87.46151
2668,22.225,343.03714,176.69809,316.68216,349.50009,229.10654,79.57476,396.71387,139.07542,87.46151
2669,22.233,343.08224,176.83325,316.71588,349.49472,229.02698,79.63503,396.78415,139.19824,87.52689
2670,22.242,342.96146,176.86137,316.1709,349.50009,229.10654,79.57476,396.78415,139.19824,87.52689
2671,22.25,342.89764,177.03874,316.56808,349.50009,229.10654,79.57476,396.57794,139.2366,87.37022
2672,22.258,343.15332,176.90814,316.62512,349.50009,229.10654,79.57476,396.74365,139.2265,87.70116
2673,22.267,343.24686,176.84331,316.06445,349.50009,229.10654,79.57476,396.57794,139.2366,87.37022
2674,22.275,343.07764,177.07144,316.11389,349.49472,229.02698,79.63503,396.71387,139.07542,87.46151
2675,22.283,343.32257,176.68001,316.57574,349.50009,229.10654,79.57476,396.78415,139.19824,87.52689
2676,22.292,343.25153,176.60512,316.66647,349.50009,229.10654,79.57476,396.78415,139.19824,87.52689
2677,22.3,343.17581,176.76842,316.15521,349.50009,229.10654,79.57476,396.57794,139.2366,87.37022
2678,22.308,343.25153,176.60512,316.66647,349.50009,229.10654,79.57476,396.71387,139.07542,87.46151
2679,22.317,343.17581,176.76842,316.15521,349.54236,229.4361,79.32133,396.71387,139.07542,87.46151
2680,22.325,343.17581,176.76842,316.15521,349.39136,229.25417,79.46323,396.71387,139.07542,87.46151
2681,22.333,343.32257,176.68001,316.57574,349.50009,229.10654,79.57476,396.78415,139.19824,87.52689
2682,22.342,343.32257,176.68001,316.57574,349.50009,229.10654,79.57476,396.53113,138.86409,87.24904
2683,22.35,343.32257,176.68001,316.57574,349.49472,229.02698,79.63503,396.60138,138.98688,87.31441
2684,22.358,343.24686,176.84331,316.06445,349.50009,229.10654,79.57476,396.73727,138.82571,87.40569
2685,22.367,343.29196,176.97849,316.09818,349.74084,229.67009,79.23226,396.71387,139.07542,87.46151
2686,22.375,343.24686,176.84331,316.06445,349.73544,229.59059,79.29254,396.78415,139.19824,87.52689
2687,22.383,343.17581,176.76842,316.15521,349.74084,229.67009,79.23226,396.78415,139.19824,87.52689
2688,22.392,343.29196,176.97849,316.09818,349.54236,229.4361,79.32133,396.57794,139.2366,87.37022
2689,22.4,343.29196,176.97849,316.09818,349.39136,229.25417,79.46323,396.50769,139.11378,87.30485
2690,22.408,343.29196,176.97849,316.09818,349.50009,229.10654,79.57476,396.80756,138.94852,87.47106
2691,22.417,342.77689,177.06679,316.02316,349.39136,229.25417,79.46323,396.57794,139.2366,87.37022
2692,22.425,342.77689,177.06679,316.02316,349.39136,229.25417,79.46323,396.50769,139.11378,87.30485
2693,22.433,342.77689,177.06679,316.02316,349.54236,229.4361,79.32133,396.57794,139.2366,87.37022
2694,22.442,342.70581,176.99188,316.11392,349.74084,229.67009,79.23226,396.50769,139.11378,87.30485
2695,22.45,342.56366,176.91882,316.04263,349.54236,229.4361,79.32133,396.74484,139.54573,87.60458
2696,22.458,342.56366,176.91882,316.04263,349.54236,229.4361,79.32133,396.74365,139.2265,87.70116
2697,22.467,342.63931,176.75562,316.55386,349.39136,229.25417,79.46323,396.57794,139.2366,87.37022
2698,22.475,342.51971,176.6656,316.47287,349.39136,229.25417,79.46323,396.50769,139.11378,87.30485
2699,22.483,342.30899,176.23647,316.62088,349.39136,229.25417,79.46323,396.50769,139.11378,87.30485
2700,22.492,342.51971,176.6656,316.47287,349.39136,229.25417,79.46323,396.53113,138.86409,87.24904
2701,22.5,342.51971,176.6656,316.47287,349.39136,229.25417,79.46323,396.50769,139.11378,87.30485
2702,22.508,342.51971,176.6656,316.47287,349.39136,229.25417,79.46323,396.57794,139.2366,87.37022
2703,22.517,342.51971,176.6656,316.47287,349.39136,229.25417,79.46323,396.50769,139.11378,87.30485
2704,22.525,342.63931,176.75562,316.55386,349.43103,229.08977,79.37197,396.50769,139.11378,87.30485
2705,22.533,342.78143,176.82867,316.62515,349.53979,228.94214,79.48351,396.50769,139.11378,87.30485
2706,22.542,342.78143,176.82867,316.62515,349.50009,229.10654,79.57476,396.80756,138.94852,87.47106
2707,22.55,343.32257,176.68001,316.57574,349.39136,229.25417,79.46323,396.78415,139.19824,87.52689
2708,22.558,343.36765,176.81517,316.60944,349.43103,229.08977,79.37197,396.71387,139.07542,87.46151
2709,22.567,343.29663,176.74028,316.7002,349.43103,229.08977,79.37197,396.71387,139.07542,87.46151
2710,22.575,343.36765,176.81517,316.60944,349.39136,229.25417,79.46323,396.78415,139.19824,87.52689
2711,22.583,343.25153,176.60512,316.66647,349.50009,229.10654,79.57476,396.78415,139.19824,87.52689
2712,22.592,343.29663,176.74028,316.7002,349.50009,229.10654,79.57476,396.50769,139.11378,87.30485
2713,22.6,343.32257,176.68001,316.57574,349.50009,229.10654,79.57476,396.78415,139.19824,87.52689
2714,22.608,343.25153,176.60512,316.66647,349.53979,228.94214,79.48351,396.71387,139.07542,87.46151
2715,22.617,343.25153,176.60512,316.66647,349.50009,229.10654,79.57476,396.50769,139.11378,87.30485
2716,22.625,343.25153,176.60512,316.66647,349.50009,229.10654,79.57476,396.50769,139.11378,87.30485
2717,22.633,343.25153,176.60512,316.66647,349.49472,229.02698,79.63503,396.78415,139.19824,87.52689
2718,22.642,343.25153,176.60512,316.66647,349.50009,229.10654,79.57476,396.78415,139.19824,87.52689
2719,22.65,343.25153,176.60512,316.66647,349.49472,229.02698,79.63503,396.71387,139.07542,87.46151
2720,22.658,343.27509,176.51262,316.59378,349.49472,229.02698,79.63503,396.71387,139.07542,87.46151
2721,22.667,343.25153,176.60512,316.66647,349.49472,229.02698,79.63503,396.71387,139.07542,87.46151
2722,22.675,343.25153,176.60512,316.66647,349.49472,229.02698,79.63503,396.53113,138.86409,87.24904
2723,22.683,342.86444,175.63557,316.42352,349.49472,229.02698,79.63503,396.53113,138.86409,87.24904
2724,22.692,342.7981,175.59206,316.62289,349.53979,228.94214,79.48351,396.60541,138.46255,87.3851
2725,22.7,342.91428,175.31424,316.6217,349.70917,228.82228,79.68007,396.73727,138.82571,87.40569
2726,22.708,342.98816,175.15909,316.51617,349.53439,228.86258,79.54377,396.53113,138.86409,87.24904
2727,22.717,342.91428,175.31424,316.6217,349.53439,228.86258,79.54377,396.71387,139.07542,87.46151
2728,22.725,342.87198,175.43689,316.51733,349.49472,229.02698,79.63503,396.73727,138.82571,87.40569
2729,22.733,342.7981,175.59206,316.62289,349.53979,228.94214,79.48351,396.73727,138.82571,87.40569
2730,22.742,342.94186,175.66385,316.69336,349.53439,228.86258,79.54377,396.73727,138.82571,87.40569
2731,22.75,342.77921,176.01288,316.66229,349.49472,229.02698,79.63503,396.60541,138.46255,87.3851
2732,22.758,342.56476,176.10585,316.67795,349.49472,229.02698,79.63503,396.53113,138.86409,87.24904
2733,22.767,342.30899,176.23647,316.62088,349.49472,229.02698,79.63503,396.50769,139.11378,87.30485
2734,22.775,342.42856,176.32648,316.70187,349.50009,229.10654,79.57476,396.50769,139.11378,87.30485
2735,22.783,342.63931,176.75562,316.55386,349.39136,229.25417,79.46323,396.78415,139.19824,87.52689
2736,22.792,342.78143,176.82867,316.62515,349.39136,229.25417,79.46323,396.71387,139.07542,87.46151
2737,22.8,342.66357,176.73743,316.54337,349.49472,229.02698,79.63503,396.71387,139.07542,87.46151
2738,22.808,342.78143,176.82867,316.62515,349.50009,229.10654,79.57476,396.78415,139.19824,87.52689
2739,22.817,342.78143,176.82867,316.62515,349.50009,229.10654,79.57476,396.69681,138.85397,87.57998
2740,22.825,342.63931,176.75562,316.55386,349.50009,229.10654,79.57476,396.49063,138.89235,87.42334
2741,22.833,342.56366,176.91882,316.04263,349.39136,229.25417,79.46323,396.50769,139.11378,87.30485
2742,22.842,342.63931,176.75562,316.55386,349.39136,229.25417,79.46323,396.71387,139.07542,87.46151
2743,22.85,342.63931,176.75562,316.55386,349.39136,229.25417,79.46323,396.57794,139.2366,87.37022
2744,22.858,342.91931,176.60686,316.6004,349.39136,229.25417,79.46323,396.50769,139.11378,87.30485
2745,22.867,343.10944,176.53207,316.59521,349.50009,229.10654,79.57476,396.53113,138.86409,87.24904
2746,22.875,342.98987,176.44206,316.51425,349.50009,229.10654,79.57476,396.73727,138.82571,87.40569
2747,22.883,343.15726,176.42139,316.51202,349.53979,228.94214,79.48351,396.73727,138.82571,87.40569
2748,22.892,343.27509,176.51262,316.59378,349.50009,229.10654,79.57476,396.73727,138.82571,87.40569
2749,22.9,343.25153,176.60512,316.66647,349.38596,229.17462,79.52351,396.50769,139.11378,87.30485
2750,22.908,343.33997,176.39958,316.54153,349.42566,229.01022,79.43224,396.50769,139.11378,87.30485
2751,22.917,343.36679,176.31038,316.46774,349.43103,229.08977,79.37197,396.73727,138.82571,87.40569
2752,22.925,343.27509,176.51262,316.59378,349.53439,228.86258,79.54377,396.73727,138.82571,87.40569
2753,22.933,343.32257,176.68001,316.57574,349.53439,228.86258,79.54377,396.73727,138.82571,87.40569
2754,22.942,343.32257,176.68001,316.57574,349.49472,229.02698,79.63503,396.53113,138.86409,87.24904
2755,22.95,343.24686,176.84331,316.06445,349.53439,228.86258,79.54377,396.53113,138.86409,87.24904
2756,22.958,343.24686,176.84331,316.06445,349.43103,229.08977,79.37197,396.71387,139.07542,87.46151
2757,22.967,343.17581,176.76842,316.15521,349.39136,229.25417,79.46323,396.71387,139.07542,87.46151
2758,22.975,343.24686,176.84331,316.06445,349.38596,229.17462,79.52351,396.71387,139.07542,87.46151
2759,22.983,343.24686,176.84331,316.06445,349.39136,229.25417,79.46323,396.71387,139.07542,87.46151
2760,22.992,343.36765,176.81517,316.60944,349.38596,229.17462,79.52351,396.80756,138.94852,87.47106
2761,23,343.32257,176.68001,316.57574,349.50009,229.10654,79.57476,396.73727,138.82571,87.40569
2762,23.008,343.32257,176.68001,316.57574,349.49472,229.02698,79.63503,396.73727,138.82571,87.40569
2763,23.017,343.25153,176.60512,316.66647,349.42566,229.01022,79.43224,396.50769,139.11378,87.30485
2764,23.025,343.25153,176.60512,316.66647,349.42566,229.01022,79.43224,396.50769,139.11378,87.30485
2765,23.033,343.25153,176.60512,316.66647,349.39136,229.25417,79.46323,396.50769,139.11378,87.30485
2766,23.042,343.25153,176.60512,316.66647,349.42566,229.01022,79.43224,396.50769,139.11378,87.30485
2767,23.05,343.1337,176.51389,316.58475,349.39136,229.25417,79.46323,396.73727,138.82571,87.40569
2768,23.058,342.98987,176.44206,316.51425,349.49472,229.02698,79.63503,396.73727,138.82571,87.40569
2769,23.067,343.01343,176.34956,316.44153,349.50009,229.10654,79.57476,396.53113,138.86409,87.24904
2770,23.075,342.9075,175.95174,316.67334,349.49472,229.02698,79.63503,396.53113,138.86409,87.24904
2771,23.083,342.93433,175.86253,316.59958,349.49472,229.02698,79.63503,396.53113,138.86409,87.24904
2772,23.092,342.77124,175.68124,316.69666,349.49472,229.02698,79.63503,396.53113,138.86409,87.24904
2773,23.1,342.7981,175.59206,316.62289,349.50009,229.10654,79.57476,396.53113,138.86409,87.24904
2774,23.108,342.5661,175.90637,316.47479,349.49472,229.02698,79.63503,396.53113,138.86409,87.24904
2775,23.117,342.50421,176.53267,316.41345,349.49472,229.02698,79.63503,396.71387,139.07542,87.46151
2776,23.125,342.51971,176.6656,316.47287,349.50009,229.10654,79.57476,396.71387,139.07542,87.46151
2777,23.133,342.51971,176.6656,316.47287,349.49472,229.02698,79.63503,396.71387,139.07542,87.46151
2778,23.142,342.30899,176.23647,316.62088,349.50009,229.10654,79.57476,396.71387,139.07542,87.46151
2779,23.15,342.30899,176.23647,316.62088,349.50009,229.10654,79.57476,396.50769,139.11378,87.30485
2780,23.158,342.30899,176.23647,316.62088,349.39136,229.25417,79.46323,396.78415,139.19824,87.52689
2781,23.167,342.42856,176.32648,316.70187,349.50009,229.10654,79.57476,396.50769,139.11378,87.30485
2782,23.175,342.63931,176.75562,316.55386,349.50009,229.10654,79.57476,396.67337,139.10368,87.6358
2783,23.183,342.51971,176.6656,316.47287,349.50009,229.10654,79.57476,396.57794,139.2366,87.37022
2784,23.192,342.63931,176.75562,316.55386,349.50009,229.10654,79.57476,396.57794,139.2366,87.37022
2785,23.2,342.63931,176.75562,316.55386,349.50009,229.10654,79.57476,396.57794,139.2366,87.37022
2786,23.208,342.30899,176.23647,316.62088,349.50009,229.10654,79.57476,396.71387,139.07542,87.46151
2787,23.217,342.30899,176.23647,316.62088,349.50009,229.10654,79.57476,396.71387,139.07542,87.46151
2788,23.225,342.30899,176.23647,316.62088,349.50009,229.10654,79.57476,396.78415,139.19824,87.52689
2789,23.233,342.30899,176.23647,316.62088,349.50009,229.10654,79.57476,396.70807,139.34615,87.41006
2790,23.242,342.51971,176.6656,316.47287,349.50009,229.10654,79.57476,396.78415,139.19824,87.52689
2791,23.25,342.77545,176.53502,316.52994,349.49472,229.02698,79.63503,396.71387,139.07542,87.46151
2792,23.258,343.09393,176.39912,316.5358,349.50009,229.10654,79.57476,396.73727,138.82571,87.40569
2793,23.267,343.25153,176.60512,316.66647,349.49472,229.02698,79.63503,396.53113,138.86409,87.24904
2794,23.275,343.25153,176.60512,316.66647,349.49472,229.02698,79.63503,396.53113,138.86409,87.24904
2795,23.283,343.25153,176.60512,316.66647,349.49472,229.02698,79.63503,396.53113,138.86409,87.24904
2796,23.292,343.25153,176.60512,316.66647,349.49472,229.02698,79.63503,396.73727,138.82571,87.40569
2797,23.3,343.25153,176.60512,316.66647,349.53439,228.86258,79.54377,396.73727,138.82571,87.40569
2798,23.308,343.32257,176.68001,316.57574,349.53439,228.86258,79.54377,396.73727,138.82571,87.40569
2799,23.317,343.32257,176.68001,316.57574,349.53979,228.94214,79.48351,396.73727,138.82571,87.40569
2800,23.325,343.32257,176.68001,316.57574,349.49472,229.02698,79.63503,396.73727,138.82571,87.40569
2801,23.333,343.32257,176.68001,316.57574,349.49472,229.02698,79.63503,396.71387,139.07542,87.46151
2802,23.342,343.32257,176.68001,316.57574,349.49472,229.02698,79.63503,396.71387,139.07542,87.46151
2803,23.35,343.32257,176.68001,316.57574,349.50009,229.10654,79.57476,396.78415,139.19824,87.52689
2804,23.358,343.17581,176.76842,316.15521,349.50009,229.10654,79.57476,396.50769,139.11378,87.30485
2805,23.367,343.10822,176.77298,316.59143,349.50009,229.10654,79.57476,396.73727,138.82571,87.40569
2806,23.375,342.78143,176.82867,316.62515,349.50009,229.10654,79.57476,396.80756,138.94852,87.47106
2807,23.383,342.85251,176.90356,316.53439,349.50009,229.10654,79.57476,396.71387,139.07542,87.46151
2808,23.392,342.78143,176.82867,316.62515,349.39136,229.25417,79.46323,396.78415,139.19824,87.52689
2809,23.4,342.78143,176.82867,316.62515,349.38596,229.17462,79.52351,396.71387,139.07542,87.46151
2810,23.408,342.56366,176.91882,316.04263,349.53699,229.35658,79.3816,396.57794,139.2366,87.37022
2811,23.417,342.51971,176.6656,316.47287,349.54236,229.4361,79.32133,396.50769,139.11378,87.30485
2812,23.425,342.50421,176.53267,316.41345,349.49472,229.02698,79.63503,396.50769,139.11378,87.30485
2813,23.433,342.29349,176.10353,316.56146,349.53439,228.86258,79.54377,396.53113,138.86409,87.24904
2814,23.442,342.29349,176.10353,316.56146,349.50009,229.10654,79.57476,396.53113,138.86409,87.24904
2815,23.45,342.29349,176.10353,316.56146,349.50009,229.10654,79.57476,396.53113,138.86409,87.24904
2816,23.458,342.50421,176.53267,316.41345,349.43103,229.08977,79.37197,396.53113,138.86409,87.24904
2817,23.467,342.53104,176.44348,316.33966,349.43103,229.08977,79.37197,396.50769,139.11378,87.30485
2818,23.475,343.00122,176.21994,316.38104,349.38596,229.17462,79.52351,396.71387,139.07542,87.46151
2819,23.483,342.97437,176.30913,316.45483,349.50009,229.10654,79.57476,396.53113,138.86409,87.24904
2820,23.492,342.97437,176.30913,316.45483,349.49472,229.02698,79.63503,396.73727,138.82571,87.40569
2821,23.5,343.25153,176.60512,316.66647,349.49472,229.02698,79.63503,396.73727,138.82571,87.40569
2822,23.508,343.1337,176.51389,316.58475,349.53439,228.86258,79.54377,396.73727,138.82571,87.40569
2823,23.517,343.25153,176.60512,316.66647,349.38596,229.17462,79.52351,396.71387,139.07542,87.46151
2824,23.525,343.17581,176.76842,316.15521,349.42566,229.01022,79.43224,396.57794,139.2366,87.37022
2825,23.533,343.24686,176.84331,316.06445,349.43103,229.08977,79.37197,396.71387,139.07542,87.46151
2826,23.542,343.24686,176.84331,316.06445,349.39136,229.25417,79.46323,396.50769,139.11378,87.30485
2827,23.55,343.24686,176.84331,316.06445,349.42566,229.01022,79.43224,396.73727,138.82571,87.40569
2828,23.558,343.17581,176.76842,316.15521,349.49472,229.02698,79.63503,396.73727,138.82571,87.40569
2829,23.567,343.17581,176.76842,316.15521,349.50009,229.10654,79.57476,396.73727,138.82571,87.40569
2830,23.575,343.08224,176.83325,316.71588,349.39136,229.25417,79.46323,396.71387,139.07542,87.46151
2831,23.583,343.02716,176.72072,316.61224,349.39136,229.25417,79.46323,396.78415,139.19824,87.52689
2832,23.592,342.78143,176.82867,316.62515,349.39136,229.25417,79.46323,396.50769,139.11378,87.30485
2833,23.6,342.78143,176.82867,316.62515,349.38596,229.17462,79.52351,396.50769,139.11378,87.30485
2834,23.608,342.63931,176.75562,316.55386,349.49472,229.02698,79.63503,396.50769,139.11378,87.30485
2835,23.617,342.51971,176.6656,316.47287,349.50009,229.10654,79.57476,396.53113,138.86409,87.24904
2836,23.625,342.29349,176.10353,316.56146,349.50009,229.10654,79.57476,396.53113,138.86409,87.24904
2837,23.633,342.29349,176.10353,316.56146,349.39136,229.25417,79.46323,396.71387,139.07542,87.46151
2838,23.642,342.30096,175.90491,316.65524,349.39136,229.25417,79.46323,396.71387,139.07542,87.46151
2839,23.65,342.40167,175.66055,316.47592,349.39136,229.25417,79.46323,396.71387,139.07542,87.46151
2840,23.658,342.37479,175.2495,316.29312,349.39136,229.25417,79.46323,396.50769,139.11378,87.30485
2841,23.667,342.37479,175.2495,316.29312,349.49472,229.02698,79.63503,396.53113,138.86409,87.24904
2842,23.675,342.37479,175.2495,316.29312,349.49472,229.02698,79.63503,396.60541,138.46255,87.3851
2843,23.683,342.37479,175.2495,316.29312,349.53439,228.86258,79.54377,396.40546,138.71161,87.20725
2844,23.692,342.37479,175.2495,316.29312,349.49472,229.02698,79.63503,396.53113,138.86409,87.24904
2845,23.7,342.37479,175.2495,316.29312,349.53439,228.86258,79.54377,396.50769,139.11378,87.30485
2846,23.708,342.37479,175.2495,316.29312,349.53439,228.86258,79.54377,396.50769,139.11378,87.30485
2847,23.717,342.18475,175.68246,316.39987,349.50009,229.10654,79.57476,396.55908,138.75378,87.16487
2848,23.725,342.32779,175.8157,316.58145,349.53439,228.86258,79.54377,396.53113,138.86409,87.24904
2849,23.733,342.29349,176.10353,316.56146,349.49472,229.02698,79.63503,396.73727,138.82571,87.40569
2850,23.742,342.30899,176.23647,316.62088,349.49472,229.02698,79.63503,396.73727,138.82571,87.40569
2851,23.75,342.51971,176.6656,316.47287,349.53979,228.94214,79.48351,396.73727,138.82571,87.40569
2852,23.758,343.03714,176.69809,316.68216,349.50009,229.10654,79.57476,396.71387,139.07542,87.46151
2853,23.767,343.32257,176.68001,316.57574,349.53439,228.86258,79.54377,396.71387,139.07542,87.46151
2854,23.775,343.32257,176.68001,316.57574,349.53979,228.94214,79.48351,396.57794,139.2366,87.37022
2855,23.783,343.36765,176.81517,316.60944,349.50009,229.10654,79.57476,396.78415,139.19824,87.52689
2856,23.792,343.36765,176.81517,316.60944,349.50009,229.10654,79.57476,396.73727,138.82571,87.40569
2857,23.8,343.41489,177.01151,316.55219,349.49472,229.02698,79.63503,396.53113,138.86409,87.24904
2858,23.808,343.41489,177.01151,316.55219,349.53979,228.94214,79.48351,396.78415,139.19824,87.52689
2859,23.817,343.36765,176.81517,316.60944,349.53979,228.94214,79.48351,396.78415,139.19824,87.52689
2860,23.825,343.32257,176.68001,316.57574,349.50009,229.10654,79.57476,396.71387,139.07542,87.46151
2861,23.833,343.36765,176.81517,316.60944,349.49472,229.02698,79.63503,396.71387,139.07542,87.46151
2862,23.842,343.42648,176.60742,316.51022,349.53439,228.86258,79.54377,396.73727,138.82571,87.40569
2863,23.85,343.32257,176.68001,316.57574,349.70917,228.82228,79.68007,396.73727,138.82571,87.40569
2864,23.858,343.54269,176.32968,316.50903,349.53439,228.86258,79.54377,396.53113,138.86409,87.24904
2865,23.867,343.37738,176.07108,316.44531,349.53439,228.86258,79.54377,396.53113,138.86409,87.24904
2866,23.875,343.483,176.03267,316.46655,349.70917,228.82228,79.68007,396.53113,138.86409,87.24904
2867,23.883,343.44153,175.57149,316.36044,349.53439,228.86258,79.54377,396.73727,138.82571,87.40569
2868,23.892,343.26874,175.8154,316.54413,349.53439,228.86258,79.54377,396.73727,138.82571,87.40569
2869,23.9,343.09207,175.0865,316.45062,349.70917,228.82228,79.68007,396.54404,138.64191,87.25531
2870,23.908,342.79053,175.79074,316.52908,349.53439,228.86258,79.54377,396.73727,138.82571,87.40569
2871,23.917,342.55679,175.77425,316.71234,349.53439,228.86258,79.54377,396.73727,138.82571,87.40569
2872,23.925,342.51971,176.6656,316.47287,349.39136,229.25417,79.46323,396.71387,139.07542,87.46151
2873,23.933,342.51971,176.6656,316.47287,349.50009,229.10654,79.57476,396.71387,139.07542,87.46151
2874,23.942,342.51971,176.6656,316.47287,349.50009,229.10654,79.57476,396.50769,139.11378,87.30485
2875,23.95,342.51971,176.6656,316.47287,349.53979,228.94214,79.48351,396.53113,138.86409,87.24904
2876,23.958,342.30899,176.23647,316.62088,349.50009,229.10654,79.57476,396.50769,139.11378,87.30485
2877,23.967,342.51971,176.6656,316.47287,349.54236,229.4361,79.32133,396.57794,139.2366,87.37022
2878,23.975,342.44406,176.8288,315.96164,349.54236,229.4361,79.32133,396.74365,139.2265,87.70116
2879,23.983,342.44406,176.8288,315.96164,349.54236,229.4361,79.32133,396.57794,139.2366,87.37022
2880,23.992,342.44406,176.8288,315.96164,349.54236,229.4361,79.32133,396.71387,139.07542,87.46151
2881,24,342.44406,176.8288,315.96164,349.54236,229.4361,79.32133,396.53745,139.26485,87.54451
2882,24.008,342.44406,176.8288,315.96164,349.54236,229.4361,79.32133,396.74484,139.54573,87.60458
2883,24.017,342.44406,176.8288,315.96164,349.74084,229.67009,79.23226,396.53745,139.26485,87.54451
2884,24.025,342.51971,176.6656,316.47287,349.58206,229.27171,79.23006,396.46719,139.14204,87.47914
2885,24.033,342.51971,176.6656,316.47287,349.54236,229.4361,79.32133,396.53745,139.26485,87.54451
2886,24.042,342.50421,176.53267,316.41345,349.54236,229.4361,79.32133,396.57794,139.2366,87.37022
2887,24.05,342.51971,176.6656,316.47287,349.54236,229.4361,79.32133,396.71387,139.07542,87.46151
2888,24.058,342.51971,176.6656,316.47287,349.39136,229.25417,79.46323,396.50769,139.11378,87.30485
2889,24.067,342.50421,176.53267,316.41345,349.39136,229.25417,79.46323,396.71387,139.07542,87.46151
2890,24.075,343.13297,176.43956,316.52252,349.43103,229.08977,79.37197,396.50769,139.11378,87.30485
2891,24.083,342.98987,176.44206,316.51425,349.50009,229.10654,79.57476,396.73727,138.82571,87.40569
2892,24.092,343.25153,176.60512,316.66647,349.49472,229.02698,79.63503,396.73727,138.82571,87.40569
2893,24.1,343.25153,176.60512,316.66647,349.49472,229.02698,79.63503,396.73727,138.82571,87.40569
2894,24.108,343.25153,176.60512,316.66647,349.53439,228.86258,79.54377,396.71387,139.07542,87.46151
2895,24.117,343.25153,176.60512,316.66647,349.42566,229.01022,79.43224,396.71387,139.07542,87.46151
2896,24.125,343.29663,176.74028,316.7002,349.39136,229.25417,79.46323,396.50769,139.11378,87.30485
2897,24.133,343.36765,176.81517,316.60944,349.49472,229.02698,79.63503,396.73727,138.82571,87.40569
2898,24.142,343.3392,177.17477,316.04092,349.50009,229.10654,79.57476,396.73727,138.82571,87.40569
2899,24.15,343.3392,177.17477,316.04092,349.53979,228.94214,79.48351,396.71387,139.07542,87.46151
2900,24.158,343.3392,177.17477,316.04092,349.43103,229.08977,79.37197,396.71387,139.07542,87.46151
2901,24.167,343.41489,177.01151,316.55219,349.49472,229.02698,79.63503,396.71387,139.07542,87.46151
2902,24.175,343.29663,176.74028,316.7002,349.50009,229.10654,79.57476,396.71387,139.07542,87.46151
2903,24.183,343.25153,176.60512,316.66647,349.50009,229.10654,79.57476,396.80756,138.94852,87.47106
2904,24.192,343.25153,176.60512,316.66647,349.53439,228.86258,79.54377,396.80756,138.94852,87.47106
2905,24.2,343.25153,176.60512,316.66647,349.49472,229.02698,79.63503,396.73727,138.82571,87.40569
2906,24.208,343.25153,176.60512,316.66647,349.49472,229.02698,79.63503,396.53113,138.86409,87.24904
2907,24.217,343.13297,176.43956,316.52252,349.49472,229.02698,79.63503,396.50769,139.11378,87.30485
2908,24.225,342.79053,175.79074,316.52908,349.38596,229.17462,79.52351,396.50769,139.11378,87.30485
2909,24.233,342.87198,175.43689,316.51733,349.50009,229.10654,79.57476,396.73727,138.82571,87.40569
2910,24.242,342.98816,175.15909,316.51617,349.53439,228.86258,79.54377,396.73727,138.82571,87.40569
2911,24.25,342.98816,175.15909,316.51617,349.53439,228.86258,79.54377,396.73727,138.82571,87.40569
2912,24.258,342.77368,175.25211,316.53183,349.50009,229.10654,79.57476,396.73727,138.82571,87.40569
2913,24.267,342.51785,175.38278,316.47473,349.49472,229.02698,79.63503,396.73727,138.82571,87.40569
2914,24.275,342.51785,175.38278,316.47473,349.49472,229.02698,79.63503,396.73727,138.82571,87.40569
2915,24.283,342.77368,175.25211,316.53183,349.53439,228.86258,79.54377,396.40546,138.71161,87.20725
2916,24.292,342.40167,175.66055,316.47592,349.53439,228.86258,79.54377,396.53113,138.86409,87.24904
2917,24.3,342.32031,176.01434,316.48767,349.53439,228.86258,79.54377,396.53113,138.86409,87.24904
2918,24.308,342.29349,176.10353,316.56146,349.50009,229.10654,79.57476,396.53113,138.86409,87.24904
2919,24.317,342.30899,176.23647,316.62088,349.53979,228.94214,79.48351,396.73727,138.82571,87.40569
2920,24.325,342.30899,176.23647,316.62088,349.50009,229.10654,79.57476,396.73727,138.82571,87.40569
2921,24.333,342.51971,176.6656,316.47287,349.50009,229.10654,79.57476,396.78415,139.19824,87.52689
2922,24.342,342.63931,176.75562,316.55386,349.50009,229.10654,79.57476,396.78415,139.19824,87.52689
2923,24.35,342.51971,176.6656,316.47287,349.43103,229.08977,79.37197,396.78415,139.19824,87.52689
2924,24.358,342.63931,176.75562,316.55386,349.43103,229.08977,79.37197,396.71387,139.07542,87.46151
2925,24.367,342.59079,176.74048,316.38211,349.39136,229.25417,79.46323,396.78415,139.19824,87.52689
2926,24.375,342.63474,176.9937,315.95187,349.53979,228.94214,79.48351,396.78415,139.19824,87.52689
2927,24.383,342.71039,176.83051,316.4631,349.50009,229.10654,79.57476,396.57794,139.2366,87.37022
2928,24.392,342.63931,176.75562,316.55386,349.50009,229.10654,79.57476,396.71387,139.07542,87.46151
2929,24.4,342.78143,176.82867,316.62515,349.50009,229.10654,79.57476,396.73727,138.82571,87.40569
2930,24.408,342.63931,176.75562,316.55386,349.50009,229.10654,79.57476,396.80756,138.94852,87.47106
2931,24.417,342.78143,176.82867,316.62515,349.50009,229.10654,79.57476,396.71387,139.07542,87.46151
2932,24.425,342.51971,176.6656,316.47287,349.53979,228.94214,79.48351,396.71387,139.07542,87.46151
2933,24.433,342.50421,176.53267,316.41345,349.39136,229.25417,79.46323,396.50769,139.11378,87.30485
2934,24.442,343.00122,176.21994,316.38104,349.53439,228.86258,79.54377,396.71387,139.07542,87.46151
2935,24.45,342.97437,176.30913,316.45483,349.49472,229.02698,79.63503,396.73727,138.82571,87.40569
2936,24.458,343.1283,176.11131,316.55582,349.53439,228.86258,79.54377,396.53113,138.86409,87.24904
2937,24.467,343.12494,175.74359,316.47366,349.53439,228.86258,79.54377,396.60541,138.46255,87.3851
2938,24.475,343.11743,175.94221,316.37985,349.53439,228.86258,79.54377,396.73727,138.82571,87.40569
2939,24.483,343.00122,176.21994,316.38104,349.49472,229.02698,79.63503,396.53113,138.86409,87.24904
2940,24.492,343.14505,176.29175,316.45154,349.53439,228.86258,79.54377,396.75018,138.60355,87.41194
2941,24.5,342.97437,176.30913,316.45483,349.42566,229.01022,79.43224,396.71387,139.07542,87.46151
2942,24.508,343.1337,176.51389,316.58475,349.42566,229.01022,79.43224,396.71387,139.07542,87.46151
2943,24.517,343.17581,176.76842,316.15521,349.53439,228.86258,79.54377,396.71387,139.07542,87.46151
2944,24.525,342.95151,176.88396,316.10101,349.53979,228.94214,79.48351,396.73727,138.82571,87.40569
2945,24.533,342.70581,176.99188,316.11392,349.65112,229.28847,79.43285,396.53113,138.86409,87.24904
2946,24.542,342.77689,177.06679,316.02316,349.84958,229.52246,79.34379,396.60138,138.98688,87.31441
2947,24.55,342.70581,176.99188,316.11392,349.54236,229.4361,79.32133,396.71387,139.07542,87.46151
2948,24.558,342.70581,176.99188,316.11392,349.43103,229.08977,79.37197,396.71387,139.07542,87.46151
2949,24.567,342.70581,176.99188,316.11392,349.43103,229.08977,79.37197,396.78415,139.19824,87.52689
2950,24.575,342.70581,176.99188,316.11392,349.39136,229.25417,79.46323,396.71387,139.07542,87.46151
2951,24.583,342.70581,176.99188,316.11392,349.54236,229.4361,79.32133,396.78415,139.19824,87.52689
2952,24.592,342.70581,176.99188,316.11392,349.54236,229.4361,79.32133,396.71387,139.07542,87.46151
2953,24.6,342.44406,176.8288,315.96164,349.53979,228.94214,79.48351,396.71387,139.07542,87.46151
2954,24.608,342.66357,176.73743,316.54337,349.39136,229.25417,79.46323,396.57794,139.2366,87.37022
2955,24.617,342.51971,176.6656,316.47287,349.38596,229.17462,79.52351,396.50769,139.11378,87.30485
2956,24.625,342.98987,176.44206,316.51425,349.53979,228.94214,79.48351,396.50769,139.11378,87.30485
2957,24.633,343.04831,176.15395,316.34924,349.39136,229.25417,79.46323,396.53113,138.86409,87.24904
2958,24.642,342.79053,175.79074,316.52908,349.38596,229.17462,79.52351,396.53113,138.86409,87.24904
2959,24.65,343.05807,175.38603,316.6922,349.42566,229.01022,79.43224,396.53113,138.86409,87.24904
2960,24.658,343.19885,175.58846,316.3681,349.49472,229.02698,79.63503,396.40546,138.71161,87.20725
2961,24.667,343.33762,175.64407,316.42596,349.53439,228.86258,79.54377,396.57199,138.53162,87.17114
2962,24.675,343.22885,175.67101,316.40811,349.53439,228.86258,79.54377,396.76523,138.71541,87.32152
2963,24.683,343.05807,175.38603,316.6922,349.70917,228.82228,79.68007,396.54404,138.64191,87.25531
2964,24.692,343.32681,176.01839,316.51132,349.53439,228.86258,79.54377,396.54404,138.64191,87.25531
2965,24.7,343.24896,176.21916,316.38599,349.53439,228.86258,79.54377,396.55908,138.75378,87.16487
2966,24.708,343.25153,176.60512,316.66647,349.49472,229.02698,79.63503,396.50769,139.11378,87.30485
2967,24.717,343.25153,176.60512,316.66647,349.53439,228.86258,79.54377,396.53113,138.86409,87.24904
2968,24.725,343.25153,176.60512,316.66647,349.53439,228.86258,79.54377,396.53113,138.86409,87.24904
2969,24.733,343.25153,176.60512,316.66647,349.49472,229.02698,79.63503,396.53113,138.86409,87.24904
2970,24.742,343.32257,176.68001,316.57574,349.49472,229.02698,79.63503,396.73727,138.82571,87.40569
2971,24.75,343.32257,176.68001,316.57574,349.49472,229.02698,79.63503,396.73727,138.82571,87.40569
2972,24.758,343.36765,176.81517,316.60944,349.49472,229.02698,79.63503,396.71387,139.07542,87.46151
2973,24.767,342.89764,177.03874,316.56808,349.38596,229.17462,79.52351,396.71387,139.07542,87.46151
2974,24.775,342.85251,176.90356,316.53439,349.50009,229.10654,79.57476,396.71387,139.07542,87.46151
2975,24.783,342.78143,176.82867,316.62515,349.50009,229.10654,79.57476,396.71387,139.07542,87.46151
2976,24.792,342.78143,176.82867,316.62515,349.50009,229.10654,79.57476,396.71387,139.07542,87.46151
2977,24.8,342.78143,176.82867,316.62515,349.53979,228.94214,79.48351,396.50769,139.11378,87.30485
2978,24.808,342.63931,176.75562,316.55386,349.50009,229.10654,79.57476,396.53113,138.86409,87.24904
2979,24.817,342.63931,176.75562,316.55386,349.50009,229.10654,79.57476,396.60138,138.98688,87.31441
2980,24.825,342.51971,176.6656,316.47287,349.50009,229.10654,79.57476,396.73727,138.82571,87.40569
2981,24.833,342.51971,176.6656,316.47287,349.50009,229.10654,79.57476,396.71387,139.07542,87.46151
2982,24.842,342.29349,176.10353,316.56146,349.50009,229.10654,79.57476,396.71387,139.07542,87.46151
2983,24.85,342.32031,176.01434,316.48767,349.50009,229.10654,79.57476,396.71387,139.07542,87.46151
2984,24.858,342.32031,176.01434,316.48767,349.50009,229.10654,79.57476,396.53113,138.86409,87.24904
2985,24.867,342.32031,176.01434,316.48767,349.49472,229.02698,79.63503,396.73727,138.82571,87.40569
2986,24.875,342.32031,176.01434,316.48767,349.53979,228.94214,79.48351,396.55908,138.75378,87.16487
2987,24.883,342.32031,176.01434,316.48767,349.49472,229.02698,79.63503,396.73727,138.82571,87.40569
2988,24.892,342.29349,176.10353,316.56146,349.53439,228.86258,79.54377,396.50769,139.11378,87.30485
2989,24.9,342.51971,176.6656,316.47287,349.53439,228.86258,79.54377,396.53564,139.00346,87.22068
2990,24.908,342.63931,176.75562,316.55386,349.50009,229.10654,79.57476,396.73727,138.82571,87.40569
2991,24.917,342.73465,176.81232,316.45264,349.49472,229.02698,79.63503,396.73727,138.82571,87.40569
2992,24.925,342.71039,176.83051,316.4631,349.49472,229.02698,79.63503,396.73727,138.82571,87.40569
2993,24.933,342.82202,177.20197,316.05688,349.50009,229.10654,79.57476,396.78415,139.19824,87.52689
2994,24.942,342.86929,177.39822,315.99966,349.50009,229.10654,79.57476,396.71387,139.07542,87.46151
2995,24.95,342.79822,177.32332,316.09042,349.50009,229.10654,79.57476,396.78415,139.19824,87.52689
2996,24.958,342.86929,177.39822,315.99966,349.50009,229.10654,79.57476,396.78415,139.19824,87.52689
2997,24.967,343.12491,177.26773,316.05664,349.50009,229.10654,79.57476,396.73727,138.82571,87.40569
2998,24.975,343.3392,177.17477,316.04092,349.50009,229.10654,79.57476,396.50769,139.11378,87.30485
2999,24.983,343.3392,177.17477,316.04092,349.49472,229.02698,79.63503,396.78415,139.19824,87.52689
3000,24.992,343.3392,177.17477,316.04092,349.50009,229.10654,79.57476,396.78415,139.19824,87.52689
3001,25,343.3392,177.17477,316.04092,349.50009,229.10654,79.57476,396.71387,139.07542,87.46151
3002,25.008,343.3392,177.17477,316.04092,349.49472,229.02698,79.63503,396.71387,139.07542,87.46151
3003,25.017,343.17581,176.76842,316.15521,349.49472,229.02698,79.63503,396.71387,139.07542,87.46151
3004,25.025,343.17581,176.76842,316.15521,349.53439,228.86258,79.54377,396.73727,138.82571,87.40569
3005,25.033,343.51431,176.67163,316.70349,349.53439,228.86258,79.54377,396.53113,138.86409,87.24904
3006,25.042,343.61823,176.59904,316.638,349.49472,229.02698,79.63503,396.73727,138.82571,87.40569
3007,25.05,343.47165,176.25481,316.59976,349.49472,229.02698,79.63503,396.75018,138.60355,87.41194
3008,25.058,343.68695,176.15395,316.65485,349.70917,228.82228,79.68007,396.54404,138.64191,87.25531
3009,25.067,343.90137,176.061,316.63916,349.66946,228.98668,79.77131,396.54404,138.64191,87.25531
3010,25.075,343.70959,176.06938,316.51138,349.70917,228.82228,79.68007,396.54404,138.64191,87.25531
3011,25.083,343.68604,176.16188,316.58408,349.66946,228.98668,79.77131,396.54404,138.64191,87.25531
3012,25.092,343.49521,176.16231,316.52707,349.70917,228.82228,79.68007,396.77814,138.49326,87.32778
3013,25.1,343.36774,176.32738,316.66528,349.53439,228.86258,79.54377,396.77814,138.49326,87.32778
3014,25.108,343.25153,176.60512,316.66647,349.53439,228.86258,79.54377,396.53113,138.86409,87.24904
3015,25.117,343.24686,176.84331,316.06445,349.49472,229.02698,79.63503,396.53113,138.86409,87.24904
3016,25.125,343.25153,176.60512,316.66647,349.49472,229.02698,79.63503,396.71387,139.07542,87.46151
3017,25.133,343.36765,176.81517,316.60944,349.38596,229.17462,79.52351,396.50769,139.11378,87.30485
3018,25.142,343.36765,176.81517,316.60944,349.49472,229.02698,79.63503,396.53113,138.86409,87.24904
3019,25.15,342.82202,177.20197,316.05688,349.38596,229.17462,79.52351,396.53113,138.86409,87.24904
3020,25.158,342.86929,177.39822,315.99966,349.39136,229.25417,79.46323,396.71387,139.07542,87.46151
3021,25.167,342.86929,177.39822,315.99966,349.39136,229.25417,79.46323,396.57794,139.2366,87.37022
3022,25.175,342.79822,177.32332,316.09042,349.39136,229.25417,79.46323,396.74365,139.2265,87.70116
3023,25.183,342.79822,177.32332,316.09042,349.39136,229.25417,79.46323,396.74365,139.2265,87.70116
3024,25.192,342.72903,177.50226,315.99664,349.33658,229.4304,79.60072,396.53745,139.26485,87.54451
3025,25.2,342.86929,177.39822,315.99966,349.39136,229.25417,79.46323,396.74484,139.54573,87.60458
3026,25.208,342.94492,177.23505,316.51083,349.39136,229.25417,79.46323,396.53745,139.26485,87.54451
3027,25.217,342.89764,177.03874,316.56808,349.39136,229.25417,79.46323,396.53745,139.26485,87.54451
3028,25.225,342.82657,176.96384,316.65884,349.39136,229.25417,79.46323,396.53745,139.26485,87.54451
3029,25.233,342.51971,176.6656,316.47287,349.39136,229.25417,79.46323,396.53745,139.26485,87.54451
3030,25.242,342.63931,176.75562,316.55386,349.39136,229.25417,79.46323,396.53745,139.26485,87.54451
3031,25.25,342.51971,176.6656,316.47287,349.39136,229.25417,79.46323,396.50769,139.11378,87.30485
3032,25.258,342.30899,176.23647,316.62088,349.39136,229.25417,79.46323,396.73727,138.82571,87.40569
3033,25.267,342.30899,176.23647,316.62088,349.50009,229.10654,79.57476,396.73727,138.82571,87.40569
3034,25.275,342.29349,176.10353,316.56146,349.38596,229.17462,79.52351,396.71387,139.07542,87.46151
3035,25.283,342.29349,176.10353,316.56146,349.38596,229.17462,79.52351,396.50769,139.11378,87.30485
3036,25.292,342.29349,176.10353,316.56146,349.39136,229.25417,79.46323,396.71387,139.07542,87.46151
3037,25.3,342.29349,176.10353,316.56146,349.50009,229.10654,79.57476,396.50769,139.11378,87.30485
3038,25.308,342.30899,176.23647,316.62088,349.49472,229.02698,79.63503,396.53113,138.86409,87.24904
3039,25.317,342.30899,176.23647,316.62088,349.50009,229.10654,79.57476,396.53113,138.86409,87.24904
3040,25.325,342.30899,176.23647,316.62088,349.53979,228.94214,79.48351,396.53113,138.86409,87.24904
3041,25.333,342.30899,176.23647,316.62088,349.49472,229.02698,79.63503,396.73727,138.82571,87.40569
3042,25.342,342.63931,176.75562,316.55386,349.49472,229.02698,79.63503,396.71387,139.07542,87.46151
3043,25.35,342.78143,176.82867,316.62515,349.50009,229.10654,79.57476,396.50769,139.11378,87.30485
3044,25.358,342.82657,176.96384,316.65884,349.49472,229.02698,79.63503,396.74365,139.2265,87.70116
3045,25.367,342.87384,177.16013,316.60159,349.49472,229.02698,79.63503,396.71387,139.07542,87.46151
3046,25.375,342.82657,176.96384,316.65884,349.50009,229.10654,79.57476,396.73727,138.82571,87.40569
3047,25.383,342.87384,177.16013,316.60159,349.50009,229.10654,79.57476,396.78415,139.19824,87.52689
3048,25.392,342.87384,177.16013,316.60159,349.50009,229.10654,79.57476,396.74365,139.2265,87.70116
3049,25.4,342.94492,177.23505,316.51083,349.49472,229.02698,79.63503,396.74365,139.2265,87.70116
3050,25.408,342.82202,177.20197,316.05688,349.50009,229.10654,79.57476,396.53745,139.26485,87.54451
3051,25.417,343.03714,176.69809,316.68216,349.49472,229.02698,79.63503,396.67337,139.10368,87.6358
3052,25.425,343.08224,176.83325,316.71588,349.50009,229.10654,79.57476,396.71387,139.07542,87.46151
3053,25.433,343.25153,176.60512,316.66647,349.49472,229.02698,79.63503,396.74365,139.2265,87.70116
3054,25.442,343.25153,176.60512,316.66647,349.50009,229.10654,79.57476,396.71387,139.07542,87.46151
3055,25.45,343.25153,176.60512,316.66647,349.50009,229.10654,79.57476,396.71387,139.07542,87.46151
3056,25.458,343.25153,176.60512,316.66647,349.49472,229.02698,79.63503,396.73727,138.82571,87.40569
3057,25.467,343.11819,176.38095,316.5253,349.49472,229.02698,79.63503,396.71387,139.07542,87.46151
3058,25.475,343.25153,176.60512,316.66647,349.49472,229.02698,79.63503,396.71387,139.07542,87.46151
3059,25.483,342.98987,176.44206,316.51425,349.50009,229.10654,79.57476,396.71387,139.07542,87.46151
3060,25.492,343.25153,176.60512,316.66647,349.49472,229.02698,79.63503,396.53113,138.86409,87.24904
3061,25.5,343.03714,176.69809,316.68216,349.49472,229.02698,79.63503,396.73727,138.82571,87.40569
3062,25.508,342.78143,176.82867,316.62515,349.53439,228.86258,79.54377,396.73727,138.82571,87.40569
3063,25.517,342.70581,176.99188,316.11392,349.49472,229.02698,79.63503,396.73727,138.82571,87.40569
3064,25.525,342.70581,176.99188,316.11392,349.49472,229.02698,79.63503,396.78415,139.19824,87.52689
3065,25.533,342.70581,176.99188,316.11392,349.49472,229.02698,79.63503,396.71387,139.07542,87.46151
3066,25.542,342.70581,176.99188,316.11392,349.49472,229.02698,79.63503,396.71387,139.07542,87.46151
3067,25.55,342.70581,176.99188,316.11392,349.49472,229.02698,79.63503,396.53745,139.26485,87.54451
3068,25.558,342.79822,177.32332,316.09042,349.49472,229.02698,79.63503,396.70306,139.14278,87.7519
3069,25.567,342.79822,177.32332,316.09042,349.49472,229.02698,79.63503,396.78415,139.19824,87.52689
3070,25.575,342.75095,177.12706,316.14764,349.50009,229.10654,79.57476,396.67337,139.10368,87.6358
3071,25.583,342.75095,177.12706,316.14764,349.50009,229.10654,79.57476,396.74365,139.2265,87.70116
3072,25.592,342.75095,177.12706,316.14764,349.44531,229.28276,79.71224,396.71387,139.07542,87.46151
3073,25.6,342.70581,176.99188,316.11392,349.50009,229.10654,79.57476,396.67337,139.10368,87.6358
3074,25.608,342.78143,176.82867,316.62515,349.39136,229.25417,79.46323,396.50769,139.11378,87.30485
3075,25.617,343.03714,176.69809,316.68216,349.38596,229.17462,79.52351,396.50769,139.11378,87.30485
3076,25.625,343.25153,176.60512,316.66647,349.38596,229.17462,79.52351,396.50769,139.11378,87.30485
3077,25.633,343.1337,176.51389,316.58475,349.53439,228.86258,79.54377,396.53113,138.86409,87.24904
3078,25.642,342.98987,176.44206,316.51425,349.49472,229.02698,79.63503,396.53113,138.86409,87.24904
3079,25.65,342.9819,176.11052,316.54861,349.49472,229.02698,79.63503,396.53113,138.86409,87.24904
3080,25.658,343.08264,175.86617,316.36926,349.49472,229.02698,79.63503,396.53113,138.86409,87.24904
3081,25.667,342.91428,175.31424,316.6217,349.53439,228.86258,79.54377,396.53113,138.86409,87.24904
3082,25.675,342.91428,175.31424,316.6217,349.49472,229.02698,79.63503,396.55908,138.75378,87.16487
3083,25.683,342.87198,175.43689,316.51733,349.53439,228.86258,79.54377,396.53113,138.86409,87.24904
3084,25.692,343.00873,176.02133,316.47482,349.49472,229.02698,79.63503,396.73727,138.82571,87.40569
3085,25.7,342.53104,176.44348,316.33966,349.38596,229.17462,79.52351,396.55908,138.75378,87.16487
3086,25.708,342.29349,176.10353,316.56146,349.38596,229.17462,79.52351,396.40546,138.71161,87.20725
3087,25.717,342.50421,176.53267,316.41345,349.38596,229.17462,79.52351,396.53113,138.86409,87.24904
3088,25.725,342.30899,176.23647,316.62088,349.38596,229.17462,79.52351,396.53113,138.86409,87.24904
3089,25.733,342.63931,176.75562,316.55386,349.39136,229.25417,79.46323,396.53113,138.86409,87.24904
3090,25.742,342.51971,176.6656,316.47287,349.38596,229.17462,79.52351,396.50769,139.11378,87.30485
3091,25.75,342.71039,176.83051,316.4631,349.39136,229.25417,79.46323,396.50769,139.11378,87.30485
3092,25.758,342.85251,176.90356,316.53439,349.39136,229.25417,79.46323,396.57794,139.2366,87.37022
3093,25.767,342.78143,176.82867,316.62515,349.39136,229.25417,79.46323,396.50769,139.11378,87.30485
3094,25.775,342.78143,176.82867,316.62515,349.39136,229.25417,79.46323,396.71387,139.07542,87.46151
3095,25.783,342.78143,176.82867,316.62515,349.39136,229.25417,79.46323,396.78415,139.19824,87.52689
3096,25.792,342.78143,176.82867,316.62515,349.39136,229.25417,79.46323,396.50769,139.11378,87.30485
3097,25.8,342.78143,176.82867,316.62515,349.50009,229.10654,79.57476,396.50769,139.11378,87.30485
3098,25.808,343.25153,176.60512,316.66647,349.38596,229.17462,79.52351,396.57794,139.2366,87.37022
3099,25.817,343.32257,176.68001,316.57574,349.53979,228.94214,79.48351,396.71387,139.07542,87.46151
3100,25.825,343.32257,176.68001,316.57574,349.42566,229.01022,79.43224,396.71387,139.07542,87.46151
3101,25.833,343.32257,176.68001,316.57574,349.53439,228.86258,79.54377,396.80756,138.94852,87.47106
3102,25.842,343.42648,176.60742,316.51022,349.49472,229.02698,79.63503,396.73727,138.82571,87.40569
3103,25.85,343.52008,175.75726,316.51837,349.53439,228.86258,79.54377,396.73727,138.82571,87.40569
3104,25.858,343.44153,175.57149,316.36044,349.70917,228.82228,79.68007,396.75018,138.60355,87.41194
3105,25.867,343.49048,175.83403,316.56036,349.70917,228.82228,79.68007,396.62451,138.45105,87.37015
3106,25.875,343.49048,175.83403,316.56036,349.70917,228.82228,79.68007,396.62451,138.45105,87.37015
3107,25.883,343.33618,175.23871,316.59268,349.70917,228.82228,79.68007,396.65247,138.34077,87.28598
3108,25.892,343.56152,175.90891,316.46964,349.53439,228.86258,79.54377,396.77814,138.49326,87.32778
3109,25.9,343.4559,175.94731,316.44839,349.70917,228.82228,79.68007,396.77814,138.49326,87.32778
3110,25.908,343.49048,175.83403,316.56036,349.53439,228.86258,79.54377,396.75018,138.60355,87.41194
3111,25.917,343.27509,176.51262,316.59378,349.66946,228.98668,79.77131,396.73727,138.82571,87.40569
3112,25.925,343.25153,176.60512,316.66647,349.49472,229.02698,79.63503,396.73727,138.82571,87.40569
3113,25.933,343.25153,176.60512,316.66647,349.49472,229.02698,79.63503,396.73727,138.82571,87.40569
3114,25.942,342.78143,176.82867,316.62515,349.49472,229.02698,79.63503,396.73727,138.82571,87.40569
3115,25.95,342.78143,176.82867,316.62515,349.49472,229.02698,79.63503,396.71387,139.07542,87.46151
3116,25.958,342.63931,176.75562,316.55386,349.50009,229.10654,79.57476,396.78415,139.19824,87.52689
3117,25.967,342.51971,176.6656,316.47287,349.49472,229.02698,79.63503,396.78415,139.19824,87.52689
3118,25.975,342.56366,176.91882,316.04263,349.50009,229.10654,79.57476,396.78415,139.19824,87.52689
3119,25.983,342.56366,176.91882,316.04263,349.65112,229.28847,79.43285,396.74365,139.2265,87.70116
3120,25.992,342.56366,176.91882,316.04263,349.65112,229.28847,79.43285,396.74365,139.2265,87.70116
3121,26,342.44406,176.8288,315.96164,349.65112,229.28847,79.43285,396.46835,139.4613,87.38253
3122,26.008,342.44406,176.8288,315.96164,349.65112,229.28847,79.43285,396.74484,139.54573,87.60458
3123,26.017,342.51971,176.6656,316.47287,349.54236,229.4361,79.32133,396.67337,139.10368,87.6358
3124,26.025,342.44406,176.8288,315.96164,349.54236,229.4361,79.32133,396.67337,139.10368,87.6358
3125,26.033,342.51971,176.6656,316.47287,349.54236,229.4361,79.32133,396.74365,139.2265,87.70116
3126,26.042,342.44406,176.8288,315.96164,349.84958,229.52246,79.34379,396.71387,139.07542,87.46151
3127,26.05,342.44406,176.8288,315.96164,349.84958,229.52246,79.34379,396.73727,138.82571,87.40569
3128,26.058,342.51971,176.6656,316.47287,349.65112,229.28847,79.43285,396.80756,138.94852,87.47106
3129,26.067,342.51971,176.6656,316.47287,349.65112,229.28847,79.43285,396.46719,139.14204,87.47914
3130,26.075,342.51971,176.6656,316.47287,349.54236,229.4361,79.32133,396.71387,139.07542,87.46151
3131,26.083,342.51971,176.6656,316.47287,349.39136,229.25417,79.46323,396.50769,139.11378,87.30485
3132,26.092,342.63931,176.75562,316.55386,349.39136,229.25417,79.46323,396.57794,139.2366,87.37022
3133,26.1,342.70581,176.99188,316.11392,349.50009,229.10654,79.57476,396.78415,139.19824,87.52689
3134,26.108,342.75095,177.12706,316.14764,349.65112,229.28847,79.43285,396.73727,138.82571,87.40569
3135,26.117,342.82202,177.20197,316.05688,349.65112,229.28847,79.43285,396.53113,138.86409,87.24904
3136,26.125,343.12491,177.26773,316.05664,349.49472,229.02698,79.63503,396.60138,138.98688,87.31441
3137,26.133,342.86929,177.39822,315.99966,349.39136,229.25417,79.46323,396.50769,139.11378,87.30485
3138,26.142,343.11493,177.2903,315.98676,349.38596,229.17462,79.52351,396.78415,139.19824,87.52689
3139,26.15,343.3392,177.17477,316.04092,349.39136,229.25417,79.46323,396.78415,139.19824,87.52689
3140,26.158,343.3392,177.17477,316.04092,349.39136,229.25417,79.46323,396.53735,139.15288,87.42095
3141,26.167,343.3392,177.17477,316.04092,349.39136,229.25417,79.46323,396.78415,139.19824,87.52689
3142,26.175,343.50684,177.20059,316.13785,349.50009,229.10654,79.57476,396.60138,138.98688,87.31441
3143,26.183,343.50684,177.20059,316.13785,349.50009,229.10654,79.57476,396.53113,138.86409,87.24904
3144,26.192,343.50684,177.20059,316.13785,349.38596,229.17462,79.52351,396.46719,139.14204,87.47914
3145,26.2,343.50684,177.20059,316.13785,349.39136,229.25417,79.46323,396.57794,139.2366,87.37022
3146,26.208,343.50684,177.20059,316.13785,349.38596,229.17462,79.52351,396.50769,139.11378,87.30485
3147,26.217,343.58252,177.03728,316.64911,349.38596,229.17462,79.52351,396.50769,139.11378,87.30485
3148,26.225,343.55939,176.80679,316.73718,349.38596,229.17462,79.52351,396.53113,138.86409,87.24904
3149,26.233,343.44327,176.59674,316.79422,349.49472,229.02698,79.63503,396.53113,138.86409,87.24904
3150,26.242,343.32257,176.68001,316.57574,349.49472,229.02698,79.63503,396.53113,138.86409,87.24904
3151,26.25,343.25153,176.60512,316.66647,349.66946,228.98668,79.77131,396.53113,138.86409,87.24904
3152,26.258,343.25153,176.60512,316.66647,349.38596,229.17462,79.52351,396.50769,139.11378,87.30485
3153,26.267,343.25153,176.60512,316.66647,349.43103,229.08977,79.37197,396.50769,139.11378,87.30485
3154,26.275,343.25153,176.60512,316.66647,349.38596,229.17462,79.52351,396.50769,139.11378,87.30485
3155,26.283,343.1337,176.51389,316.58475,349.53439,228.86258,79.54377,396.53113,138.86409,87.24904
3156,26.292,342.77545,176.53502,316.52994,349.49472,229.02698,79.63503,396.53113,138.86409,87.24904
3157,26.3,342.51971,176.6656,316.47287,349.53439,228.86258,79.54377,396.73727,138.82571,87.40569
3158,26.308,342.30899,176.23647,316.62088,349.53439,228.86258,79.54377,396.60138,138.98688,87.31441
3159,26.317,342.30899,176.23647,316.62088,349.38596,229.17462,79.52351,396.50769,139.11378,87.30485
3160,26.325,342.30899,176.23647,316.62088,349.39136,229.25417,79.46323,396.50769,139.11378,87.30485
3161,26.333,342.30899,176.23647,316.62088,349.42566,229.01022,79.43224,396.50769,139.11378,87.30485
3162,26.342,342.30899,176.23647,316.62088,349.43103,229.08977,79.37197,396.57794,139.2366,87.37022
3163,26.35,342.30899,176.23647,316.62088,349.39136,229.25417,79.46323,396.50186,139.38455,87.25338
3164,26.358,342.42856,176.32648,316.70187,349.53979,228.94214,79.48351,396.74365,139.2265,87.70116
3165,26.367,342.51971,176.6656,316.47287,349.50009,229.10654,79.57476,396.67337,139.10368,87.6358
3166,26.375,342.51971,176.6656,316.47287,349.50009,229.10654,79.57476,396.70807,139.34615,87.41006
3167,26.383,342.51971,176.6656,316.47287,349.53979,228.94214,79.48351,396.78415,139.19824,87.52689
3168,26.392,342.42856,176.32648,316.70187,349.50009,229.10654,79.57476,396.53745,139.26485,87.54451
3169,26.4,342.51971,176.6656,316.47287,349.39136,229.25417,79.46323,396.50769,139.11378,87.30485
3170,26.408,342.78143,176.82867,316.62515,349.50009,229.10654,79.57476,396.71387,139.07542,87.46151
3171,26.417,342.78143,176.82867,316.62515,349.49472,229.02698,79.63503,396.71387,139.07542,87.46151
3172,26.425,343.25153,176.60512,316.66647,349.49472,229.02698,79.63503,396.73727,138.82571,87.40569
3173,26.433,343.32257,176.68001,316.57574,349.49472,229.02698,79.63503,396.73727,138.82571,87.40569
3174,26.442,343.25153,176.60512,316.66647,349.49472,229.02698,79.63503,396.71387,139.07542,87.46151
3175,26.45,343.25153,176.60512,316.66647,349.49472,229.02698,79.63503,396.73727,138.82571,87.40569
3176,26.458,343.26288,176.38297,316.53329,349.49472,229.02698,79.63503,396.73727,138.82571,87.40569
3177,26.467,343.42325,176.14442,316.35199,349.53439,228.86258,79.54377,396.73727,138.82571,87.40569
3178,26.475,343.23605,176.47217,316.60706,349.53439,228.86258,79.54377,396.73727,138.82571,87.40569
3179,26.483,343.25153,176.60512,316.66647,349.53439,228.86258,79.54377,396.71387,139.07542,87.46151
3180,26.492,343.25153,176.60512,316.66647,349.49472,229.02698,79.63503,396.73727,138.82571,87.40569
3181,26.5,343.25153,176.60512,316.66647,349.49472,229.02698,79.63503,396.73727,138.82571,87.40569
3182,26.508,343.25153,176.60512,316.66647,349.49472,229.02698,79.63503,396.81158,138.42421,87.54173
3183,26.517,343.17581,176.76842,316.15521,349.53439,228.86258,79.54377,396.73727,138.82571,87.40569
3184,26.525,343.25153,176.60512,316.66647,349.49472,229.02698,79.63503,396.73727,138.82571,87.40569
3185,26.533,343.25153,176.60512,316.66647,349.53439,228.86258,79.54377,396.71387,139.07542,87.46151
3186,26.542,342.58792,176.90063,316.03214,349.49472,229.02698,79.63503,396.71387,139.07542,87.46151
3187,26.55,342.70581,176.99188,316.11392,349.49472,229.02698,79.63503,396.71387,139.07542,87.46151
3188,26.558,342.56366,176.91882,316.04263,349.53439,228.86258,79.54377,396.71387,139.07542,87.46151
3189,26.567,342.70581,176.99188,316.11392,349.49472,229.02698,79.63503,396.71387,139.07542,87.46151
3190,26.575,342.70581,176.99188,316.11392,349.65112,229.28847,79.43285,396.80756,138.94852,87.47106
3191,26.583,342.70581,176.99188,316.11392,349.84958,229.52246,79.34379,396.80756,138.94852,87.47106
3192,26.592,342.56366,176.91882,316.04263,349.84958,229.52246,79.34379,396.53113,138.86409,87.24904
3193,26.6,342.51971,176.6656,316.47287,349.39136,229.25417,79.46323,396.57794,139.2366,87.37022
3194,26.608,342.63931,176.75562,316.55386,349.39136,229.25417,79.46323,396.71387,139.07542,87.46151
3195,26.617,342.51971,176.6656,316.47287,349.39136,229.25417,79.46323,396.71387,139.07542,87.46151
3196,26.625,342.51971,176.6656,316.47287,349.39136,229.25417,79.46323,396.71387,139.07542,87.46151
3197,26.633,342.56366,176.91882,316.04263,349.84958,229.52246,79.34379,396.80756,138.94852,87.47106
3198,26.642,342.44406,176.8288,315.96164,349.84958,229.52246,79.34379,396.53113,138.86409,87.24904
3199,26.65,342.51971,176.6656,316.47287,349.65112,229.28847,79.43285,396.53113,138.86409,87.24904
3200,26.658,342.66357,176.73743,316.54337,349.53699,229.35658,79.3816,396.50769,139.11378,87.30485
3201,26.667,342.63931,176.75562,316.55386,349.39136,229.25417,79.46323,396.50769,139.11378,87.30485
3202,26.675,342.63931,176.75562,316.55386,349.39136,229.25417,79.46323,396.50769,139.11378,87.30485
3203,26.683,343.02716,176.72072,316.61224,349.39136,229.25417,79.46323,396.73727,138.82571,87.40569
3204,26.692,342.63931,176.75562,316.55386,349.49472,229.02698,79.63503,396.73727,138.82571,87.40569
3205,26.7,342.63931,176.75562,316.55386,349.50009,229.10654,79.57476,396.53113,138.86409,87.24904
3206,26.708,342.78143,176.82867,316.62515,349.53979,228.94214,79.48351,396.53113,138.86409,87.24904
3207,26.717,342.70581,176.99188,316.11392,349.38596,229.17462,79.52351,396.60138,138.98688,87.31441
3208,26.725,342.77689,177.06679,316.02316,349.38596,229.17462,79.52351,396.50769,139.11378,87.30485
3209,26.733,342.85251,176.90356,316.53439,349.42566,229.01022,79.43224,396.53113,138.86409,87.24904
3210,26.742,342.89764,177.03874,316.56808,349.42566,229.01022,79.43224,396.50769,139.11378,87.30485
3211,26.75,342.85251,176.90356,316.53439,349.38596,229.17462,79.52351,396.57794,139.2366,87.37022
3212,26.758,342.82657,176.96384,316.65884,349.39136,229.25417,79.46323,396.53113,138.86409,87.24904
3213,26.767,342.78143,176.82867,316.62515,349.49472,229.02698,79.63503,396.53113,138.86409,87.24904
3214,26.775,342.78143,176.82867,316.62515,349.50009,229.10654,79.57476,396.53113,138.86409,87.24904
3215,26.783,343.03714,176.69809,316.68216,349.50009,229.10654,79.57476,396.53113,138.86409,87.24904
3216,26.792,343.25153,176.60512,316.66647,349.38596,229.17462,79.52351,396.53113,138.86409,87.24904
3217,26.8,343.32257,176.68001,316.57574,349.49472,229.02698,79.63503,396.50769,139.11378,87.30485
3218,26.808,343.25153,176.60512,316.66647,349.53439,228.86258,79.54377,396.73727,138.82571,87.40569
3219,26.817,343.20474,176.58876,316.49399,349.53439,228.86258,79.54377,396.73727,138.82571,87.40569
3220,26.825,343.23605,176.47217,316.60706,349.49472,229.02698,79.63503,396.53113,138.86409,87.24904
3221,26.833,343.11819,176.38095,316.5253,349.49472,229.02698,79.63503,396.73727,138.82571,87.40569
3222,26.842,343.14505,176.29175,316.45154,349.53439,228.86258,79.54377,396.53113,138.86409,87.24904
3223,26.85,343.14505,176.29175,316.45154,349.53439,228.86258,79.54377,396.53113,138.86409,87.24904
3224,26.858,343.15726,176.42139,316.51202,349.49472,229.02698,79.63503,396.53113,138.86409,87.24904
3225,26.867,343.25153,176.60512,316.66647,349.66946,228.98668,79.77131,396.6116,138.67322,87.36389
3226,26.875,343.25153,176.60512,316.66647,349.49472,229.02698,79.63503,396.73727,138.82571,87.40569
3227,26.883,343.32257,176.68001,316.57574,349.49472,229.02698,79.63503,396.71387,139.07542,87.46151
3228,26.892,342.78143,176.82867,316.62515,349.49472,229.02698,79.63503,396.71387,139.07542,87.46151
3229,26.9,342.78143,176.82867,316.62515,349.49472,229.02698,79.63503,396.57794,139.2366,87.37022
3230,26.908,342.78143,176.82867,316.62515,349.49472,229.02698,79.63503,396.71387,139.07542,87.46151
3231,26.917,342.78143,176.82867,316.62515,349.50009,229.10654,79.57476,396.71387,139.07542,87.46151
3232,26.925,342.78143,176.82867,316.62515,349.50009,229.10654,79.57476,396.78415,139.19824,87.52689
3233,26.933,342.78143,176.82867,316.62515,349.50009,229.10654,79.57476,396.71387,139.07542,87.46151
3234,26.942,342.75095,177.12706,316.14764,349.50009,229.10654,79.57476,396.78415,139.19824,87.52689
3235,26.95,342.82202,177.20197,316.05688,349.50009,229.10654,79.57476,396.82904,139.2326,87.89409
3236,26.958,342.82657,176.96384,316.65884,349.50009,229.10654,79.57476,396.86954,139.20433,87.71981
3237,26.967,342.82657,176.96384,316.65884,349.50009,229.10654,79.57476,396.86954,139.20433,87.71981
3238,26.975,342.82657,176.96384,316.65884,349.50009,229.10654,79.57476,396.67337,139.10368,87.6358
3239,26.983,342.78143,176.82867,316.62515,349.50009,229.10654,79.57476,396.74365,139.2265,87.70116
3240,26.992,342.82657,176.96384,316.65884,349.50009,229.10654,79.57476,396.67337,139.10368,87.6358
3241,27,342.78143,176.82867,316.62515,349.49472,229.02698,79.63503,396.78415,139.19824,87.52689
3242,27.008,342.70581,176.99188,316.11392,349.64572,229.20894,79.49313,396.71387,139.07542,87.46151
3243,27.017,342.70581,176.99188,316.11392,349.65112,229.28847,79.43285,396.71387,139.07542,87.46151
3244,27.025,343.17581,176.76842,316.15521,349.50009,229.10654,79.57476,396.71387,139.07542,87.46151
3245,27.033,343.03714,176.69809,316.68216,349.49472,229.02698,79.63503,396.71387,139.07542,87.46151
3246,27.042,342.78143,176.82867,316.62515,349.53979,228.94214,79.48351,396.73727,138.82571,87.40569
3247,27.05,342.58792,176.90063,316.03214,349.65112,229.28847,79.43285,396.73727,138.82571,87.40569
3248,27.058,342.56366,176.91882,316.04263,349.64572,229.20894,79.49313,396.73727,138.82571,87.40569
3249,27.067,342.51971,176.6656,316.47287,349.50009,229.10654,79.57476,396.71387,139.07542,87.46151
3250,27.075,342.63931,176.75562,316.55386,349.53979,228.94214,79.48351,396.71387,139.07542,87.46151
3251,27.083,342.44406,176.8288,315.96164,349.49472,229.02698,79.63503,396.71387,139.07542,87.46151
3252,27.092,342.44406,176.8288,315.96164,349.39136,229.25417,79.46323,396.73727,138.82571,87.40569
3253,27.1,342.44406,176.8288,315.96164,349.49472,229.02698,79.63503,396.73727,138.82571,87.40569
3254,27.108,342.44406,176.8288,315.96164,349.49472,229.02698,79.63503,396.73727,138.82571,87.40569
3255,27.117,342.44406,176.8288,315.96164,349.53439,228.86258,79.54377,396.53113,138.86409,87.24904
3256,27.125,342.44406,176.8288,315.96164,349.65112,229.28847,79.43285,396.60138,138.98688,87.31441
3257,27.133,342.44406,176.8288,315.96164,349.64572,229.20894,79.49313,396.73727,138.82571,87.40569
3258,27.142,342.51971,176.6656,316.47287,349.38596,229.17462,79.52351,396.71387,139.07542,87.46151
3259,27.15,342.30899,176.23647,316.62088,349.39136,229.25417,79.46323,396.78415,139.19824,87.52689
3260,27.158,342.63931,176.75562,316.55386,349.38596,229.17462,79.52351,396.71387,139.07542,87.46151
3261,27.167,342.44406,176.8288,315.96164,349.6908,229.12408,79.34159,396.53113,138.86409,87.24904
3262,27.175,342.44406,176.8288,315.96164,349.88928,229.35809,79.25253,396.53113,138.86409,87.24904
3263,27.183,342.56366,176.91882,316.04263,349.84421,229.44296,79.40406,396.73727,138.82571,87.40569
3264,27.192,343.1337,176.51389,316.58475,349.49472,229.02698,79.63503,396.53113,138.86409,87.24904
3265,27.2,343.10944,176.53207,316.59521,349.38596,229.17462,79.52351,396.53113,138.86409,87.24904
3266,27.208,342.98987,176.44206,316.51425,349.39136,229.25417,79.46323,396.53113,138.86409,87.24904
3267,27.217,343.25153,176.60512,316.66647,349.53979,228.94214,79.48351,396.53113,138.86409,87.24904
3268,27.225,343.25153,176.60512,316.66647,349.50009,229.10654,79.57476,396.53113,138.86409,87.24904
3269,27.233,343.20474,176.58876,316.49399,349.49472,229.02698,79.63503,396.73727,138.82571,87.40569
3270,27.242,343.25153,176.60512,316.66647,349.49472,229.02698,79.63503,396.53113,138.86409,87.24904
3271,27.25,343.25153,176.60512,316.66647,349.50009,229.10654,79.57476,396.53113,138.86409,87.24904
3272,27.258,343.25153,176.60512,316.66647,349.50009,229.10654,79.57476,396.53113,138.86409,87.24904
3273,27.267,343.25153,176.60512,316.66647,349.49472,229.02698,79.63503,396.60138,138.98688,87.31441
3274,27.275,343.10822,176.77298,316.59143,349.49472,229.02698,79.63503,396.50769,139.11378,87.30485
3275,27.283,342.85251,176.90356,316.53439,349.39136,229.25417,79.46323,396.50769,139.11378,87.30485
3276,27.292,342.78143,176.82867,316.62515,349.49472,229.02698,79.63503,396.50769,139.11378,87.30485
3277,27.3,342.78143,176.82867,316.62515,349.49472,229.02698,79.63503,396.53113,138.86409,87.24904
3278,27.308,342.89502,176.62503,316.6109,349.53439,228.86258,79.54377,396.53113,138.86409,87.24904
3279,27.317,342.63931,176.75562,316.55386,349.49472,229.02698,79.63503,396.73727,138.82571,87.40569
3280,27.325,342.51971,176.6656,316.47287,349.53439,228.86258,79.54377,396.53113,138.86409,87.24904
3281,27.333,342.51971,176.6656,316.47287,349.53439,228.86258,79.54377,396.50769,139.11378,87.30485
3282,27.342,342.30899,176.23647,316.62088,349.53439,228.86258,79.54377,396.50769,139.11378,87.30485
3283,27.35,342.57529,176.60754,316.32269,349.53439,228.86258,79.54377,396.50769,139.11378,87.30485
3284,27.358,342.30899,176.23647,316.62088,349.53439,228.86258,79.54377,396.53113,138.86409,87.24904
3285,27.367,342.57608,175.88373,316.54474,349.53439,228.86258,79.54377,396.40546,138.71161,87.20725
3286,27.375,342.79053,175.79074,316.52908,349.53439,228.86258,79.54377,396.40546,138.71161,87.20725
3287,27.383,342.32779,175.8157,316.58145,349.53439,228.86258,79.54377,396.53113,138.86409,87.24904
3288,27.392,342.87198,175.43689,316.51733,349.53439,228.86258,79.54377,396.73727,138.82571,87.40569
3289,27.4,342.98816,175.15909,316.51617,349.53439,228.86258,79.54377,396.73727,138.82571,87.40569
3290,27.408,342.7981,175.59206,316.62289,349.53439,228.86258,79.54377,396.71387,139.07542,87.46151
3291,27.417,342.7981,175.59206,316.62289,349.49472,229.02698,79.63503,396.6116,138.67322,87.36389
3292,27.425,343.01343,176.34956,316.44153,349.49472,229.02698,79.63503,396.6116,138.67322,87.36389
3293,27.433,343.1337,176.51389,316.58475,349.49472,229.02698,79.63503,396.53113,138.86409,87.24904
3294,27.442,343.03714,176.69809,316.68216,349.53439,228.86258,79.54377,396.73727,138.82571,87.40569
3295,27.45,342.57068,176.39952,316.77313,349.53979,228.94214,79.48351,396.71387,139.07542,87.46151
3296,27.458,342.78143,176.82867,316.62515,349.49472,229.02698,79.63503,396.71387,139.07542,87.46151
3297,27.467,343.03714,176.69809,316.68216,349.49472,229.02698,79.63503,396.71387,139.07542,87.46151
3298,27.475,342.78143,176.82867,316.62515,349.50009,229.10654,79.57476,396.71387,139.07542,87.46151
3299,27.483,342.70581,176.99188,316.11392,349.50009,229.10654,79.57476,396.79922,139.0815,87.65443
3300,27.492,342.70581,176.99188,316.11392,349.53979,228.94214,79.48351,396.71387,139.07542,87.46151
3301,27.5,342.78143,176.82867,316.62515,349.50009,229.10654,79.57476,396.73727,138.82571,87.40569
3302,27.508,342.85251,176.90356,316.53439,349.50009,229.10654,79.57476,396.71387,139.07542,87.46151
3303,27.517,342.85251,176.90356,316.53439,349.43103,229.08977,79.37197,396.78415,139.19824,87.52689
3304,27.525,342.78143,176.82867,316.62515,349.39136,229.25417,79.46323,396.71387,139.07542,87.46151
3305,27.533,342.78143,176.82867,316.62515,349.50009,229.10654,79.57476,396.71387,139.07542,87.46151
3306,27.542,343.02716,176.72072,316.61224,349.49472,229.02698,79.63503,396.73727,138.82571,87.40569
3307,27.55,342.70581,176.99188,316.11392,349.84958,229.52246,79.34379,396.73727,138.82571,87.40569
3308,27.558,342.70581,176.99188,316.11392,349.88928,229.35809,79.25253,396.73727,138.82571,87.40569
3309,27.567,343.17581,176.76842,316.15521,349.50009,229.10654,79.57476,396.71387,139.07542,87.46151
3310,27.575,343.25153,176.60512,316.66647,349.43103,229.08977,79.37197,396.71387,139.07542,87.46151
3311,27.583,343.14505,176.29175,316.45154,349.49472,229.02698,79.63503,396.71387,139.07542,87.46151
3312,27.592,343.21393,176.12041,316.33334,349.49472,229.02698,79.63503,396.73727,138.82571,87.40569
3313,27.6,343.21393,176.12041,316.33334,349.49472,229.02698,79.63503,396.73727,138.82571,87.40569
3314,27.608,343.26288,176.38297,316.53329,349.53439,228.86258,79.54377,396.73727,138.82571,87.40569
3315,27.617,343.26874,175.8154,316.54413,349.53439,228.86258,79.54377,396.73727,138.82571,87.40569
3316,27.625,343.00873,176.02133,316.47482,349.49472,229.02698,79.63503,396.77814,138.49326,87.32778
3317,27.633,343.12079,176.30994,316.46201,349.53439,228.86258,79.54377,396.53113,138.86409,87.24904
3318,27.642,343.07513,176.06477,316.27545,349.49472,229.02698,79.63503,396.53113,138.86409,87.24904
3319,27.65,343.23605,176.47217,316.60706,349.49472,229.02698,79.63503,396.53113,138.86409,87.24904
3320,27.658,342.77921,176.01288,316.66229,349.49472,229.02698,79.63503,396.73727,138.82571,87.40569
3321,27.667,342.98987,176.44206,316.51425,349.49472,229.02698,79.63503,396.73727,138.82571,87.40569
3322,27.675,342.51971,176.6656,316.47287,349.49472,229.02698,79.63503,396.73727,138.82571,87.40569
3323,27.683,342.51971,176.6656,316.47287,349.49472,229.02698,79.63503,396.53113,138.86409,87.24904
3324,27.692,342.50421,176.53267,316.41345,349.49472,229.02698,79.63503,396.53113,138.86409,87.24904
3325,27.7,342.51971,176.6656,316.47287,349.49472,229.02698,79.63503,396.53113,138.86409,87.24904
3326,27.708,342.51971,176.6656,316.47287,349.53439,228.86258,79.54377,396.53113,138.86409,87.24904
3327,27.717,342.50421,176.53267,316.41345,349.49472,229.02698,79.63503,396.53113,138.86409,87.24904
3328,27.725,342.50421,176.53267,316.41345,349.38596,229.17462,79.52351,396.53113,138.86409,87.24904
3329,27.733,342.29349,176.10353,316.56146,349.38596,229.17462,79.52351,396.53113,138.86409,87.24904
3330,27.742,342.32031,176.01434,316.48767,349.53979,228.94214,79.48351,396.53113,138.86409,87.24904
3331,27.75,342.50421,176.53267,316.41345,349.53439,228.86258,79.54377,396.80756,138.94852,87.47106
3332,27.758,342.54926,175.97292,316.61853,349.53439,228.86258,79.54377,396.53113,138.86409,87.24904
3333,27.767,342.7637,175.87993,316.60287,349.50009,229.10654,79.57476,396.53113,138.86409,87.24904
3334,27.775,343.07513,176.06477,316.27545,349.49472,229.02698,79.63503,396.40546,138.71161,87.20725
3335,27.783,343.07513,176.06477,316.27545,349.53979,228.94214,79.48351,396.53113,138.86409,87.24904
3336,27.792,343.23605,176.47217,316.60706,349.53439,228.86258,79.54377,396.53113,138.86409,87.24904
3337,27.8,343.14505,176.29175,316.45154,349.53439,228.86258,79.54377,396.50769,139.11378,87.30485
3338,27.808,343.27509,176.51262,316.59378,349.70917,228.82228,79.68007,396.43341,138.60132,87.12309
3339,27.817,343.25153,176.60512,316.66647,349.49472,229.02698,79.63503,396.40546,138.71161,87.20725
3340,27.825,343.25153,176.60512,316.66647,349.49472,229.02698,79.63503,396.53113,138.86409,87.24904
3341,27.833,343.25153,176.60512,316.66647,349.49472,229.02698,79.63503,396.53113,138.86409,87.24904
3342,27.842,343.32257,176.68001,316.57574,349.53439,228.86258,79.54377,396.53113,138.86409,87.24904
3343,27.85,343.25153,176.60512,316.66647,349.70917,228.82228,79.68007,396.53113,138.86409,87.24904
3344,27.858,343.25153,176.60512,316.66647,349.49472,229.02698,79.63503,396.53113,138.86409,87.24904
3345,27.867,343.25153,176.60512,316.66647,349.66946,228.98668,79.77131,396.71387,139.07542,87.46151
3346,27.875,343.25153,176.60512,316.66647,349.49472,229.02698,79.63503,396.53564,139.00346,87.22068
3347,27.883,343.32257,176.68001,316.57574,349.66946,228.98668,79.77131,396.50769,139.11378,87.30485
3348,27.892,343.11185,176.25079,316.72379,349.70917,228.82228,79.68007,396.53113,138.86409,87.24904
3349,27.9,343.25153,176.60512,316.66647,349.49472,229.02698,79.63503,396.81158,138.42421,87.54173
3350,27.908,343.23605,176.47217,316.60706,349.49472,229.02698,79.63503,396.73727,138.82571,87.40569
3351,27.917,343.23605,176.47217,316.60706,349.53439,228.86258,79.54377,396.5882,138.9229,87.41971
3352,27.925,343.11819,176.38095,316.5253,349.49472,229.02698,79.63503,396.5882,138.9229,87.41971
3353,27.933,342.80273,175.92038,316.58957,349.49472,229.02698,79.63503,396.38202,138.96127,87.26305
3354,27.942,342.70316,175.77502,316.71951,349.53439,228.86258,79.54377,396.73727,138.82571,87.40569
3355,27.95,342.79053,175.79074,316.52908,349.49472,229.02698,79.63503,396.73727,138.82571,87.40569
3356,27.958,342.6575,175.52989,316.53302,349.49472,229.02698,79.63503,396.53113,138.86409,87.24904
3357,27.967,342.86444,175.63557,316.42352,349.49472,229.02698,79.63503,396.73727,138.82571,87.40569
3358,27.975,342.7981,175.59206,316.62289,349.49472,229.02698,79.63503,396.71387,139.07542,87.46151
3359,27.983,342.77124,175.68124,316.69666,349.49472,229.02698,79.63503,396.71387,139.07542,87.46151
3360,27.992,342.29349,176.10353,316.56146,349.49472,229.02698,79.63503,396.71387,139.07542,87.46151
3361,28,342.50421,176.53267,316.41345,349.49472,229.02698,79.63503,396.71387,139.07542,87.46151
3362,28.008,342.50421,176.53267,316.41345,349.49472,229.02698,79.63503,396.73727,138.82571,87.40569
3363,28.017,342.51971,176.6656,316.47287,349.50009,229.10654,79.57476,396.71387,139.07542,87.46151
3364,28.025,342.78143,176.82867,316.62515,349.49472,229.02698,79.63503,396.71387,139.07542,87.46151
3365,28.033,342.63931,176.75562,316.55386,349.49472,229.02698,79.63503,396.71387,139.07542,87.46151
3366,28.042,342.51971,176.6656,316.47287,349.39136,229.25417,79.46323,396.71387,139.07542,87.46151
3367,28.05,342.78143,176.82867,316.62515,349.39136,229.25417,79.46323,396.71387,139.07542,87.46151
3368,28.058,342.63931,176.75562,316.55386,349.39136,229.25417,79.46323,396.71387,139.07542,87.46151
3369,28.067,342.63931,176.75562,316.55386,349.38596,229.17462,79.52351,396.71387,139.07542,87.46151
3370,28.075,342.51971,176.6656,316.47287,349.49472,229.02698,79.63503,396.73727,138.82571,87.40569
3371,28.083,342.44406,176.8288,315.96164,349.50009,229.10654,79.57476,396.73727,138.82571,87.40569
3372,28.092,342.44406,176.8288,315.96164,349.43103,229.08977,79.37197,396.73727,138.82571,87.40569
3373,28.1,342.51971,176.6656,316.47287,349.42566,229.01022,79.43224,396.71387,139.07542,87.46151
3374,28.108,342.30899,176.23647,316.62088,349.49472,229.02698,79.63503,396.71387,139.07542,87.46151
3375,28.117,342.29349,176.10353,316.56146,349.50009,229.10654,79.57476,396.73727,138.82571,87.40569
3376,28.125,342.29349,176.10353,316.56146,349.53439,228.86258,79.54377,396.73727,138.82571,87.40569
3377,28.133,342.53104,176.44348,316.33966,349.53439,228.86258,79.54377,396.73727,138.82571,87.40569
3378,28.142,342.51169,176.33412,316.50723,349.53979,228.94214,79.48351,396.53113,138.86409,87.24904
3379,28.15,342.53104,176.44348,316.33966,349.53439,228.86258,79.54377,396.53113,138.86409,87.24904
3380,28.158,342.74997,176.42473,316.40057,349.53439,228.86258,79.54377,396.53113,138.86409,87.24904
3381,28.167,342.97437,176.30913,316.45483,349.53439,228.86258,79.54377,396.55908,138.75378,87.16487
3382,28.175,343.10944,176.53207,316.59521,349.49472,229.02698,79.63503,396.73727,138.82571,87.40569
3383,28.183,342.73465,176.81232,316.45264,349.49472,229.02698,79.63503,396.73727,138.82571,87.40569
3384,28.192,342.85251,176.90356,316.53439,349.50009,229.10654,79.57476,396.60138,138.98688,87.31441
3385,28.2,342.85251,176.90356,316.53439,349.50009,229.10654,79.57476,396.53113,138.86409,87.24904
3386,28.208,342.70581,176.99188,316.11392,349.65112,229.28847,79.43285,396.53113,138.86409,87.24904
3387,28.217,342.70581,176.99188,316.11392,349.65112,229.28847,79.43285,396.57794,139.2366,87.37022
3388,28.225,342.82202,177.20197,316.05688,349.54236,229.4361,79.32133,396.50769,139.11378,87.30485
3389,28.233,342.82202,177.20197,316.05688,349.39136,229.25417,79.46323,396.50769,139.11378,87.30485
3390,28.242,343.07764,177.07144,316.11389,349.38596,229.17462,79.52351,396.57794,139.2366,87.37022
3391,28.25,342.86929,177.39822,315.99966,349.39136,229.25417,79.46323,396.57794,139.2366,87.37022
3392,28.258,342.82202,177.20197,316.05688,349.50009,229.10654,79.57476,396.53113,138.86409,87.24904
3393,28.267,342.89764,177.03874,316.56808,349.49472,229.02698,79.63503,396.53113,138.86409,87.24904
3394,28.275,343.32257,176.68001,316.57574,349.49472,229.02698,79.63503,396.53113,138.86409,87.24904
3395,28.283,343.25153,176.60512,316.66647,349.50009,229.10654,79.57476,396.50769,139.11378,87.30485
3396,28.292,343.25153,176.60512,316.66647,349.49472,229.02698,79.63503,396.50769,139.11378,87.30485
3397,28.3,343.10944,176.53207,316.59521,349.53439,228.86258,79.54377,396.50769,139.11378,87.30485
3398,28.308,343.11819,176.38095,316.5253,349.49472,229.02698,79.63503,396.53113,138.86409,87.24904
3399,28.317,343.11743,175.94221,316.37985,349.53439,228.86258,79.54377,396.54404,138.64191,87.25531
3400,28.325,342.98816,175.15909,316.51617,349.53439,228.86258,79.54377,396.41837,138.48943,87.21352
3401,28.333,342.91428,175.31424,316.6217,349.70917,228.82228,79.68007,396.44632,138.37915,87.12936
3402,28.342,342.98816,175.15909,316.51617,349.70917,228.82228,79.68007,396.57199,138.53162,87.17114
3403,28.35,342.98816,175.15909,316.51617,349.53439,228.86258,79.54377,396.57199,138.53162,87.17114
3404,28.358,342.98816,175.15909,316.51617,349.70917,228.82228,79.68007,396.57199,138.53162,87.17114
3405,28.367,342.91428,175.31424,316.6217,349.70917,228.82228,79.68007,396.41837,138.48943,87.21352
3406,28.375,342.98816,175.15909,316.51617,349.70917,228.82228,79.68007,396.41837,138.48943,87.21352
3407,28.383,343.07513,176.06477,316.27545,349.53439,228.86258,79.54377,396.41837,138.48943,87.21352
3408,28.392,342.98987,176.44206,316.51425,349.49472,229.02698,79.63503,396.54404,138.64191,87.25531
3409,28.4,342.98987,176.44206,316.51425,349.53439,228.86258,79.54377,396.53113,138.86409,87.24904
3410,28.408,342.923,176.08469,316.73276,349.53439,228.86258,79.54377,396.73727,138.82571,87.40569
3411,28.417,342.923,176.08469,316.73276,349.53439,228.86258,79.54377,396.73727,138.82571,87.40569
3412,28.425,342.89874,176.10287,316.74326,349.53439,228.86258,79.54377,396.71387,139.07542,87.46151
3413,28.433,343.1337,176.51389,316.58475,349.53439,228.86258,79.54377,396.53113,138.86409,87.24904
3414,28.442,342.90381,176.47391,316.54099,349.53439,228.86258,79.54377,396.53113,138.86409,87.24904
3415,28.45,343.23605,176.47217,316.60706,349.49472,229.02698,79.63503,396.53113,138.86409,87.24904
3416,28.458,342.54926,175.97292,316.61853,349.49472,229.02698,79.63503,396.73727,138.82571,87.40569
3417,28.467,342.79053,175.79074,316.52908,349.53439,228.86258,79.54377,396.73727,138.82571,87.40569
3418,28.475,342.58362,175.68506,316.63855,349.53439,228.86258,79.54377,396.73727,138.82571,87.40569
3419,28.483,342.7981,175.59206,316.62289,349.49472,229.02698,79.63503,396.6116,138.67322,87.36389
3420,28.492,342.98816,175.15909,316.51617,349.49472,229.02698,79.63503,396.75018,138.60355,87.41194
3421,28.5,342.98816,175.15909,316.51617,349.53439,228.86258,79.54377,396.73727,138.82571,87.40569
3422,28.508,342.98816,175.15909,316.51617,349.49472,229.02698,79.63503,396.76523,138.71541,87.32152
3423,28.517,342.98816,175.15909,316.51617,349.49472,229.02698,79.63503,396.76523,138.71541,87.32152
3424,28.525,343.19885,175.58846,316.3681,349.53439,228.86258,79.54377,396.75018,138.60355,87.41194
3425,28.533,342.91428,175.31424,316.6217,349.53439,228.86258,79.54377,396.73727,138.82571,87.40569
3426,28.542,342.91428,175.31424,316.6217,349.53439,228.86258,79.54377,396.6116,138.67322,87.36389
3427,28.55,342.7981,175.59206,316.62289,349.53439,228.86258,79.54377,396.6116,138.67322,87.36389
3428,28.558,342.32031,176.01434,316.48767,349.53439,228.86258,79.54377,396.73727,138.82571,87.40569
3429,28.567,342.51971,176.6656,316.47287,349.49472,229.02698,79.63503,396.76523,138.71541,87.32152
3430,28.575,342.63931,176.75562,316.55386,349.38596,229.17462,79.52351,396.73727,138.82571,87.40569
3431,28.583,342.51971,176.6656,316.47287,349.38596,229.17462,79.52351,396.73727,138.82571,87.40569
3432,28.592,342.56366,176.91882,316.04263,349.49472,229.02698,79.63503,396.73727,138.82571,87.40569
3433,28.6,342.70581,176.99188,316.11392,349.38596,229.17462,79.52351,396.80756,138.94852,87.47106
3434,28.608,342.70581,176.99188,316.11392,349.43103,229.08977,79.37197,396.50769,139.11378,87.30485
3435,28.617,342.78143,176.82867,316.62515,349.53439,228.86258,79.54377,396.50769,139.11378,87.30485
3436,28.625,342.82202,177.20197,316.05688,349.50009,229.10654,79.57476,396.80756,138.94852,87.47106
3437,28.633,342.82202,177.20197,316.05688,349.39136,229.25417,79.46323,396.80756,138.94852,87.47106
3438,28.642,342.75095,177.12706,316.14764,349.39136,229.25417,79.46323,396.71387,139.07542,87.46151
3439,28.65,342.75095,177.12706,316.14764,349.54236,229.4361,79.32133,396.78415,139.19824,87.52689
3440,28.658,342.70581,176.99188,316.11392,349.54236,229.4361,79.32133,396.71387,139.07542,87.46151
3441,28.667,342.95151,176.88396,316.10101,349.65112,229.28847,79.43285,396.78415,139.19824,87.52689
3442,28.675,343.17581,176.76842,316.15521,349.49472,229.02698,79.63503,396.73727,138.82571,87.40569
3443,28.683,343.25153,176.60512,316.66647,349.49472,229.02698,79.63503,396.53113,138.86409,87.24904
3444,28.692,343.1337,176.51389,316.58475,349.49472,229.02698,79.63503,396.53113,138.86409,87.24904
3445,28.7,343.23605,176.47217,316.60706,349.49472,229.02698,79.63503,396.50769,139.11378,87.30485
3446,28.708,343.21393,176.12041,316.33334,349.49472,229.02698,79.63503,396.53113,138.86409,87.24904
3447,28.717,343.12494,175.74359,316.47366,349.49472,229.02698,79.63503,396.55908,138.75378,87.16487
3448,28.725,342.98816,175.15909,316.51617,349.49472,229.02698,79.63503,396.44632,138.37915,87.12936
3449,28.733,343.23083,175.14211,316.50851,349.66946,228.98668,79.77131,396.54404,138.64191,87.25531
3450,28.742,343.30273,175.51587,316.30255,349.66946,228.98668,79.77131,396.57199,138.53162,87.17114
3451,28.75,343.09207,175.0865,316.45062,349.70917,228.82228,79.68007,396.70966,138.49738,87.10898
3452,28.758,343.09573,174.94997,316.50891,349.70917,228.82228,79.68007,396.57199,138.53162,87.17114
3453,28.767,343.09207,175.0865,316.45062,349.71442,228.68599,79.75029,396.44632,138.37915,87.12936
3454,28.775,343.09207,175.0865,316.45062,349.70917,228.82228,79.68007,396.52063,137.97769,87.26542
3455,28.783,342.98816,175.15909,316.51617,349.70917,228.82228,79.68007,396.54404,138.64191,87.25531
3456,28.792,342.98816,175.15909,316.51617,349.49472,229.02698,79.63503,396.57199,138.53162,87.17114
3457,28.8,342.9819,176.11052,316.54861,349.49472,229.02698,79.63503,396.64627,138.13011,87.30721
3458,28.808,342.97437,176.30913,316.45483,349.66946,228.98668,79.77131,396.61832,138.24039,87.39137
3459,28.817,343.1337,176.51389,316.58475,349.70917,228.82228,79.68007,396.54404,138.64191,87.25531
3460,28.825,342.77545,176.53502,316.52994,349.53439,228.86258,79.54377,396.5206,138.8916,87.31112
3461,28.833,342.66357,176.73743,316.54337,349.49472,229.02698,79.63503,396.50769,139.11378,87.30485
3462,28.842,342.56476,176.10585,316.67795,349.49472,229.02698,79.63503,396.50769,139.11378,87.30485
3463,28.85,342.30899,176.23647,316.62088,349.49472,229.02698,79.63503,396.53113,138.86409,87.24904
3464,28.858,342.63931,176.75562,316.55386,349.53439,228.86258,79.54377,396.81158,138.42421,87.54173
3465,28.867,342.51971,176.6656,316.47287,349.50009,229.10654,79.57476,396.53113,138.86409,87.24904
3466,28.875,342.50421,176.53267,316.41345,349.49472,229.02698,79.63503,396.50769,139.11378,87.30485
3467,28.883,342.51971,176.6656,316.47287,349.53439,228.86258,79.54377,396.50769,139.11378,87.30485
3468,28.892,342.29349,176.10353,316.56146,349.49472,229.02698,79.63503,396.50769,139.11378,87.30485
3469,28.9,342.58362,175.68506,316.63855,349.49472,229.02698,79.63503,396.73727,138.82571,87.40569
3470,28.908,342.6998,175.40724,316.63739,349.49472,229.02698,79.63503,396.73727,138.82571,87.40569
3471,28.917,342.98816,175.15909,316.51617,349.50009,229.10654,79.57476,396.6116,138.67322,87.36389
3472,28.925,342.98816,175.15909,316.51617,349.53439,228.86258,79.54377,396.63956,138.56293,87.27972
3473,28.933,342.98816,175.15909,316.51617,349.66946,228.98668,79.77131,396.62451,138.45105,87.37015
3474,28.942,342.98816,175.15909,316.51617,349.66946,228.98668,79.77131,396.41837,138.48943,87.21352
3475,28.95,343.09207,175.0865,316.45062,349.66946,228.98668,79.77131,396.44632,138.37915,87.12936
3476,28.958,342.98816,175.15909,316.51617,349.70917,228.82228,79.68007,396.44632,138.37915,87.12936
3477,28.967,342.98816,175.15909,316.51617,349.66946,228.98668,79.77131,396.44632,138.37915,87.12936
3478,28.975,342.98816,175.15909,316.51617,349.66946,228.98668,79.77131,396.57199,138.53162,87.17114
3479,28.983,342.98816,175.15909,316.51617,349.66946,228.98668,79.77131,396.65247,138.34077,87.28598
3480,28.992,342.6998,175.40724,316.63739,349.53439,228.86258,79.54377,396.62451,138.45105,87.37015
3481,29,342.63068,175.61908,316.60678,349.49472,229.02698,79.63503,396.6116,138.67322,87.36389
3482,29.008,342.58832,176.01335,316.60526,349.49472,229.02698,79.63503,396.71387,139.07542,87.46151
3483,29.017,342.68433,176.19585,316.75891,349.49472,229.02698,79.63503,396.73727,138.82571,87.40569
3484,29.025,342.56476,176.10585,316.67795,349.49472,229.02698,79.63503,396.6116,138.67322,87.36389
3485,29.033,342.78143,176.82867,316.62515,349.49472,229.02698,79.63503,396.73727,138.82571,87.40569
3486,29.042,342.63931,176.75562,316.55386,349.53439,228.86258,79.54377,396.73727,138.82571,87.40569
3487,29.05,342.51971,176.6656,316.47287,349.42566,229.01022,79.43224,396.73727,138.82571,87.40569
3488,29.058,342.51971,176.6656,316.47287,349.39136,229.25417,79.46323,396.71387,139.07542,87.46151
3489,29.067,342.63931,176.75562,316.55386,349.49472,229.02698,79.63503,396.71387,139.07542,87.46151
3490,29.075,342.51971,176.6656,316.47287,349.38596,229.17462,79.52351,396.73727,138.82571,87.40569
3491,29.083,342.30899,176.23647,316.62088,349.49472,229.02698,79.63503,396.73727,138.82571,87.40569
3492,29.092,342.75995,176.4021,316.47049,349.50009,229.10654,79.57476,396.73727,138.82571,87.40569
3493,29.1,342.53851,176.24493,316.43344,349.38596,229.17462,79.52351,396.73727,138.82571,87.40569
3494,29.108,342.76746,176.20351,316.5643,349.49472,229.02698,79.63503,396.71387,139.07542,87.46151
3495,29.117,343.00873,176.02133,316.47482,349.49472,229.02698,79.63503,396.73727,138.82571,87.40569
3496,29.125,343.08264,175.86617,316.36926,349.49472,229.02698,79.63503,396.73727,138.82571,87.40569
3497,29.133,342.98816,175.15909,316.51617,349.49472,229.02698,79.63503,396.53113,138.86409,87.24904
3498,29.142,342.7981,175.59206,316.62289,349.49472,229.02698,79.63503,396.6116,138.67322,87.36389
3499,29.15,342.91428,175.31424,316.6217,349.49472,229.02698,79.63503,396.62451,138.45105,87.37015
3500,29.158,342.7981,175.59206,316.62289,349.49472,229.02698,79.63503,396.73727,138.82571,87.40569
3501,29.167,342.51169,176.33412,316.50723,349.53439,228.86258,79.54377,396.73727,138.82571,87.40569
3502,29.175,342.76547,176.55765,316.45999,349.49472,229.02698,79.63503,396.73727,138.82571,87.40569
3503,29.183,342.51971,176.6656,316.47287,349.49472,229.02698,79.63503,396.73727,138.82571,87.40569
3504,29.192,342.63931,176.75562,316.55386,349.49472,229.02698,79.63503,396.71387,139.07542,87.46151
3505,29.2,342.78143,176.82867,316.62515,349.49472,229.02698,79.63503,396.60138,138.98688,87.31441
3506,29.208,342.78143,176.82867,316.62515,349.49472,229.02698,79.63503,396.53113,138.86409,87.24904
3507,29.217,342.70581,176.99188,316.11392,349.50009,229.10654,79.57476,396.60138,138.98688,87.31441
3508,29.225,342.77689,177.06679,316.02316,349.50009,229.10654,79.57476,396.71387,139.07542,87.46151
3509,29.233,342.63474,176.9937,315.95187,349.39136,229.25417,79.46323,396.78415,139.19824,87.52689
3510,29.242,342.77689,177.06679,316.02316,349.39136,229.25417,79.46323,396.71387,139.07542,87.46151
3511,29.25,342.70581,176.99188,316.11392,349.50009,229.10654,79.57476,396.71387,139.07542,87.46151
3512,29.258,342.70581,176.99188,316.11392,349.49472,229.02698,79.63503,396.53113,138.86409,87.24904
3513,29.267,342.51971,176.6656,316.47287,349.50009,229.10654,79.57476,396.53113,138.86409,87.24904
3514,29.275,342.51971,176.6656,316.47287,349.49472,229.02698,79.63503,396.53113,138.86409,87.24904
3515,29.283,342.50421,176.53267,316.41345,349.50009,229.10654,79.57476,396.53113,138.86409,87.24904
3516,29.292,342.29349,176.10353,316.56146,349.49472,229.02698,79.63503,396.50769,139.11378,87.30485
3517,29.3,342.58362,175.68506,316.63855,349.53439,228.86258,79.54377,396.50769,139.11378,87.30485
3518,29.308,342.98816,175.15909,316.51617,349.49472,229.02698,79.63503,396.53113,138.86409,87.24904
3519,29.317,342.98816,175.15909,316.51617,349.53439,228.86258,79.54377,396.44632,138.37915,87.12936
3520,29.325,342.98816,175.15909,316.51617,349.53439,228.86258,79.54377,396.41837,138.48943,87.21352
3521,29.333,342.98816,175.15909,316.51617,349.53439,228.86258,79.54377,396.44632,138.37915,87.12936
3522,29.342,342.98816,175.15909,316.51617,349.70917,228.82228,79.68007,396.64627,138.13011,87.30721
3523,29.35,343.09207,175.0865,316.45062,349.70917,228.82228,79.68007,396.64627,138.13011,87.30721
3524,29.358,343.09207,175.0865,316.45062,349.53439,228.86258,79.54377,396.44632,138.37915,87.12936
3525,29.367,342.98816,175.15909,316.51617,349.70917,228.82228,79.68007,396.44632,138.37915,87.12936
3526,29.375,342.7981,175.59206,316.62289,349.70917,228.82228,79.68007,396.43341,138.60132,87.12309
3527,29.383,342.79053,175.79074,316.52908,349.49472,229.02698,79.63503,396.53113,138.86409,87.24904
3528,29.392,342.77545,176.53502,316.52994,349.49472,229.02698,79.63503,396.53113,138.86409,87.24904
3529,29.4,342.91931,176.60686,316.6004,349.49472,229.02698,79.63503,396.73727,138.82571,87.40569
3530,29.408,343.03714,176.69809,316.68216,349.53439,228.86258,79.54377,396.73727,138.82571,87.40569
3531,29.417,342.78143,176.82867,316.62515,349.49472,229.02698,79.63503,396.53113,138.86409,87.24904
3532,29.425,343.03714,176.69809,316.68216,349.49472,229.02698,79.63503,396.73727,138.82571,87.40569
3533,29.433,343.03714,176.69809,316.68216,349.49472,229.02698,79.63503,396.71387,139.07542,87.46151
3534,29.442,342.78143,176.82867,316.62515,349.49472,229.02698,79.63503,396.50769,139.11378,87.30485
3535,29.45,342.78143,176.82867,316.62515,349.53439,228.86258,79.54377,396.50769,139.11378,87.30485
3536,29.458,342.91931,176.60686,316.6004,349.53439,228.86258,79.54377,396.53113,138.86409,87.24904
3537,29.467,342.79901,176.44254,316.45721,349.49472,229.02698,79.63503,396.53113,138.86409,87.24904
3538,29.475,343.12079,176.30994,316.46201,349.49472,229.02698,79.63503,396.53113,138.86409,87.24904
3539,29.483,342.91428,175.31424,316.6217,349.49472,229.02698,79.63503,396.75018,138.60355,87.41194
3540,29.492,342.98816,175.15909,316.51617,349.49472,229.02698,79.63503,396.77814,138.49326,87.32778
3541,29.5,342.98816,175.15909,316.51617,349.66946,228.98668,79.77131,396.62451,138.45105,87.37015
3542,29.508,343.09207,175.0865,316.45062,349.70917,228.82228,79.68007,396.77814,138.49326,87.32778
3543,29.517,343.09207,175.0865,316.45062,349.70917,228.82228,79.68007,396.77814,138.49326,87.32778
3544,29.525,342.94901,174.95322,316.26898,349.56067,229.13434,79.65977,396.65247,138.34077,87.28598
3545,29.533,342.94901,174.95322,316.26898,349.66946,228.98668,79.77131,396.79013,138.30655,87.22382
3546,29.542,343.09207,175.0865,316.45062,349.70917,228.82228,79.68007,396.72675,137.93935,87.42203
3547,29.55,343.09207,175.0865,316.45062,349.70917,228.82228,79.68007,396.72675,137.93935,87.42203
3548,29.558,342.98816,175.15909,316.51617,349.53439,228.86258,79.54377,396.77814,138.49326,87.32778
3549,29.567,342.98816,175.15909,316.51617,349.53439,228.86258,79.54377,396.77814,138.49326,87.32778
3550,29.575,342.97437,176.30913,316.45483,349.53439,228.86258,79.54377,396.57199,138.53162,87.17114
3551,29.583,343.09393,176.39912,316.5358,349.42566,229.01022,79.43224,396.75018,138.60355,87.41194
3552,29.592,342.91931,176.60686,316.6004,349.42566,229.01022,79.43224,396.5882,138.9229,87.41971
3553,29.6,342.78143,176.82867,316.62515,349.38596,229.17462,79.52351,396.71387,139.07542,87.46151
3554,29.608,342.78143,176.82867,316.62515,349.53439,228.86258,79.54377,396.73727,138.82571,87.40569
3555,29.617,342.78143,176.82867,316.62515,349.53439,228.86258,79.54377,396.73727,138.82571,87.40569
3556,29.625,342.82202,177.20197,316.05688,349.49472,229.02698,79.63503,396.80756,138.94852,87.47106
3557,29.633,342.82202,177.20197,316.05688,349.39136,229.25417,79.46323,396.80756,138.94852,87.47106
3558,29.642,342.75095,177.12706,316.14764,349.39136,229.25417,79.46323,396.71387,139.07542,87.46151
3559,29.65,342.82657,176.96384,316.65884,349.39136,229.25417,79.46323,396.71387,139.07542,87.46151
3560,29.658,342.78143,176.82867,316.62515,349.39136,229.25417,79.46323,396.71387,139.07542,87.46151
3561,29.667,342.78143,176.82867,316.62515,349.39136,229.25417,79.46323,396.50769,139.11378,87.30485
3562,29.675,342.78143,176.82867,316.62515,349.38596,229.17462,79.52351,396.73727,138.82571,87.40569
3563,29.683,342.51971,176.6656,316.47287,349.53979,228.94214,79.48351,396.73727,138.82571,87.40569
3564,29.692,342.7868,176.31291,316.3967,349.53439,228.86258,79.54377,396.6116,138.67322,87.36389
3565,29.7,342.79053,175.79074,316.52908,349.49472,229.02698,79.63503,396.73727,138.82571,87.40569
3566,29.708,342.98816,175.15909,316.51617,349.53439,228.86258,79.54377,396.73727,138.82571,87.40569
3567,29.717,342.98816,175.15909,316.51617,349.53439,228.86258,79.54377,396.54404,138.64191,87.25531
3568,29.725,342.37479,175.2495,316.29312,349.49472,229.02698,79.63503,396.57199,138.53162,87.17114
3569,29.733,342.62061,175.14149,316.28024,349.53439,228.86258,79.54377,396.57199,138.53162,87.17114
3570,29.742,342.84509,175.02582,316.33453,349.53439,228.86258,79.54377,396.57199,138.53162,87.17114
3571,29.75,342.63062,175.11884,316.35022,349.49472,229.02698,79.63503,396.41837,138.48943,87.21352
3572,29.758,342.76367,175.27477,316.46185,349.53439,228.86258,79.54377,396.44632,138.37915,87.12936
3573,29.767,342.40167,175.66055,316.47592,349.53439,228.86258,79.54377,396.41837,138.48943,87.21352
3574,29.775,342.32779,175.8157,316.58145,349.53439,228.86258,79.54377,396.73727,138.82571,87.40569
3575,29.783,342.30899,176.23647,316.62088,349.49472,229.02698,79.63503,396.73727,138.82571,87.40569
3576,29.792,342.30899,176.23647,316.62088,349.53439,228.86258,79.54377,396.50769,139.11378,87.30485
3577,29.8,342.51971,176.6656,316.47287,349.50009,229.10654,79.57476,396.50769,139.11378,87.30485
3578,29.808,342.51971,176.6656,316.47287,349.49472,229.02698,79.63503,396.53113,138.86409,87.24904
3579,29.817,342.63931,176.75562,316.55386,349.53439,228.86258,79.54377,396.53113,138.86409,87.24904
3580,29.825,342.56366,176.91882,316.04263,349.49472,229.02698,79.63503,396.50769,139.11378,87.30485
3581,29.833,342.56366,176.91882,316.04263,349.50009,229.10654,79.57476,396.50769,139.11378,87.30485
3582,29.842,342.78143,176.82867,316.62515,349.50009,229.10654,79.57476,396.50769,139.11378,87.30485
3583,29.85,342.78143,176.82867,316.62515,349.49472,229.02698,79.63503,396.71387,139.07542,87.46151
3584,29.858,342.78143,176.82867,316.62515,349.50009,229.10654,79.57476,396.53113,138.86409,87.24904
3585,29.867,342.78143,176.82867,316.62515,349.49472,229.02698,79.63503,396.53113,138.86409,87.24904
3586,29.875,342.63931,176.75562,316.55386,349.49472,229.02698,79.63503,396.53113,138.86409,87.24904
3587,29.883,342.91931,176.60686,316.6004,349.53439,228.86258,79.54377,396.50769,139.11378,87.30485
3588,29.892,342.50421,176.53267,316.41345,349.49472,229.02698,79.63503,396.50769,139.11378,87.30485
3589,29.9,342.58362,175.68506,316.63855,349.49472,229.02698,79.63503,396.53113,138.86409,87.24904
3590,29.908,342.91428,175.31424,316.6217,349.49472,229.02698,79.63503,396.44632,138.37915,87.12936
3591,29.917,342.98816,175.15909,316.51617,349.49472,229.02698,79.63503,396.54404,138.64191,87.25531
3592,29.925,342.98816,175.15909,316.51617,349.66946,228.98668,79.77131,396.44632,138.37915,87.12936
3593,29.933,342.98816,175.15909,316.51617,349.66946,228.98668,79.77131,396.57199,138.53162,87.17114
3594,29.942,342.77368,175.25211,316.53183,349.70917,228.82228,79.68007,396.44632,138.37915,87.12936
3595,29.95,342.77368,175.25211,316.53183,349.70917,228.82228,79.68007,396.44632,138.37915,87.12936
3596,29.958,342.51785,175.38278,316.47473,349.53439,228.86258,79.54377,396.65247,138.34077,87.28598
3597,29.967,342.18475,175.68246,316.39987,349.53439,228.86258,79.54377,396.54404,138.64191,87.25531
3598,29.975,342.32031,176.01434,316.48767,349.53439,228.86258,79.54377,396.40546,138.71161,87.20725
3599,29.983,342.29349,176.10353,316.56146,349.53439,228.86258,79.54377,396.40546,138.71161,87.20725
3600,29.992,342.30899,176.23647,316.62088,349.49472,229.02698,79.63503,396.73727,138.82571,87.40569
